0
0.09122181818181817
-0.07211454545454546
-0.038625454545454546
0.0940981818181818
-0.09861818181818181
0.07930545454545455
0.03307818181818182
-0.10827454545454546
0.0727309090909091
0.09512545454545453
-0.12203999999999998
-0.029585454545454543
0.0741690909090909
-0.1088909090909091
0.08136
0.08690727272727272
-0.00945090909090909
0.09368727272727272
0.08115454545454545
0.03903636363636363
0.09224909090909092
-0.0006163636363636364
-0.06204727272727273
0.15183090909090907
-0.013970909090909091
-0.03698181818181818
0.1682672727272727
0.039241818181818176
0.019312727272727273
0.16580181818181816
0.0678
0.05198
0.1645690909090909
0.039241818181818176
0.10046727272727272
0.011505454545454544
-0.11526
0.06821090909090909
-0.04602181818181818
-0.14176363636363634
0.025065454545454544
0.01849090909090909
-0.051569090909090905
0.07930545454545455
0.08012727272727273
-0.0008218181818181817
0.07622363636363635
0.07314181818181818
0.011094545454545454
0.07827818181818182
0.10149454545454545
0.039241818181818176
0.08320909090909091
-0.02403818181818182
-0.03944727272727273
0.12429999999999998
0.11197272727272727
0.04746
0.07129272727272727
0.05115818181818182
-0.05033636363636364
0.02444909090909091
-0.02362727272727273
0.010272727272727272
0.07293636363636363
-0.06225272727272727
0.07458
0.05814363636363636
-0.06923818181818181
0.05485636363636363
0.02075090909090909
-0.08608545454545455
0.06122545454545455
0.028763636363636363
-0.06389636363636363
0.0565
-0.014792727272727272
-0.05855454545454545
0.027736363636363635
-0.07375818181818182
-0.05444545454545455
0.19867454545454544
0.03328363636363636
-0.05793818181818181
0.2662690909090909
0.1012890909090909
-0.02239454545454545
0.26442
0.09841272727272728
-0.06266363636363637
0.13929818181818182
-0.06081454545454545
-0.08033272727272728
0.054034545454545446
-0.18449818181818184
0.02486
0.14484545454545456
-0.06533454545454545
0.12265636363636362
0.16066545454545456
0.008218181818181819
0.15717272727272727
0.07519636363636363
-0.06923818181818181
0.08937272727272727
0.013765454545454546
-0.058349090909090906
0.0918381818181818
0.02650363636363636
-0.0069854545454545456
0.18182727272727273
0.0538290909090909
0.04068
0.13909272727272726
-0.04684363636363636
0.12861454545454545
0.07047090909090908
-0.20627636363636362
0.03225636363636363
0.07088181818181817
-0.16744545454545454
-0.005341818181818182
0.08814
-0.07047090909090908
0.11526
0.09492
0.004930909090909091
0.21737090909090906
0.06204727272727273
-0.033694545454545456
0.21716545454545452
0.02116181818181818
-0.06595090909090909
0.17628
-0.10067272727272727
-0.1224509090909091
0.052390909090909085
-0.13827090909090908
-0.06430727272727273
0.04376181818181818
-0.04047454545454546
0.04602181818181818
0.09615272727272728
0.031845454545454545
0.16210363636363637
0.1103290909090909
-0.13190181818181818
0.015819999999999997
0.10231636363636364
-0.1551181818181818
-0.014998181818181817
0.11977999999999998
-0.09327636363636364
0.02403818181818182
0.09019454545454544
0.08218181818181818
0.20031818181818178
0.028969090909090906
0.010067272727272725
0.16025454545454546
0.009656363636363637
0.003287272727272727
0.08793454545454545
-0.03965272727272728
0.010067272727272725
0.1600490909090909
0.024243636363636363
-0.03739272727272727
0.18223818181818183
0.01725818181818182
-0.04910363636363636
0.15922727272727272
-0.024243636363636363
-0.019107272727272726
0.12429999999999998
-0.05937636363636363
-0.025887272727272724
0.08567454545454545
-0.11752
0.07252545454545453
0.026298181818181814
-0.15265272727272727
0.19066181818181818
0.06389636363636363
0.02198363636363636
0.16662363636363633
0.08629090909090908
0.006163636363636363
0.058349090909090906
0.10519272727272726
-0.06615636363636364
-0.03657090909090909
-0.10046727272727272
-0.04211818181818182
0.0967690909090909
-0.005958181818181818
0.06410181818181818
0.21182363636363635
0.04972
0.031023636363636364
0.18799090909090907
-0.06307454545454545
-0.003698181818181818
0.06553999999999999
-0.10991818181818182
-0.12019090909090908
-0.08711272727272727
-0.032872727272727276
0.05095272727272727
0.00020545454545454542
-0.0402690909090909
0.14813272727272728
0.09307090909090908
0.08423636363636364
0.06697818181818181
0.007190909090909091
0.035954545454545454
0.08875636363636363
0.08978363636363636
0.007601818181818181
0.10190545454545454
0.02116181818181818
0.08279818181818181
0.09594727272727273
-0.11546545454545454
-0.008834545454545454
0.1370381818181818
-0.010889090909090909
-0.0069854545454545456
0.10334363636363636
-0.03246181818181818
0.14443454545454545
0.14936545454545455
-0.029996363636363634
0.01766909090909091
0.0063690909090909084
0.060609090909090904
0.06677272727272728
-0.010889090909090909
-0.07478545454545454
0.08875636363636363
0.12758727272727272
-0.0024654545454545454
0.07375818181818182
-0.015819999999999997
-0.003287272727272727
0.09224909090909092
-0.06204727272727273
-0.08505818181818181
-0.014176363636363636
0.05136363636363636
0.015614545454545454
-0.01623090909090909
0.08505818181818181
0.08772909090909091
0.14607818181818183
0.1148490909090909
0.02609272727272727
0.02650363636363636
0.04129636363636364
0.10026181818181817
0.0034927272727272728
-0.05526727272727273
-0.032667272727272725
-0.021778181818181818
-0.020545454545454544
0.013560000000000001
0.02075090909090909
-0.10396
0.03328363636363636
0.1193690909090909
-0.023216363636363632
0.028969090909090906
0.12861454545454545
0.11320545454545454
0.07293636363636363
0.03205090909090909
0.031845454545454545
0.0967690909090909
-0.04129636363636364
-0.06800545454545455
0.08629090909090908
-0.08916727272727272
-0.06143090909090909
0.18675818181818182
0.0447890909090909
0.008012727272727272
0.1645690909090909
0.04663818181818182
0.03718727272727273
0.11320545454545454
-0.04437818181818182
0.0041090909090909095
0.10806909090909089
-0.05773272727272727
0.04211818181818182
0.07149818181818181
-0.08197636363636364
0.16518545454545455
0.059170909090909087
-0.1637472727272727
0.09450909090909092
0.07026545454545453
-0.0764290909090909
0.13683272727272727
0.08341454545454545
-0.033694545454545456
0.17196545454545456
-0.00041090909090909085
-0.008423636363636364
0.07766181818181818
-0.13642181818181817
0.03307818181818182
0.10087818181818181
-0.11505454545454545
0.04211818181818182
0.19518181818181818
0.0041090909090909095
0.10498727272727272
0.18449818181818184
-0.07622363636363635
0.05362363636363636
0.12429999999999998
-0.16251454545454544
0.012532727272727272
-0.005752727272727272
-0.14936545454545455
0.1337509090909091
0.06841636363636364
0.017463636363636362
0.19045636363636362
0.12409454545454546
0.09574181818181818
0.18593636363636362
0.017463636363636362
-0.04828181818181818
0.0010272727272727274
-0.10046727272727272
-0.05136363636363636
0.001849090909090909
-0.07786727272727272
-0.040063636363636364
0.07108727272727272
-0.02568181818181818
0.06615636363636364
0.09348181818181817
-0.025887272727272724
0.1337509090909091
0.09841272727272728
-0.05115818181818182
0.053212727272727266
0.1337509090909091
-0.04540545454545454
0.09533090909090909
0.06800545454545455
-0.10539818181818181
0.12327272727272726
0.045610909090909084
0.03472181818181818
0.08814
-0.007396363636363636
0.012943636363636362
0.19497636363636361
0.02157272727272727
-0.09882363636363636
0.13909272727272726
-0.02486
-0.04787090909090909
0.027736363636363635
-0.019518181818181816
-0.034927272727272723
0.12799818181818182
0.03410545454545454
0.02938
0.1610763636363636
-0.1012890909090909
0.1257381818181818
0.0741690909090909
-0.14772181818181818
0.07334727272727272
0.07930545454545455
-0.1224509090909091
0.05198
0.09450909090909092
-0.15224181818181817
0.15819999999999998
0.0918381818181818
-0.03616
0.13107999999999997
0.013354545454545456
0.02218909090909091
0.1577890909090909
-0.0447890909090909
-0.07478545454545454
0.24510727272727273
-0.033694545454545456
-0.0034927272727272728
0.18552545454545455
-0.015409090909090907
0.010889090909090909
0.12902545454545453
0.02670909090909091
-0.03965272727272728
0.08588
-0.09430363636363637
0.10848000000000001
0.12265636363636362
-0.10293272727272727
0.11957454545454545
0.02116181818181818
-0.09286545454545453
0.10786363636363637
0.0069854545454545456
-0.16025454545454546
0.16518545454545455
0.07704545454545454
-0.031229090909090908
0.16498
0.07047090909090908
0.062458181818181815
0.11464363636363636
0.04972
0.012943636363636362
0.07827818181818182
-0.05485636363636363
0.028763636363636363
0.0741690909090909
-0.06307454545454545
0.10704181818181817
0.07540181818181818
-0.0024654545454545454
0.10519272727272726
0.1193690909090909
-0.006574545454545454
0.06903272727272727
0.06204727272727273
-0.061841818181818185
0.00226
-0.08300363636363636
-0.0764290909090909
0.03205090909090909
-0.05177454545454545
-0.054240000000000003
0.0628690909090909
-0.014176363636363636
0.032667272727272725
0.10211090909090909
-0.013560000000000001
0.06122545454545455
0.08711272727272727
0.00452
0.04663818181818182
0.09841272727272728
-0.028147272727272726
-0.005958181818181818
0.07088181818181817
0.0030818181818181817
0.09122181818181817
0.06348545454545454
0.04437818181818182
0.12224545454545453
0.019107272727272726
0.025476363636363634
0.08711272727272727
0.01623090909090909
0.02342181818181818
0.010272727272727272
0.028558181818181816
-0.01705272727272727
0.04972
0.06266363636363637
-0.09985090909090909
0.09224909090909092
-0.0039036363636363635
-0.024654545454545453
0.14566727272727273
-0.015614545454545454
-0.02116181818181818
0.06677272727272728
-0.05485636363636363
-0.012327272727272727
0.15121454545454543
-0.04109090909090909
0.1366272727272727
0.2183981818181818
-0.029996363636363634
0.13457272727272726
0.23832727272727272
0.02486
0.021367272727272728
0.20360545454545456
-0.10231636363636364
-0.05814363636363636
0.08896181818181817
-0.13354545454545455
-0.05198
-0.03657090909090909
-0.056705454545454545
0.10272727272727272
0.057527272727272726
-0.022805454545454542
0.2142890909090909
0.05547272727272727
0.015203636363636362
0.15203636363636364
-0.027530909090909092
-0.057527272727272726
0.038419999999999996
0.02218909090909091
-0.08320909090909091
0.06636181818181817
-0.10786363636363637
0.04047454545454546
0.10211090909090909
-0.13272363636363635
0.18162181818181816
0.09368727272727272
-0.06615636363636364
0.06944363636363636
0.05691090909090909
-0.13765454545454545
0.10272727272727272
0.01725818181818182
-0.09122181818181817
0.1370381818181818
-0.02013454545454545
0.07704545454545454
0.1510090909090909
0.1306690909090909
0.03020181818181818
0.14895454545454545
0.07047090909090908
0.010889090909090909
0.15676181818181817
-0.05115818181818182
-0.002670909090909091
-0.00904
-0.11238363636363637
-0.08403090909090909
0.054240000000000003
-0.06163636363636363
0.05732181818181818
0.16395272727272728
0.038625454545454546
0.17854
0.08259272727272728
0.06204727272727273
0.08382545454545455
0.021778181818181818
-0.11382181818181818
0.08937272727272727
-0.02609272727272727
-0.10334363636363636
0.14895454545454545
-0.053212727272727266
0.041707272727272725
0.08115454545454545
0.15922727272727272
0.028558181818181816
0.10806909090909089
0.1415581818181818
-0.019312727272727273
0.0967690909090909
-0.12429999999999998
0.08218181818181818
0.08978363636363636
-0.055678181818181814
0.07149818181818181
0.15265272727272727
-0.0918381818181818
-0.06595090909090909
0.1727872727272727
-0.11217818181818182
-0.01766909090909091
0.06656727272727272
-0.04540545454545454
-0.054034545454545446
0.051569090909090905
-0.0470490909090909
0.011505454545454544
0.011505454545454544
-0.08341454545454545
0.17114363636363633
-0.028558181818181816
-0.02527090909090909
0.16908909090909088
0.1325181818181818
-0.036776363636363635
0.10046727272727272
0.08937272727272727
-0.0741690909090909
0.22641090909090908
-0.033489090909090906
-0.1469
0.13025818181818183
-0.035954545454545454
-0.05218545454545454
0.17196545454545456
-0.03636545454545455
0.048487272727272726
0.2712
-0.03636545454545455
0.038625454545454546
0.15450181818181818
-0.03739272727272727
-0.01623090909090909
0.057527272727272726
-0.16908909090909088
-0.03472181818181818
0.06615636363636364
-0.08916727272727272
0.14176363636363634
-0.012738181818181817
-0.02075090909090909
0.22230181818181818
0.042529090909090905
0.013765454545454546
0.17155454545454543
0.05608909090909091
0.07745636363636363
0.13334
0.0041090909090909095
0.05362363636363636
0.07848363636363635
0.007807272727272727
-0.01808
0.07889454545454545
-0.1017
0.06841636363636364
0.16703454545454544
-0.13107999999999997
0.13272363636363635
0.03985818181818182
-0.035954545454545454
0.1510090909090909
0.014998181818181817
-0.06882727272727272
-0.0039036363636363635
-0.027530909090909092
-0.010478181818181819
0.07006
-0.037598181818181815
0.10642545454545453
0.08300363636363636
-0.007190909090909091
0.06512909090909091
0.011094545454545454
0.043556363636363636
0.02486
-0.04437818181818182
-0.11464363636363636
0.07909999999999999
0.11834181818181817
-0.03554363636363636
0.07766181818181818
0.03307818181818182
0.021367272727272728
0.1721709090909091
0.08362
0.032667272727272725
0.06143090909090909
-0.05300727272727272
-0.04458363636363636
0.03739272727272727
0.04150181818181818
-0.06923818181818181
0.010272727272727272
0.1193690909090909
-0.07663454545454546
0.04417272727272727
0.08033272727272728
0.014998181818181817
0.1645690909090909
0.0
0.013354545454545456
0.13313454545454545
0.03328363636363636
0.06266363636363637
0.054034545454545446
-0.09574181818181818
-0.07334727272727272
0.05013090909090909
-0.04930909090909091
-0.007807272727272727
0.13313454545454545
0.002876363636363636
0.039241818181818176
0.19148363636363636
0.02034
0.04828181818181818
0.1668290909090909
-0.03718727272727273
0.07478545454545454
0.01623090909090909
-0.08320909090909091
0.12635454545454544
0.0008218181818181817
-0.04972
0.050747272727272724
0.028763636363636363
-0.07663454545454546
0.14566727272727273
0.0538290909090909
-0.11649272727272726
0.1356
0.010067272727272725
0.07786727272727272
0.09389272727272728
-0.004725454545454545
0.05547272727272727
0.09553636363636364
-0.02979090909090909
-0.049925454545454544
0.07026545454545453
-0.05608909090909091
0.09964545454545454
0.031639999999999995
-0.016847272727272728
0.17689636363636363
0.13909272727272726
-0.0069854545454545456
0.04068
0.10026181818181817
-0.0967690909090909
0.08279818181818181
0.03205090909090909
-0.06163636363636363
0.11012363636363637
0.02198363636363636
0.09533090909090909
0.15717272727272727
0.001849090909090909
0.13642181818181817
0.21100181818181818
-0.05958181818181818
0.014587272727272727
-0.013560000000000001
-0.1337509090909091
-0.03718727272727273
-0.05300727272727272
-0.08156545454545455
-0.028352727272727273
0.053212727272727266
-0.02568181818181818
0.06451272727272726
0.12347818181818182
-0.009656363636363637
0.11793090909090909
0.09389272727272728
-0.049925454545454544
0.1411472727272727
0.0805381818181818
-0.005341818181818182
0.06595090909090909
-0.06923818181818181
-0.03205090909090909
0.04746
0.007807272727272727
-0.05876
0.11464363636363636
0.005958181818181818
-0.07334727272727272
0.19764727272727273
-0.001849090909090909
-0.005341818181818182
0.12265636363636362
-0.04787090909090909
-0.03225636363636363
0.13724363636363635
-0.02301090909090909
-0.02444909090909091
0.12286181818181818
0.006574545454545454
0.06307454545454545
0.11546545454545454
0.030407272727272724
0.08300363636363636
0.13765454545454545
-0.12779272727272725
0.025887272727272724
0.05855454545454545
-0.11875272727272726
0.1103290909090909
-0.009656363636363637
-0.008012727272727272
0.09800181818181818
0.08485272727272727
0.05177454545454545
0.12655999999999998
0.10642545454545453
-0.00904
0.13621636363636364
0.032667272727272725
-0.0010272727272727274
0.14731090909090908
0.02362727272727273
0.010272727272727272
0.14422909090909092
-0.11957454545454545
0.0452
0.1836763636363636
-0.1321072727272727
0.0940981818181818
0.06738909090909091
-0.08485272727272727
0.07006
0.11731454545454545
-0.01992909090909091
0.02527090909090909
0.04150181818181818
-0.09574181818181818
0.059170909090909087
-0.08382545454545455
-0.09861818181818181
0.10252181818181817
-0.02527090909090909
-0.010478181818181819
0.13539454545454546
0.03451636363636364
0.02239454545454545
0.18860727272727273
-0.031229090909090908
-0.005958181818181818
0.13642181818181817
-0.08156545454545455
0.035749090909090904
0.12553272727272727
-0.033694545454545456
0.02362727272727273
0.08670181818181817
-0.023216363636363632
0.16025454545454546
0.13868181818181818
-0.04746
0.19826363636363634
0.029585454545454543
-0.11074
0.11012363636363637
-0.07622363636363635
-0.13806545454545455
0.08916727272727272
-0.09574181818181818
-0.12039636363636362
0.07930545454545455
0.019312727272727273
0.05691090909090909
0.05691090909090909
-0.007807272727272727
0.08218181818181818
0.15039272727272726
0.019312727272727273
0.09964545454545454
0.17997818181818181
-0.05958181818181818
0.03718727272727273
0.12902545454545453
-0.06636181818181817
0.08012727272727273
0.16703454545454544
-0.012121818181818182
0.16415818181818181
0.10601454545454544
-0.12984727272727273
0.11382181818181818
0.07252545454545453
-0.014176363636363636
0.044994545454545454
-0.08998909090909091
-0.001849090909090909
0.12265636363636362
-0.028558181818181816
-0.07437454545454546
0.10396
0.07683999999999999
-0.03513272727272727
0.07683999999999999
0.020956363636363638
-0.06964909090909091
0.11669818181818181
-0.10252181818181817
-0.06327999999999999
0.11361636363636363
-0.10457636363636363
0.11813636363636362
0.10067272727272727
-0.054240000000000003
0.15902181818181815
0.20463272727272727
0.0452
0.113
0.1261490909090909
-0.10930181818181818
0.06964909090909091
0.01725818181818182
-0.19066181818181818
0.054240000000000003
-0.10786363636363637
-0.12512181818181817
0.23175272727272725
-0.02609272727272727
-0.027530909090909092
0.3157836363636363
0.07519636363636363
-0.05526727272727273
0.13190181818181818
0.04951454545454545
-0.04540545454545454
0.06163636363636363
-0.06451272727272726
-0.08320909090909091
0.09841272727272728
-0.04663818181818182
0.08341454545454545
0.18388181818181817
-0.07889454545454545
0.16929454545454545
0.17997818181818181
-0.09142727272727272
0.11464363636363636
0.0538290909090909
-0.06738909090909091
-0.00226
-0.054034545454545446
-0.03513272727272727
-0.016025454545454544
0.054034545454545446
0.13539454545454546
0.12594363636363634
0.06307454545454545
0.11628727272727273
0.20011272727272728
0.07848363636363635
0.07211454545454546
0.08218181818181818
-0.03944727272727273
-0.005136363636363636
0.02568181818181818
-0.10252181818181817
-0.03883090909090909
-0.01664181818181818
-0.09019454545454544
0.013970909090909091
0.043350909090909086
0.052390909090909085
0.05814363636363636
0.0749909090909091
0.0339
0.05958181818181818
0.05526727272727273
-0.013354545454545456
0.01808
-0.05896545454545454
-0.054034545454545446
0.055883636363636364
0.03246181818181818
-0.051569090909090905
0.07006
0.11402727272727273
0.062458181818181815
0.034927272727272723
0.05300727272727272
0.11176727272727273
0.038419999999999996
-0.013149090909090907
-0.01664181818181818
0.08855090909090908
-0.02527090909090909
0.019723636363636363
0.14135272727272727
-0.03657090909090909
0.053212727272727266
0.05259636363636363
0.0041090909090909095
0.10375454545454545
0.12286181818181818
-0.07108727272727272
-0.006163636363636363
0.09327636363636364
-0.11505454545454545
0.03965272727272728
0.004930909090909091
-0.09820727272727273
0.08320909090909091
0.06944363636363636
-0.002670909090909091
0.16498
0.12758727272727272
0.04211818181818182
0.18573090909090906
0.032667272727272725
0.08752363636363636
0.14073636363636363
-0.028352727272727273
-0.05054181818181818
0.004725454545454545
-0.028147272727272726
-0.027736363636363635
0.1678563636363636
-0.07108727272727272
-0.010272727272727272
0.2142890909090909
-0.04294
0.12306727272727273
0.11587636363636362
-0.12902545454545453
0.10848000000000001
0.020545454545454544
-0.2771581818181818
0.02034
-0.01849090909090909
-0.09265999999999999
0.17936181818181818
-0.011916363636363636
0.02342181818181818
0.2177818181818182
0.12327272727272726
0.04109090909090909
0.10005636363636364
0.02362727272727273
-0.007807272727272727
0.10498727272727272
-0.05547272727272727
-0.029174545454545453
0.08464727272727272
-0.014381818181818181
0.08362
0.07971636363636364
-0.14916
0.08526363636363636
0.12306727272727273
-0.03883090909090909
0.12060181818181817
-0.06163636363636363
-0.05198
0.16148727272727273
0.04437818181818182
-0.005958181818181818
0.06903272727272727
0.001849090909090909
0.013149090909090907
0.10930181818181818
-0.028147272727272726
0.019312727272727273
0.1483381818181818
0.0006163636363636364
0.0470490909090909
0.08793454545454545
-0.09861818181818181
0.06985454545454545
0.12265636363636362
-0.08690727272727272
-0.017874545454545452
0.04068
0.03616
0.09697454545454545
0.05177454545454545
0.001849090909090909
0.1125890909090909
0.11628727272727273
0.04889818181818182
0.08300363636363636
0.033694545454545456
-0.08629090909090908
0.11526
0.03246181818181818
-0.15491272727272726
0.08793454545454545
-0.014381818181818181
-0.05341818181818182
0.08444181818181817
-0.0113
-0.04930909090909091
0.15347454545454545
-0.03657090909090909
-0.03698181818181818
0.15943272727272728
-0.07951090909090908
0.10704181818181817
0.20689272727272728
0.044994545454545454
0.014792727272727272
0.10622
-0.07314181818181818
0.016025454545454544
0.11217818181818182
-0.17299272727272727
0.1411472727272727
0.02198363636363636
-0.10539818181818181
0.21757636363636362
0.08834545454545455
-0.04869272727272727
0.20011272727272728
0.06800545454545455
-0.1341618181818182
0.15902181818181815
-0.011916363636363636
-0.017874545454545452
0.11649272727272726
-0.10252181818181817
-0.04396727272727272
0.1608709090909091
-0.05054181818181818
-0.0010272727272727274
0.25764
-0.10642545454545453
0.07827818181818182
0.17402
-0.09265999999999999
0.08341454545454545
0.10231636363636364
-0.03821454545454545
0.030612727272727274
0.05095272727272727
-0.12655999999999998
0.0727309090909091
0.06430727272727273
-0.02609272727272727
0.15635090909090907
0.06656727272727272
0.002670909090909091
0.20422181818181817
0.06430727272727273
-0.06759454545454545
0.19107272727272728
-0.09081090909090908
-0.05136363636363636
0.12060181818181817
-0.08177090909090909
-0.04294
-0.00041090909090909085
0.0628690909090909
0.10005636363636364
0.10539818181818181
0.005136363636363636
0.19025090909090905
0.07971636363636364
-0.14977636363636362
0.07745636363636363
0.004314545454545455
-0.1555290909090909
-0.042529090909090905
0.00945090909090909
-0.16744545454545454
0.06471818181818181
0.07006
0.029996363636363634
0.1808
-0.01890181818181818
0.09635818181818182
0.14320181818181818
0.0030818181818181817
0.058349090909090906
0.18675818181818182
-0.0470490909090909
-0.024243636363636363
0.15183090909090907
-0.06040363636363636
-0.027530909090909092
0.08218181818181818
0.027941818181818182
-0.01664181818181818
0.09779636363636364
-0.05896545454545454
0.13005272727272726
0.21059090909090908
-0.10272727272727272
0.11197272727272727
0.08485272727272727
-0.04663818181818182
0.06636181818181817
0.08649636363636364
-0.07170363636363636
0.05465090909090909
0.0918381818181818
-0.03225636363636363
0.10046727272727272
0.07930545454545455
0.02938
0.06636181818181817
0.021778181818181818
-0.07581272727272727
0.10046727272727272
-0.07704545454545454
-0.08629090909090908
0.1723763636363636
-0.1224509090909091
-0.05732181818181818
0.1569672727272727
0.08752363636363636
0.05198
0.19559272727272728
0.04930909090909091
0.016847272727272728
0.18799090909090907
-0.040885454545454544
0.033694545454545456
0.09471454545454545
-0.04540545454545454
-0.0041090909090909095
0.05198
-0.11074
0.025887272727272724
0.13991454545454546
-0.1528581818181818
0.04972
0.05896545454545454
-0.10190545454545454
0.10375454545454545
0.1356
-0.05526727272727273
0.00452
0.036776363636363635
-0.02362727272727273
0.13334
-0.0063690909090909084
0.00862909090909091
0.09820727272727273
0.008012727272727272
0.09820727272727273
0.16415818181818181
0.06964909090909091
0.05691090909090909
0.13888727272727272
-0.015409090909090907
-0.00226
0.05608909090909091
0.002876363636363636
0.031639999999999995
-0.042529090909090905
-0.015819999999999997
0.13785999999999998
0.09594727272727273
0.05629454545454545
0.22661636363636362
0.07622363636363635
-0.00452
0.15491272727272726
-0.05732181818181818
-0.07683999999999999
0.03698181818181818
-0.12758727272727272
-0.08608545454545455
-0.0470490909090909
-0.07047090909090908
0.06923818181818181
0.03780363636363636
-0.007601818181818181
0.1296418181818182
0.15080363636363636
-0.030612727272727274
0.06512909090909091
0.14299636363636362
-0.02444909090909091
0.04930909090909091
0.02670909090909091
-0.04787090909090909
0.06410181818181818
0.07437454545454546
0.05444545454545455
0.08649636363636364
-0.029996363636363634
0.008834545454545454
0.13272363636363635
-0.041912727272727275
-0.015819999999999997
0.15922727272727272
-0.03944727272727273
-0.10108363636363636
0.11464363636363636
-0.04417272727272727
-0.032872727272727276
0.15142
-0.09163272727272727
0.007190909090909091
0.11505454545454545
-0.10519272727272726
0.11156181818181818
0.15840545454545454
-0.11546545454545454
0.02609272727272727
0.0990290909090909
-0.05814363636363636
0.049925454545454544
0.16703454545454544
-0.01849090909090909
0.06143090909090909
0.23935454545454546
-0.01623090909090909
0.15367999999999998
0.16210363636363637
-0.07930545454545455
0.15450181818181818
-0.011505454545454544
-0.1454618181818182
0.1296418181818182
-0.008834545454545454
-0.11977999999999998
0.10067272727272727
-0.008218181818181819
0.12142363636363637
0.22867090909090906
-0.001438181818181818
0.12347818181818182
0.14895454545454545
-0.053212727272727266
0.02362727272727273
0.1356
-0.16703454545454544
0.012327272727272727
0.08362
-0.25743454545454547
0.09738545454545454
0.12532727272727273
-0.18326545454545454
0.13025818181818183
0.20011272727272728
-0.18922363636363634
0.13005272727272726
0.09368727272727272
-0.08649636363636364
0.20689272727272728
-0.10046727272727272
-0.04376181818181818
0.11526
-0.009245454545454545
-0.004314545454545455
0.07170363636363636
0.05033636363636364
0.01623090909090909
0.13107999999999997
0.024654545454545453
0.040885454545454544
0.1296418181818182
0.02034
-0.031229090909090908
0.06327999999999999
-0.10683636363636365
-0.004725454545454545
-0.003287272727272727
-0.16025454545454546
0.13765454545454545
-0.0470490909090909
0.010272727272727272
0.1881963636363636
0.10724727272727272
0.09533090909090909
0.12265636363636362
0.06636181818181817
-0.09081090909090908
0.0447890909090909
-0.04109090909090909
-0.10005636363636364
0.04129636363636364
0.029585454545454543
-0.02301090909090909
0.13868181818181818
0.043350909090909086
0.06697818181818181
0.2584618181818182
0.052390909090909085
0.033694545454545456
0.06512909090909091
0.11793090909090909
-0.012532727272727272
-0.00041090909090909085
0.03636545454545455
0.03698181818181818
0.10067272727272727
-0.0749909090909091
0.11793090909090909
0.05341818181818182
-0.05937636363636363
0.0918381818181818
0.0113
-0.02075090909090909
0.10375454545454545
-0.03205090909090909
-0.09861818181818181
0.17504727272727272
-0.05937636363636363
-0.11012363636363637
0.08772909090909091
-0.004314545454545455
0.009245454545454545
0.07766181818181818
0.00945090909090909
0.10519272727272726
0.1957981818181818
-0.035954545454545454
0.07581272727272727
0.059170909090909087
-0.1216290909090909
0.028558181818181816
0.08464727272727272
-0.1076581818181818
0.003698181818181818
0.08896181818181817
-0.029996363636363634
0.14361272727272725
0.02486
0.08115454545454545
0.14710545454545454
-0.03800909090909091
0.002876363636363636
0.06944363636363636
-0.05999272727272727
-0.1321072727272727
0.06512909090909091
-0.1499818181818182
-0.12861454545454545
0.08711272727272727
0.02013454545454545
0.13888727272727272
0.10663090909090908
-0.009245454545454545
0.13929818181818182
0.13621636363636364
0.00452
0.1623090909090909
0.09224909090909092
-0.02013454545454545
0.10724727272727272
0.12019090909090908
-0.026298181818181814
0.029585454545454543
0.10149454545454545
-0.07088181818181817
0.058349090909090906
-0.007396363636363636
-0.021778181818181818
0.20175636363636362
-0.034927272727272723
-0.06636181818181817
0.06143090909090909
0.038419999999999996
0.05732181818181818
0.03472181818181818
0.016847272727272728
-0.04746
0.05876
0.07560727272727272
0.015614545454545454
0.12409454545454546
0.00020545454545454542
0.10334363636363636
0.09635818181818182
-0.10087818181818181
0.1193690909090909
-0.02075090909090909
-0.03800909090909091
0.08012727272727273
-0.15635090909090907
0.033694545454545456
0.13991454545454546
0.05341818181818182
0.10519272727272726
0.05896545454545454
0.037598181818181815
0.056705454545454545
0.13169636363636364
0.028558181818181816
-0.0967690909090909
0.04232363636363636
-0.02301090909090909
-0.10190545454545454
-0.00452
-0.11752
0.02527090909090909
0.17032181818181816
-0.0402690909090909
0.044994545454545454
0.1356
0.0063690909090909084
0.08341454545454545
0.13991454545454546
-0.031023636363636364
0.03965272727272728
0.04746
-0.08772909090909091
0.05259636363636363
0.013970909090909091
-0.09019454545454544
0.0402690909090909
0.09019454545454544
-0.010067272727272725
0.10252181818181817
0.12224545454545453
0.008423636363636364
0.18696363636363633
0.004930909090909091
-0.05999272727272727
0.18511454545454545
-0.05013090909090909
-0.0402690909090909
0.08136
-0.07581272727272727
0.002670909090909091
0.1682672727272727
-0.005341818181818182
-0.09512545454545453
0.0990290909090909
-0.08978363636363636
0.06656727272727272
0.17196545454545456
-0.1296418181818182
0.11156181818181818
0.08115454545454545
-0.0113
0.12758727272727272
0.10663090909090908
0.0030818181818181817
0.030407272727272724
0.02938
-0.11731454545454545
0.06163636363636363
0.05115818181818182
0.07108727272727272
0.17052727272727272
-0.07232
-0.04437818181818182
0.24962727272727273
0.025887272727272724
-0.05485636363636363
0.16949999999999998
-0.053212727272727266
0.05711636363636363
0.08115454545454545
-0.06225272727272727
0.08814
0.12512181818181817
0.005752727272727272
0.07375818181818182
0.11895818181818181
-0.03205090909090909
0.14422909090909092
0.09594727272727273
-0.08238727272727273
-0.06225272727272727
-0.015819999999999997
-0.033489090909090906
0.0006163636363636364
-0.03205090909090909
-0.0764290909090909
0.09348181818181817
-0.04540545454545454
0.06451272727272726
0.15635090909090907
-0.01808
0.08341454545454545
0.18141636363636363
0.01808
-0.020956363636363638
0.12676545454545454
-0.04109090909090909
0.027325454545454545
0.019312727272727273
-0.0990290909090909
0.06718363636363636
0.03780363636363636
-0.07889454545454545
0.058349090909090906
0.08197636363636364
-0.10046727272727272
0.10724727272727272
0.10005636363636364
-0.0067800000000000004
0.056705454545454545
0.014792727272727272
-0.010067272727272725
0.05300727272727272
0.06266363636363637
-0.07334727272727272
0.09553636363636364
0.041912727272727275
-0.04663818181818182
0.08731818181818181
-0.01664181818181818
0.0226
0.11053454545454545
-0.0895781818181818
-0.011505454545454544
0.1637472727272727
-0.14320181818181818
0.09759090909090909
0.21922
-0.14505090909090906
0.059170909090909087
0.12532727272727273
0.023216363636363632
0.10930181818181818
0.11567090909090909
-0.0030818181818181817
0.11772545454545454
0.113
-0.07437454545454546
0.13272363636363635
0.10745272727272726
-0.09450909090909092
0.1296418181818182
0.10396
-0.13950363636363636
0.14505090909090906
0.05732181818181818
-0.03246181818181818
0.11772545454545454
-0.08608545454545455
0.0727309090909091
0.14772181818181818
-0.00020545454545454542
0.004930909090909091
-0.001438181818181818
-0.08136
0.055678181818181814
0.12799818181818182
-0.11854727272727272
-0.02239454545454545
0.14628363636363637
-0.0020545454545454547
0.08793454545454545
0.12265636363636362
-0.09307090909090908
0.18326545454545454
0.06512909090909091
-0.12512181818181817
0.16847272727272727
-0.021778181818181818
-0.028558181818181816
0.10806909090909089
-0.09574181818181818
-0.06923818181818181
0.09019454545454544
0.034927272727272723
0.038625454545454546
0.13334
0.030407272727272724
0.055678181818181814
0.1577890909090909
-0.08567454545454545
-0.05793818181818181
0.0741690909090909
-0.1678563636363636
-0.02486
0.009245454545454545
-0.19189454545454546
0.0452
0.06163636363636363
-0.010478181818181819
0.05958181818181818
0.07026545454545453
0.09964545454545454
0.0678
0.08649636363636364
0.001849090909090909
0.05259636363636363
0.13539454545454546
-0.06718363636363636
0.0741690909090909
0.10519272727272726
-0.02239454545454545
0.21963090909090907
0.06143090909090909
0.01766909090909091
0.13395636363636362
-0.0741690909090909
0.031023636363636364
0.01171090909090909
-0.014792727272727272
0.06636181818181817
-0.012738181818181817
0.02609272727272727
0.013765454545454546
0.08793454545454545
0.03205090909090909
-0.01705272727272727
0.12429999999999998
-0.05937636363636363
0.05033636363636364
0.19826363636363634
-0.08567454545454545
0.042529090909090905
0.10293272727272727
-0.1216290909090909
0.033694545454545456
0.0741690909090909
-0.06204727272727273
0.12183454545454545
0.08505818181818181
-0.01849090909090909
0.21449454545454544
0.0904
0.04437818181818182
0.15388545454545455
0.001438181818181818
-0.012121818181818182
-0.00226
-0.09450909090909092
-0.18203272727272726
0.042529090909090905
-0.02075090909090909
-0.12758727272727272
0.15819999999999998
0.042734545454545456
0.09594727272727273
0.17936181818181818
0.016025454545454544
0.09348181818181817
0.12347818181818182
-0.1840872727272727
-0.030612727272727274
0.11731454545454545
-0.21613818181818178
0.07067636363636363
0.03965272727272728
-0.10005636363636364
0.10437090909090908
0.07786727272727272
0.09492
0.12286181818181818
0.07026545454545453
-0.06266363636363637
0.055678181818181814
-0.014176363636363636
-0.05526727272727273
0.06122545454545455
-0.04150181818181818
-0.021367272727272728
0.06882727272727272
0.07334727272727272
0.10806909090909089
0.10601454545454544
0.10293272727272727
0.21901454545454546
0.019107272727272726
0.08382545454545455
0.1551181818181818
0.035749090909090904
-0.04663818181818182
-0.0741690909090909
0.0113
-0.2153163636363636
0.04787090909090909
-0.06923818181818181
-0.11813636363636362
0.1836763636363636
0.029174545454545453
0.21449454545454544
0.16189818181818183
0.03821454545454545
0.10806909090909089
0.13231272727272728
-0.10622
-0.07334727272727272
0.057527272727272726
-0.06081454545454545
-0.0063690909090909084
-0.04972
0.010683636363636364
0.06553999999999999
0.12327272727272726
-0.010067272727272725
0.12183454545454545
0.10046727272727272
-0.08711272727272727
0.08444181818181817
-0.00020545454545454542
0.0226
0.0538290909090909
0.019312727272727273
-0.06389636363636363
0.1608709090909091
0.02218909090909091
-0.06369090909090909
0.22867090909090906
-0.1337509090909091
-0.004930909090909091
0.1623090909090909
-0.08382545454545455
-0.10334363636363636
0.07190909090909091
0.028558181818181816
-0.09430363636363637
0.00041090909090909085
-0.04869272727272727
0.001849090909090909
0.07519636363636363
0.02527090909090909
0.11238363636363637
0.18901818181818184
-0.01992909090909091
0.2722272727272727
0.2229181818181818
-0.15963818181818182
0.20319454545454546
0.08690727272727272
-0.09882363636363636
-0.050747272727272724
-0.05177454545454545
-0.0786890909090909
0.0012327272727272727
0.11217818181818182
-0.0008218181818181817
0.1645690909090909
0.05218545454545454
0.0628690909090909
0.25743454545454547
-0.11628727272727273
-0.10909636363636364
0.18306
-0.11628727272727273
-0.15943272727272728
0.02938
-0.08690727272727272
0.07108727272727272
0.13231272727272728
0.06348545454545454
0.10868545454545453
0.10745272727272726
0.03780363636363636
0.13929818181818182
0.11793090909090909
-0.06985454545454545
0.1528581818181818
0.044994545454545454
-0.04458363636363636
0.06122545454545455
-0.029585454545454543
0.038419999999999996
0.0678
0.004930909090909091
-0.027736363636363635
0.08690727272727272
-0.0041090909090909095
0.025887272727272724
0.09944
-0.08711272727272727
0.01890181818181818
0.05773272727272727
-0.031023636363636364
-0.019518181818181816
-0.032667272727272725
-0.06266363636363637
0.10930181818181818
0.06718363636363636
-0.054240000000000003
0.14381818181818182
0.05732181818181818
0.10231636363636364
0.1337509090909091
-0.055883636363636364
0.03451636363636364
0.07766181818181818
-0.06492363636363636
-0.04540545454545454
0.058349090909090906
-0.02301090909090909
0.02403818181818182
0.12101272727272726
0.09389272727272728
0.019518181818181816
0.09594727272727273
0.09245454545454544
0.02670909090909091
0.09327636363636364
-0.11505454545454545
-0.028969090909090906
0.04972
-0.0940981818181818
0.055678181818181814
0.04807636363636364
-0.08998909090909091
0.09327636363636364
0.13477818181818182
-0.03944727272727273
0.044994545454545454
0.06964909090909091
0.1577890909090909
-0.0010272727272727274
0.02198363636363636
0.11464363636363636
0.0039036363636363635
0.1035490909090909
-0.11012363636363637
0.0447890909090909
-0.04068
-0.09389272727272728
0.19518181818181818
-0.02342181818181818
0.00226
0.14936545454545455
0.03821454545454545
0.044994545454545454
0.13313454545454545
-0.032667272727272725
0.0452
0.0805381818181818
0.02342181818181818
0.012943636363636362
0.05054181818181818
0.02157272727272727
-0.04725454545454546
0.16949999999999998
-0.1103290909090909
0.03328363636363636
0.09389272727272728
-0.0786890909090909
0.1469
-0.059787272727272724
-0.07766181818181818
0.058349090909090906
0.10950727272727273
0.004930909090909091
0.06882727272727272
0.01623090909090909
-0.027120000000000002
0.1247109090909091
-0.006163636363636363
0.03246181818181818
0.1600490909090909
0.08526363636363636
-0.010067272727272725
0.23380727272727272
-0.006574545454545454
0.020545454545454544
0.1668290909090909
-0.12758727272727272
0.05711636363636363
-0.041912727272727275
-0.06266363636363637
0.08444181818181817
0.029996363636363634
-0.03944727272727273
0.10868545454545453
0.06862181818181817
0.01171090909090909
0.19086727272727272
0.05341818181818182
0.008218181818181819
-0.009656363636363637
0.03246181818181818
-0.07581272727272727
-0.024243636363636363
-0.08382545454545455
-0.10149454545454545
0.15183090909090907
-0.1454618181818182
-0.003698181818181818
0.19867454545454544
-0.025887272727272724
0.004725454545454545
0.19641454545454545
-0.028558181818181816
0.010067272727272725
0.17093818181818182
-0.02198363636363636
0.0741690909090909
-0.04622727272727272
-0.007190909090909091
0.05999272727272727
0.05177454545454545
-0.07129272727272727
0.03780363636363636
0.15121454545454543
-0.12820363636363635
0.1257381818181818
0.05300727272727272
-0.04951454545454545
0.046432727272727264
0.06821090909090909
0.03821454545454545
0.07683999999999999
0.0678
-0.03883090909090909
0.21305636363636363
-0.014998181818181817
-0.06656727272727272
0.14217454545454544
0.01725818181818182
0.03225636363636363
0.1370381818181818
-0.10108363636363636
0.012121818181818182
0.18244363636363634
-0.23052
0.051569090909090905
0.14936545454545455
-0.07786727272727272
0.031229090909090908
0.10272727272727272
0.030407272727272724
0.0764290909090909
0.17073272727272726
-0.04314545454545454
0.17648545454545456
0.13231272727272728
-0.06821090909090909
0.16888363636363635
0.07149818181818181
-0.11156181818181818
0.11176727272727273
0.027736363636363635
-0.1676509090909091
0.11423272727272726
-0.026298181818181814
-0.040063636363636364
0.10067272727272727
-0.05444545454545455
-0.03451636363636364
0.08567454545454545
-0.04910363636363636
0.03225636363636363
0.22661636363636362
-0.22024727272727274
0.040063636363636364
0.18121090909090906
-0.15039272727272726
0.09224909090909092
0.014381818181818181
-0.04930909090909091
0.11341090909090909
0.07519636363636363
-0.03657090909090909
0.10622
0.059170909090909087
0.006574545454545454
0.14669454545454544
-0.028352727272727273
-0.0565
0.1600490909090909
0.04869272727272727
-0.1341618181818182
0.11464363636363636
0.019312727272727273
0.045816363636363634
0.17771818181818183
-0.03698181818181818
0.15203636363636364
0.15922727272727272
0.0020545454545454547
0.0741690909090909
-0.024243636363636363
-0.1637472727272727
0.08156545454545455
0.012327272727272727
-0.16025454545454546
0.019518181818181816
0.008834545454545454
0.018285454545454546
0.07006
0.15614545454545453
0.034310909090909086
0.03410545454545454
0.1257381818181818
0.047665454545454546
0.08629090909090908
0.0069854545454545456
0.005136363636363636
0.10416545454545453
-0.02691454545454545
-0.04622727272727272
0.15532363636363636
0.027325454545454545
0.10293272727272727
0.05095272727272727
-0.13334
0.06841636363636364
0.005341818181818182
-0.048487272727272726
-0.020545454545454544
0.007396363636363636
-0.07334727272727272
0.09779636363636364
0.12286181818181818
-0.14176363636363634
0.07149818181818181
0.017463636363636362
-0.07478545454545454
0.07006
0.03944727272727273
-0.030612727272727274
0.14176363636363634
0.05198
-0.14237999999999998
0.1370381818181818
0.009656363636363637
-0.053212727272727266
0.21120727272727272
0.014176363636363636
-0.061841818181818185
0.2070981818181818
0.1012890909090909
0.052390909090909085
0.1370381818181818
-0.02691454545454545
0.059170909090909087
0.055061818181818184
-0.13107999999999997
0.01766909090909091
0.02650363636363636
-0.19415454545454544
0.14135272727272727
0.1292309090909091
-0.08382545454545455
0.20216727272727272
0.21798727272727272
0.14032545454545453
0.05115818181818182
0.07026545454545453
-0.017874545454545452
0.113
0.004314545454545455
-0.2296981818181818
0.18141636363636363
-0.10190545454545454
-0.12512181818181817
0.25743454545454547
-0.03410545454545454
-0.013970909090909091
0.2301090909090909
-0.014176363636363636
0.03883090909090909
0.14299636363636362
-0.09964545454545454
0.08074363636363636
0.042529090909090905
-0.003698181818181818
0.011094545454545454
-0.04807636363636364
0.04109090909090909
0.08711272727272727
0.07745636363636363
-0.05732181818181818
0.13991454545454546
-0.0024654545454545454
-0.051569090909090905
0.20196181818181816
-0.014176363636363636
-0.053212727272727266
0.05629454545454545
-0.08629090909090908
-0.08341454545454545
0.00226
-0.1573781818181818
0.03020181818181818
0.034310909090909086
-0.0749909090909091
0.17114363636363633
0.17874545454545454
0.013560000000000001
0.09327636363636364
0.16970545454545455
-0.10745272727272726
-0.02198363636363636
0.02691454545454545
-0.09533090909090909
-0.017463636363636362
-0.02670909090909091
-0.011505454545454544
0.05095272727272727
0.09265999999999999
0.06964909090909091
0.15470727272727272
0.09122181818181817
0.027941818181818182
0.16292545454545454
0.07581272727272727
-0.09224909090909092
0.0727309090909091
0.08218181818181818
-0.08505818181818181
0.11567090909090909
0.06677272727272728
-0.00904
0.12265636363636362
0.02034
0.05259636363636363
0.10704181818181817
-0.14402363636363635
0.007601818181818181
0.16580181818181816
-0.10478181818181817
-0.033489090909090906
0.07458
0.03821454545454545
-0.04376181818181818
0.06348545454545454
0.07683999999999999
0.03657090909090909
0.21182363636363635
-0.0008218181818181817
0.12265636363636362
0.1610763636363636
-0.04314545454545454
0.15491272727272726
0.03451636363636364
-0.10313818181818181
0.014587272727272727
-0.027530909090909092
-0.10519272727272726
0.0538290909090909
0.013149090909090907
0.01171090909090909
0.18162181818181816
0.01171090909090909
-0.02691454545454545
0.11690363636363636
-0.05218545454545454
-0.07683999999999999
0.07478545454545454
-0.19682545454545455
-0.0967690909090909
0.053212727272727266
-0.10375454545454545
0.07786727272727272
0.1569672727272727
0.03965272727272728
0.11217818181818182
0.16744545454545454
-0.06307454545454545
0.13046363636363634
0.14854363636363635
-0.09800181818181818
0.11423272727272726
0.013149090909090907
-0.06471818181818181
0.1415581818181818
0.041912727272727275
-0.013354545454545456
0.09718
-0.059787272727272724
0.03616
0.10786363636363637
-0.12388909090909091
0.004314545454545455
0.09697454545454545
-0.01725818181818182
0.016847272727272728
0.13334
0.001849090909090909
0.02403818181818182
0.1058090909090909
-0.08320909090909091
0.055883636363636364
0.06512909090909091
-0.007601818181818181
0.10396
0.0063690909090909084
0.09779636363636364
0.13498363636363636
-0.02527090909090909
0.041912727272727275
0.05547272727272727
-0.02670909090909091
-0.025476363636363634
-0.007190909090909091
0.011094545454545454
0.05013090909090909
0.1148490909090909
0.11382181818181818
0.09327636363636364
0.007807272727272727
0.012327272727272727
0.08588
0.054034545454545446
-0.023832727272727273
-0.08937272727272727
0.017874545454545452
-0.029585454545454543
0.04951454545454545
0.027120000000000002
-0.12265636363636362
0.1510090909090909
0.08012727272727273
-0.054240000000000003
0.030407272727272724
0.034927272727272723
0.09635818181818182
0.1292309090909091
0.02342181818181818
-0.027736363636363635
0.10601454545454544
0.09265999999999999
0.0008218181818181817
0.015203636363636362
-0.05259636363636363
-0.10026181818181817
0.07930545454545455
-0.032872727272727276
-0.06882727272727272
0.18223818181818183
-0.010478181818181819
0.06348545454545454
0.14299636363636362
-0.04540545454545454
0.13046363636363634
0.1808
-0.07601818181818182
0.032872727272727276
0.11998545454545453
-0.19744181818181816
0.13991454545454546
0.09224909090909092
-0.21264545454545453
0.12882
-0.004930909090909091
-0.05814363636363636
0.10868545454545453
-0.003698181818181818
-0.02670909090909091
0.1103290909090909
-0.03883090909090909
0.016025454545454544
0.17319818181818183
-0.07601818181818182
0.030612727272727274
0.13313454545454545
-0.09019454545454544
-0.08998909090909091
0.1999072727272727
0.0012327272727272727
0.02691454545454545
0.2642145454545454
-0.04869272727272727
0.21223454545454545
0.13785999999999998
-0.03410545454545454
0.17628
-0.10786363636363637
-0.09286545454545453
0.1247109090909091
-0.04684363636363636
-0.1668290909090909
0.1495709090909091
0.038419999999999996
-0.0063690909090909084
0.2116181818181818
-0.004930909090909091
0.11464363636363636
0.09101636363636363
0.007807272727272727
0.036776363636363635
-0.037598181818181815
-0.03513272727272727
-0.04972
0.07067636363636363
-0.1088909090909091
-0.020545454545454544
0.1464890909090909
-0.05896545454545454
0.11977999999999998
0.14587272727272727
-0.03451636363636364
0.1321072727272727
0.09964545454545454
-0.09019454545454544
0.045610909090909084
0.04869272727272727
-0.0012327272727272727
0.024243636363636363
0.001438181818181818
-0.005136363636363636
0.014381818181818181
0.0538290909090909
-0.013560000000000001
0.13334
0.03533818181818182
-0.02403818181818182
0.17155454545454543
-0.034310909090909086
-0.035954545454545454
0.06656727272727272
0.01890181818181818
-0.07108727272727272
0.0034927272727272728
0.004314545454545455
-0.039241818181818176
0.14484545454545456
-0.007601818181818181
0.056705454545454545
0.12943636363636363
-0.10313818181818181
0.046432727272727264
0.09163272727272727
-0.11731454545454545
0.05095272727272727
0.05198
-0.08485272727272727
0.08834545454545455
0.02198363636363636
0.04540545454545454
0.1411472727272727
0.09635818181818182
0.03554363636363636
0.10067272727272727
0.12861454545454545
-0.011094545454545454
0.113
-0.012121818181818182
-0.03616
0.13395636363636362
-0.016436363636363638
-0.01890181818181818
0.09163272727272727
0.004314545454545455
-0.020545454545454544
0.11423272727272726
-0.07170363636363636
0.013354545454545456
0.14525636363636363
-0.10622
0.08855090909090908
0.10416545454545453
-0.06327999999999999
0.12224545454545453
0.04602181818181818
-0.05876
0.09204363636363636
0.07971636363636364
0.00041090909090909085
0.08670181818181817
0.10026181818181817
0.00452
0.11115090909090909
0.08177090909090909
0.012327272727272727
0.2029890909090909
-0.009245454545454545
-0.08382545454545455
0.11320545454545454
-0.09492
-0.039241818181818176
0.0904
-0.07745636363636363
-0.0113
0.11875272727272726
0.07992181818181819
0.09081090909090908
0.10724727272727272
0.013149090909090907
0.07745636363636363
0.009656363636363637
-0.11279454545454545
0.03903636363636363
-0.10026181818181817
-0.12882
0.03143454545454545
-0.10293272727272727
-0.07930545454545455
0.09635818181818182
0.08629090909090908
0.02444909090909091
0.0940981818181818
0.10663090909090908
0.05218545454545454
0.1356
0.0226
-0.021778181818181818
0.05280181818181818
-0.03472181818181818
0.05280181818181818
0.07396363636363636
-0.035954545454545454
0.005752727272727272
0.11464363636363636
0.041912727272727275
-0.029585454545454543
0.07190909090909091
-0.035954545454545454
-0.001438181818181818
0.12594363636363634
-0.10478181818181817
0.035749090909090904
0.11977999999999998
-0.04602181818181818
0.13107999999999997
0.05547272727272727
-0.060609090909090904
0.15819999999999998
0.09800181818181818
-0.004314545454545455
0.09389272727272728
-0.031845454545454545
-0.019312727272727273
0.0918381818181818
-0.023832727272727273
-0.07108727272727272
0.08300363636363636
0.027530909090909092
0.015409090909090907
0.2153163636363636
0.0034927272727272728
0.09081090909090908
0.27880181818181815
-0.008218181818181819
0.08197636363636364
0.13539454545454546
-0.08505818181818181
0.05300727272727272
-0.004930909090909091
-0.19497636363636361
0.03616
0.024243636363636363
-0.008834545454545454
0.13498363636363636
0.013970909090909091
-0.0008218181818181817
0.18799090909090907
0.08731818181818181
-0.09327636363636364
0.12203999999999998
-0.019107272727272726
-0.11464363636363636
0.08136
-0.12779272727272725
-0.042529090909090905
0.07129272727272727
-0.052390909090909085
0.0940981818181818
0.12861454545454545
-0.0452
0.07560727272727272
0.1524472727272727
-0.003698181818181818
0.01766909090909091
-0.011505454545454544
-0.07540181818181818
0.07026545454545453
0.06821090909090909
-0.10519272727272726
0.046432727272727264
0.06369090909090909
0.03513272727272727
0.15039272727272726
0.035954545454545454
0.09327636363636364
0.17196545454545456
0.03965272727272728
-0.024243636363636363
0.05547272727272727
-0.05136363636363636
0.027941818181818182
0.012327272727272727
-0.20011272727272728
0.013149090909090907
0.01890181818181818
-0.05608909090909091
0.09265999999999999
0.19867454545454544
0.032667272727272725
0.12265636363636362
0.21963090909090907
0.001438181818181818
0.0918381818181818
0.06081454545454545
-0.05362363636363636
-0.015203636363636362
-0.013765454545454546
-0.07170363636363636
0.07375818181818182
0.03451636363636364
0.006163636363636363
0.1686781818181818
0.002876363636363636
0.0470490909090909
0.10478181818181817
0.11834181818181817
0.028352727272727273
0.00020545454545454542
0.0006163636363636364
-0.034310909090909086
0.1713490909090909
-0.03472181818181818
0.03616
0.13190181818181818
-0.08731818181818181
0.015614545454545454
0.06019818181818181
-0.08136
-0.0041090909090909095
0.018696363636363636
-0.12019090909090908
0.04889818181818182
-0.024243636363636363
-0.1076581818181818
0.06636181818181817
0.12553272727272727
-0.06615636363636364
0.04807636363636364
0.1668290909090909
-0.05054181818181818
0.2278490909090909
0.12306727272727273
-0.05629454545454545
0.16724
0.045610909090909084
0.009245454545454545
0.10683636363636365
-0.08752363636363636
-0.05485636363636363
0.06677272727272728
-0.10293272727272727
-0.011094545454545454
0.09759090909090909
0.03246181818181818
-0.016436363636363638
0.15183090909090907
0.0565
-0.0063690909090909084
0.2147
-0.1366272727272727
-0.04828181818181818
0.09533090909090909
-0.18531999999999998
0.030407272727272724
0.033489090909090906
-0.02691454545454545
0.26010545454545453
0.09615272727272728
0.0039036363636363635
0.23031454545454547
0.06553999999999999
0.05999272727272727
0.11526
0.05444545454545455
-0.0063690909090909084
0.02116181818181818
0.05773272727272727
-0.019107272727272726
0.11238363636363637
-0.051569090909090905
-0.009245454545454545
0.07355272727272727
-0.09656363636363637
0.07745636363636363
0.04150181818181818
-0.033694545454545456
0.06307454545454545
0.01766909090909091
-0.06553999999999999
0.09101636363636363
0.11156181818181818
-0.07355272727272727
0.010889090909090909
0.006574545454545454
-0.02691454545454545
0.09389272727272728
0.04417272727272727
0.02403818181818182
0.15819999999999998
0.04376181818181818
0.031023636363636364
0.08279818181818181
-0.09800181818181818
0.04232363636363636
0.09553636363636364
-0.06143090909090909
-0.06533454545454545
0.005547272727272727
0.11012363636363637
0.05876
0.09450909090909092
0.06451272727272726
0.08814
0.1411472727272727
-0.06225272727272727
0.035954545454545454
-0.016436363636363638
-0.14279090909090908
0.002876363636363636
-0.02342181818181818
-0.11834181818181817
0.06492363636363636
0.11977999999999998
-0.013765454545454546
0.20463272727272727
0.07766181818181818
-0.06389636363636363
0.17504727272727272
0.12491636363636363
-0.02157272727272727
0.09492
0.00226
-0.05444545454545455
0.19559272727272728
-0.10313818181818181
-0.13436727272727272
0.06327999999999999
0.0069854545454545456
0.02198363636363636
0.0447890909090909
0.05054181818181818
0.05773272727272727
0.2364781818181818
-0.040063636363636364
0.02116181818181818
0.15984363636363638
-0.04068
0.09697454545454545
0.0034927272727272728
-0.12820363636363635
0.031229090909090908
0.10026181818181817
-0.10745272727272726
0.15655636363636363
0.041912727272727275
-0.15450181818181818
0.17833454545454544
-0.025065454545454544
-0.04622727272727272
0.11752
-0.03246181818181818
-0.033489090909090906
0.1148490909090909
-0.06800545454545455
0.05259636363636363
0.16662363636363633
-0.034927272727272723
0.050747272727272724
0.06553999999999999
0.003698181818181818
0.0967690909090909
0.2549690909090909
-0.005547272727272727
0.07745636363636363
0.10067272727272727
-0.09224909090909092
0.20401636363636363
-0.009861818181818182
-0.06697818181818181
0.11977999999999998
-0.0990290909090909
-0.07622363636363635
0.12594363636363634
-0.04068
0.07232
0.2555854545454545
-0.007601818181818181
0.06738909090909091
0.16600727272727273
0.01705272727272727
-0.019107272727272726
0.08485272727272727
-0.15306363636363635
-0.13087454545454547
0.09019454545454544
-0.11094545454545454
0.06656727272727272
0.0339
-0.0741690909090909
0.14340727272727272
0.08074363636363636
0.013970909090909091
0.1325181818181818
0.04602181818181818
-0.06553999999999999
0.07108727272727272
0.020545454545454544
-0.07745636363636363
0.07252545454545453
0.09944
-0.08033272727272728
0.021367272727272728
-0.0016436363636363634
0.02034
0.12450545454545454
-0.08403090909090909
0.07293636363636363
0.09800181818181818
-0.10375454545454545
0.0918381818181818
0.18614181818181816
-0.0470490909090909
-0.006163636363636363
0.06964909090909091
-0.06369090909090909
0.008834545454545454
0.07396363636363636
0.023832727272727273
0.06327999999999999
0.042734545454545456
-0.049925454545454544
0.10046727272727272
0.010683636363636364
-0.055678181818181814
0.14813272727272728
-0.03410545454545454
-0.041912727272727275
0.13190181818181818
0.031845454545454545
0.05033636363636364
0.17052727272727272
0.01623090909090909
0.04930909090909091
0.19497636363636361
0.05691090909090909
0.09163272727272727
0.12861454545454545
-0.030612727272727274
0.009861818181818182
0.06985454545454545
-0.1017
0.09533090909090909
0.09101636363636363
-0.13005272727272726
0.09923454545454545
0.05958181818181818
-0.10375454545454545
0.028352727272727273
0.10827454545454546
-0.028763636363636363
0.07149818181818181
0.06964909090909091
-0.02444909090909091
0.17566363636363633
-0.011505454545454544
-0.0764290909090909
0.11628727272727273
-0.08033272727272728
-0.018285454545454546
0.18182727272727273
-0.05136363636363636
-0.010067272727272725
0.2034
0.018696363636363636
0.03410545454545454
0.09841272727272728
-0.0006163636363636364
0.12882
0.08814
-0.1645690909090909
0.019312727272727273
0.07540181818181818
-0.18860727272727273
0.09122181818181817
0.07889454545454545
-0.07766181818181818
0.24038181818181817
0.13025818181818183
-0.02691454545454545
0.14361272727272725
-0.015614545454545454
-0.07211454545454546
0.032667272727272725
-0.1341618181818182
-0.05711636363636363
0.045816363636363634
-0.08382545454545455
0.005958181818181818
0.10745272727272726
-0.05793818181818181
0.08896181818181817
0.2331909090909091
-0.003698181818181818
0.08998909090909091
0.16251454545454544
-0.03225636363636363
0.12368363636363637
0.08115454545454545
-0.08855090909090908
0.13087454545454547
-0.005958181818181818
-0.02486
0.16354181818181818
-0.0447890909090909
0.04889818181818182
0.14525636363636363
-0.06122545454545455
-0.07047090909090908
0.06389636363636363
0.08362
0.0024654545454545454
0.07622363636363635
0.054034545454545446
-0.07396363636363636
0.08423636363636364
0.03903636363636363
-0.08115454545454545
0.14443454545454545
-0.06122545454545455
-0.00904
0.15902181818181815
-0.13580545454545453
0.09060545454545453
0.07190909090909091
-0.12676545454545454
0.002876363636363636
0.0678
-0.02979090909090909
0.005136363636363636
0.2138781818181818
0.04787090909090909
0.09512545454545453
0.17545818181818182
0.015819999999999997
0.17833454545454544
0.1682672727272727
-0.13580545454545453
0.013149090909090907
0.02362727272727273
-0.2336018181818182
0.007807272727272727
0.01623090909090909
-0.07478545454545454
0.12779272727272725
0.07252545454545453
0.009245454545454545
0.22764363636363635
0.08485272727272727
-0.08526363636363636
0.20997454545454544
0.013149090909090907
-0.10909636363636364
0.14176363636363634
-0.1103290909090909
-0.029174545454545453
0.14361272727272725
-0.10026181818181817
0.11608181818181817
0.12142363636363637
0.06143090909090909
0.25579090909090907
0.0749909090909091
0.0
0.033694545454545456
0.08752363636363636
-0.06266363636363637
-0.09471454545454545
0.050747272727272724
-0.09512545454545453
0.029585454545454543
-0.010889090909090909
-0.002876363636363636
0.2251781818181818
0.00020545454545454542
0.07149818181818181
0.20442727272727274
-0.0024654545454545454
0.10375454545454545
0.03020181818181818
-0.06307454545454545
0.07047090909090908
-0.07149818181818181
-0.1586109090909091
-0.05773272727272727
0.06595090909090909
-0.08875636363636363
0.06964909090909091
0.17792363636363634
-0.04684363636363636
0.21244
0.14279090909090908
-0.04972
0.09779636363636364
0.031639999999999995
-0.13025818181818183
-0.05341818181818182
-0.0470490909090909
-0.060609090909090904
0.05115818181818182
0.028147272727272726
-0.042734545454545456
0.06964909090909091
0.12697090909090908
0.015614545454545454
0.2075090909090909
0.0764290909090909
-0.006163636363636363
0.16046
-0.058349090909090906
0.03698181818181818
0.08362
-0.10108363636363636
0.02034
0.09985090909090909
-0.06718363636363636
0.04972
0.09800181818181818
-0.050747272727272724
0.14813272727272728
0.04150181818181818
-0.13765454545454545
0.09861818181818181
0.06944363636363636
-0.13436727272727272
0.1088909090909091
-0.001438181818181818
-0.12306727272727273
0.3198927272727272
0.12697090909090908
-0.035954545454545454
0.23504
0.12779272727272725
0.04376181818181818
0.19764727272727273
0.03410545454545454
0.022805454545454542
0.09101636363636363
-0.1586109090909091
-0.03328363636363636
0.027941818181818182
-0.1397090909090909
0.014998181818181817
0.14484545454545456
-0.08855090909090908
0.0940981818181818
0.15635090909090907
-0.09163272727272727
0.2681181818181818
0.010272727272727272
-0.16169272727272727
0.15306363636363635
-0.12121818181818181
-0.0741690909090909
0.05444545454545455
-0.05280181818181818
-0.0039036363636363635
0.11690363636363636
0.10704181818181817
-0.00041090909090909085
0.17710181818181817
0.07745636363636363
-0.007601818181818181
0.23545090909090907
-0.08690727272727272
-0.013354545454545456
0.19703090909090906
-0.16477454545454545
0.06718363636363636
0.07622363636363635
-0.07745636363636363
0.08177090909090909
-0.017874545454545452
0.06492363636363636
0.07375818181818182
-0.030612727272727274
-0.0012327272727272727
0.05136363636363636
-0.02444909090909091
-0.11053454545454545
0.08177090909090909
0.02609272727272727
-0.014998181818181817
0.12368363636363637
-0.06040363636363636
0.027941818181818182
0.15984363636363638
0.029585454545454543
0.08896181818181817
0.041912727272727275
0.03616
0.12142363636363637
0.05711636363636363
0.027325454545454545
0.013765454545454546
0.05855454545454545
0.016025454545454544
0.03225636363636363
0.0628690909090909
-0.04314545454545454
0.14977636363636362
0.13477818181818182
-0.01808
0.05629454545454545
-0.007601818181818181
0.05547272727272727
0.055678181818181814
-0.09738545454545454
-0.018696363636363636
0.022805454545454542
-0.0470490909090909
-0.012943636363636362
0.07540181818181818
0.033489090909090906
0.027120000000000002
0.13888727272727272
0.05814363636363636
0.0006163636363636364
0.09122181818181817
0.015203636363636362
0.09019454545454544
0.17011636363636362
-0.1247109090909091
0.038419999999999996
0.16436363636363635
-0.07581272727272727
0.029174545454545453
-0.0067800000000000004
-0.09430363636363637
0.0940981818181818
0.06944363636363636
-0.040063636363636364
0.10087818181818181
0.021367272727272728
0.01992909090909091
0.16148727272727273
0.02444909090909091
0.00226
0.14340727272727272
0.03410545454545454
-0.04725454545454546
0.14628363636363637
-0.010067272727272725
-0.07170363636363636
0.06081454545454545
-0.03800909090909091
-0.01992909090909091
0.012943636363636362
-0.04068
0.045610909090909084
0.18737454545454543
-0.038625454545454546
-0.04889818181818182
0.13683272727272727
-0.007190909090909091
0.06163636363636363
0.08362
-0.056705454545454545
0.043556363636363636
0.0226
0.005752727272727272
0.1569672727272727
0.027325454545454545
0.03246181818181818
0.18429272727272727
0.052390909090909085
0.016436363636363638
0.1076581818181818
0.09348181818181817
0.02444909090909091
0.028352727272727273
-0.07026545454545453
-0.08485272727272727
0.09471454545454545
-0.03636545454545455
-0.03698181818181818
0.06636181818181817
-0.034927272727272723
0.08259272727272728
0.15306363636363635
0.013970909090909091
0.08362
0.11690363636363636
-0.09265999999999999
0.05054181818181818
0.032667272727272725
-0.12594363636363634
0.015614545454545454
-0.014176363636363636
-0.02403818181818182
0.05259636363636363
0.048487272727272726
0.059170909090909087
0.19682545454545455
0.0538290909090909
-0.00226
0.15450181818181818
0.01623090909090909
0.07293636363636363
0.08896181818181817
-0.06225272727272727
-0.029996363636363634
0.08012727272727273
-0.02239454545454545
-0.024654545454545453
0.11916363636363636
0.013354545454545456
0.02198363636363636
0.08937272727272727
0.03985818181818182
0.04458363636363636
0.11772545454545454
-0.015819999999999997
0.04458363636363636
0.05937636363636363
-0.10704181818181817
0.06410181818181818
0.02403818181818182
-0.04910363636363636
0.007190909090909091
0.06800545454545455
-0.028147272727272726
0.027325454545454545
0.14381818181818182
-0.034310909090909086
0.09553636363636364
0.02938
-0.03616
0.1374490909090909
-0.014176363636363636
-0.028558181818181816
0.13457272727272726
-0.007601818181818181
-0.029585454545454543
0.14566727272727273
0.031845454545454545
0.06471818181818181
0.15429636363636362
0.006574545454545454
-0.015819999999999997
0.11669818181818181
-0.03883090909090909
-0.06677272727272728
0.11176727272727273
-0.14340727272727272
0.02075090909090909
0.07683999999999999
-0.1088909090909091
0.12779272727272725
-0.03718727272727273
-0.04725454545454546
0.14854363636363635
0.07026545454545453
0.02527090909090909
0.0940981818181818
0.08629090909090908
0.010889090909090909
0.08772909090909091
-0.006574545454545454
-0.023216363636363632
0.11176727272727273
-0.03718727272727273
0.09615272727272728
0.1296418181818182
-0.1088909090909091
0.2023727272727273
0.15963818181818182
-0.08608545454545455
0.10519272727272726
0.10950727272727273
-0.017463636363636362
0.00945090909090909
0.0470490909090909
-0.054034545454545446
0.08608545454545455
0.05999272727272727
-0.09122181818181817
0.19107272727272728
0.07149818181818181
0.043350909090909086
0.2755145454545454
-0.01705272727272727
0.0020545454545454547
0.08033272727272728
-0.06985454545454545
-0.002876363636363636
-0.045610909090909084
-0.16559636363636362
-0.056705454545454545
0.04540545454545454
-0.10622
0.061841818181818185
0.14710545454545454
-0.03903636363636363
0.17771818181818183
0.10313818181818181
-0.05341818181818182
0.1939490909090909
0.07232
-0.0447890909090909
0.07293636363636363
-0.01725818181818182
-0.07560727272727272
0.08670181818181817
0.015203636363636362
-0.06821090909090909
0.12820363636363635
-0.0904
-0.03883090909090909
0.14607818181818183
-0.11156181818181818
-0.005547272727272727
0.1419690909090909
-0.04828181818181818
-0.01664181818181818
0.12655999999999998
-0.006574545454545454
0.01664181818181818
0.07088181818181817
-0.04396727272727272
0.02568181818181818
0.13868181818181818
-0.029585454545454543
0.07683999999999999
0.2120290909090909
-0.17751272727272727
0.0226
0.09553636363636364
-0.20463272727272727
0.1479272727272727
0.06985454545454545
-0.055678181818181814
0.2136727272727273
0.11998545454545453
0.05629454545454545
0.19764727272727273
0.113
0.03246181818181818
0.17566363636363633
-0.014176363636363636
-0.05095272727272727
0.060609090909090904
-0.08608545454545455
-0.009245454545454545
0.09307090909090908
-0.02034
-0.005958181818181818
0.18860727272727273
-0.011916363636363636
0.01664181818181818
0.1957981818181818
-0.08752363636363636
0.041707272727272725
0.06903272727272727
-0.14566727272727273
0.10293272727272727
0.07170363636363636
-0.13334
0.17114363636363633
0.09081090909090908
-0.05280181818181818
0.16970545454545455
0.013970909090909091
0.02527090909090909
0.15470727272727272
0.010067272727272725
-0.0565
0.07006
-0.02342181818181818
-0.09594727272727273
0.0628690909090909
-0.02218909090909091
-0.042529090909090905
0.0339
0.02116181818181818
0.04294
0.04294
-0.00452
0.1370381818181818
0.07827818181818182
-0.05937636363636363
0.09861818181818181
0.011094545454545454
-0.033694545454545456
0.002876363636363636
-0.07047090909090908
-0.08094909090909091
0.03739272727272727
0.055678181818181814
0.014587272727272727
0.10806909090909089
0.11443818181818181
0.13642181818181817
0.12019090909090908
0.002876363636363636
-0.06040363636363636
0.10272727272727272
-0.046432727272727264
-0.06738909090909091
0.10293272727272727
-0.08505818181818181
0.07232
0.08793454545454545
0.025065454545454544
0.12265636363636362
0.15922727272727272
0.06841636363636364
0.07088181818181817
0.12450545454545454
-0.03472181818181818
0.041912727272727275
0.0452
-0.0339
0.03020181818181818
0.11793090909090909
-0.03944727272727273
0.10601454545454544
0.09574181818181818
-0.11526
0.10046727272727272
-0.06492363636363636
0.03698181818181818
0.0447890909090909
-0.10704181818181817
-0.07129272727272727
0.06862181818181817
0.09471454545454545
-0.08012727272727273
0.15984363636363638
0.01623090909090909
0.0339
0.21264545454545453
0.07006
0.07129272727272727
0.1916890909090909
0.010889090909090909
-0.048487272727272726
0.0967690909090909
-0.1257381818181818
0.05814363636363636
-0.005136363636363636
-0.10909636363636364
-0.05054181818181818
-0.05691090909090909
0.00452
0.10560363636363636
0.20463272727272727
-0.10663090909090908
0.10375454545454545
0.08464727272727272
-0.07149818181818181
0.10704181818181817
-0.01808
-0.14135272727272727
0.005958181818181818
0.027530909090909092
-0.11957454545454545
0.10663090909090908
0.06512909090909091
0.14936545454545455
0.16806181818181817
-0.041707272727272725
0.10601454545454544
0.1980581818181818
0.02342181818181818
0.07930545454545455
0.19538727272727272
-0.12532727272727273
0.043556363636363636
0.09533090909090909
-0.0010272727272727274
0.05773272727272727
-0.05876
0.03965272727272728
0.06389636363636363
-0.003287272727272727
-0.04951454545454545
0.10293272727272727
-0.005341818181818182
-0.10724727272727272
0.13991454545454546
0.01623090909090909
-0.0967690909090909
0.16847272727272727
0.02444909090909091
-0.09512545454545453
0.10704181818181817
-0.04663818181818182
0.15183090909090907
0.13827090909090908
-0.012121818181818182
0.08875636363636363
-0.013354545454545456
0.07683999999999999
0.09492
0.028558181818181816
-0.12019090909090908
0.004930909090909091
0.1058090909090909
-0.10416545454545453
0.041707272727272725
0.14607818181818183
-0.02034
0.09245454545454544
0.07745636363636363
0.007190909090909091
0.16025454545454546
-0.07725090909090909
0.011094545454545454
0.036776363636363635
-0.18922363636363634
-0.05300727272727272
0.06595090909090909
0.06985454545454545
-0.03903636363636363
0.11690363636363636
0.05732181818181818
0.01992909090909091
0.21901454545454546
-0.00452
-0.008834545454545454
0.15224181818181817
0.00904
0.03985818181818182
0.02034
-0.16559636363636362
0.11176727272727273
0.10313818181818181
-0.1631309090909091
0.045816363636363634
0.09286545454545453
0.041912727272727275
0.12594363636363634
0.06574545454545455
0.015203636363636362
0.06718363636363636
0.07211454545454546
0.05773272727272727
0.10498727272727272
0.007601818181818181
-0.0764290909090909
0.17936181818181818
-0.02568181818181818
-0.09492
0.18593636363636362
-0.09553636363636364
-0.011505454545454544
0.05095272727272727
-0.11135636363636363
-0.023832727272727273
0.04930909090909091
-0.029996363636363634
-0.003287272727272727
0.025065454545454544
-0.11094545454545454
0.17566363636363633
0.15080363636363636
-0.007601818181818181
0.06307454545454545
0.025476363636363634
0.03636545454545455
0.16210363636363637
0.09081090909090908
-0.028147272727272726
0.21141272727272728
0.032667272727272725
-0.0113
0.12861454545454545
-0.02116181818181818
0.006574545454545454
0.05958181818181818
-0.0402690909090909
-0.022805454545454542
0.005547272727272727
-0.08033272727272728
0.11854727272727272
0.05999272727272727
-0.03965272727272728
0.12224545454545453
0.16128181818181817
0.07581272727272727
0.12224545454545453
0.08793454545454545
-0.10683636363636365
0.10704181818181817
0.005547272727272727
-0.09574181818181818
0.0538290909090909
-0.06533454545454545
0.0012327272727272727
0.11074
-0.041707272727272725
0.005136363636363636
0.1723763636363636
0.06081454545454545
0.08238727272727273
0.055883636363636364
0.00041090909090909085
0.048487272727272726
0.08629090909090908
-0.042529090909090905
-0.06553999999999999
0.08649636363636364
-0.03965272727272728
0.050747272727272724
0.07396363636363636
-0.04725454545454546
-0.010272727272727272
0.03965272727272728
0.013149090909090907
0.012532727272727272
0.007807272727272727
-0.07971636363636364
0.11053454545454545
0.034927272727272723
-0.06369090909090909
0.07909999999999999
-0.013560000000000001
-0.012738181818181817
0.1296418181818182
-0.006163636363636363
-0.10149454545454545
0.1125890909090909
0.014792727272727272
-0.010683636363636364
0.0470490909090909
-0.025887272727272724
0.07889454545454545
0.15183090909090907
-0.030612727272727274
-0.04458363636363636
0.17155454545454543
-0.028147272727272726
0.06451272727272726
0.15162545454545454
-0.03636545454545455
0.14381818181818182
0.1306690909090909
-0.0006163636363636364
0.10868545454545453
0.06204727272727273
-0.13498363636363636
0.08896181818181817
0.03739272727272727
-0.07951090909090908
0.14279090909090908
0.011916363636363636
-0.050747272727272724
0.11916363636363636
0.04294
-0.1292309090909091
0.19271636363636363
0.11135636363636363
-0.05526727272727273
0.17566363636363633
0.03143454545454545
0.010478181818181819
0.11156181818181818
-0.031229090909090908
-0.03205090909090909
0.15573454545454543
-0.09307090909090908
-0.0016436363636363634
0.1791563636363636
-0.07601818181818182
0.06636181818181817
0.09389272727272728
-0.0039036363636363635
0.08567454545454545
0.09944
-0.015203636363636362
0.04068
0.058349090909090906
-0.0470490909090909
0.013354545454545456
-0.03225636363636363
0.005136363636363636
0.09492
0.02034
0.03328363636363636
0.15819999999999998
0.013560000000000001
0.00041090909090909085
0.12861454545454545
-0.08772909090909091
-0.10231636363636364
-0.0339
-0.032667272727272725
-0.019312727272727273
-0.05485636363636363
-0.06143090909090909
0.055678181818181814
0.12224545454545453
0.004314545454545455
0.17545818181818182
0.1360109090909091
-0.014792727272727272
0.15758363636363634
-0.007807272727272727
0.00041090909090909085
0.1370381818181818
-0.05177454545454545
0.0034927272727272728
0.027941818181818182
0.03965272727272728
0.038625454545454546
0.05177454545454545
0.12121818181818181
-0.03205090909090909
0.03410545454545454
-0.01171090909090909
-0.01725818181818182
0.13313454545454545
-0.03944727272727273
0.019723636363636363
0.12943636363636363
-0.07766181818181818
0.036776363636363635
0.18429272727272727
-0.07971636363636364
0.06574545454545455
0.14710545454545454
-0.07725090909090909
0.07601818181818182
0.08300363636363636
-0.06492363636363636
0.04150181818181818
0.013765454545454546
-0.12861454545454545
0.11217818181818182
0.04602181818181818
-0.05341818181818182
0.19477090909090908
0.06430727272727273
-0.0063690909090909084
0.2504490909090909
0.14422909090909092
-0.07047090909090908
0.2149054545454545
-0.05814363636363636
-0.21408363636363634
0.08793454545454545
-0.19785272727272726
-0.113
0.12265636363636362
-0.11628727272727273
0.003698181818181818
0.27161090909090907
-0.04314545454545454
0.1483381818181818
0.2629818181818182
-0.11320545454545454
0.1600490909090909
0.057527272727272726
-0.19045636363636362
0.007190909090909091
0.0016436363636363634
-0.14340727272727272
0.035954545454545454
0.06574545454545455
-0.03307818181818182
0.23545090909090907
0.14525636363636363
0.0447890909090909
0.1803890909090909
0.01725818181818182
-0.003287272727272727
0.17895090909090908
-0.11012363636363637
-0.08177090909090909
0.10642545454545453
-0.15717272727272727
-0.008423636363636364
0.07232
0.018285454545454546
0.10087818181818181
0.16477454545454545
0.1103290909090909
0.05465090909090909
0.14895454545454545
0.05691090909090909
0.011916363636363636
-0.0402690909090909
-0.08526363636363636
0.03616
-0.033489090909090906
-0.10293272727272727
0.02198363636363636
-0.014381818181818181
0.031639999999999995
0.11752
0.11998545454545453
0.1577890909090909
0.10149454545454545
0.10252181818181817
0.007396363636363636
-0.0016436363636363634
-0.03780363636363636
-0.03718727272727273
-0.025887272727272724
-0.14135272727272727
-0.0069854545454545456
0.045816363636363634
0.0016436363636363634
0.07252545454545453
0.22024727272727274
0.029996363636363634
0.055678181818181814
0.1499818181818182
-0.051569090909090905
0.10272727272727272
0.025065454545454544
-0.08998909090909091
0.002876363636363636
-0.03143454545454545
-0.06471818181818181
0.033694545454545456
0.05691090909090909
-0.07581272727272727
0.043350909090909086
0.11423272727272726
-0.10560363636363636
0.05013090909090909
0.06019818181818181
-0.08567454545454545
0.12265636363636362
-0.032667272727272725
0.03472181818181818
0.10930181818181818
-0.0226
0.13765454545454545
0.11731454545454545
0.0895781818181818
0.11813636363636362
0.12512181818181817
0.03554363636363636
0.03821454545454545
0.16272
0.017463636363636362
-0.027530909090909092
0.006574545454545454
-0.14381818181818182
0.00226
-0.003287272727272727
-0.13888727272727272
0.1035490909090909
0.012532727272727272
0.07601818181818182
0.17648545454545456
-0.034927272727272723
0.09286545454545453
0.2052490909090909
0.03821454545454545
-0.09841272727272728
0.025887272727272724
-0.05198
-0.06985454545454545
0.11115090909090909
0.015203636363636362
0.043556363636363636
0.16744545454545454
0.09882363636363636
0.11977999999999998
0.12224545454545453
0.01992909090909091
0.09841272727272728
0.07190909090909091
-0.023832727272727273
0.02301090909090909
-0.02486
-0.08855090909090908
0.10601454545454544
0.02301090909090909
-0.1076581818181818
0.13046363636363634
0.026298181818181814
0.04129636363636364
0.030612727272727274
-0.09882363636363636
0.09389272727272728
0.05608909090909091
-0.030612727272727274
-0.012532727272727272
-0.014792727272727272
-0.08711272727272727
0.045816363636363634
0.061841818181818185
-0.11998545454545453
0.04787090909090909
0.07560727272727272
0.024243636363636363
0.13231272727272728
0.16210363636363637
0.012943636363636362
0.08238727272727273
0.08485272727272727
-0.04951454545454545
0.058349090909090906
-0.03636545454545455
-0.01808
0.12758727272727272
-0.02568181818181818
-0.06430727272727273
0.1257381818181818
0.05732181818181818
0.034927272727272723
0.09718
-0.02034
-0.021778181818181818
0.046432727272727264
-0.015614545454545454
-0.09533090909090909
0.019107272727272726
-0.027736363636363635
0.05855454545454545
0.20566
-0.0016436363636363634
0.027120000000000002
0.16436363636363635
0.005958181818181818
0.017874545454545452
0.13642181818181817
-0.10334363636363636
0.10848000000000001
0.13046363636363634
-0.10930181818181818
0.10560363636363636
0.027325454545454545
-0.02198363636363636
0.06492363636363636
-0.005547272727272727
-0.12306727272727273
0.14402363636363635
0.14525636363636363
-0.01890181818181818
0.15676181818181817
0.0024654545454545454
0.05773272727272727
0.2210690909090909
-0.016847272727272728
-0.027120000000000002
0.1524472727272727
-0.09882363636363636
0.013354545454545456
0.10971272727272725
-0.24798363636363635
0.019107272727272726
0.13909272727272726
-0.17381454545454544
0.0226
0.09019454545454544
-0.12861454545454545
0.1994963636363636
0.11608181818181817
-0.14032545454545453
0.16580181818181816
0.12717636363636362
-0.041707272727272725
0.12779272727272725
0.04889818181818182
-0.0940981818181818
0.17093818181818182
-0.01725818181818182
-0.0024654545454545454
0.1744309090909091
-0.05896545454545454
0.08937272727272727
0.17073272727272726
-0.033489090909090906
-0.045610909090909084
0.16148727272727273
-0.07848363636363635
-0.037598181818181815
0.08875636363636363
-0.15573454545454543
0.06944363636363636
0.04437818181818182
-0.036776363636363635
0.09553636363636364
0.07375818181818182
-0.010067272727272725
0.21716545454545452
0.11834181818181817
-0.12512181818181817
0.1337509090909091
-0.02486
-0.0904
0.01992909090909091
-0.014998181818181817
-0.08690727272727272
0.04746
-0.001849090909090909
-0.05855454545454545
0.19025090909090905
-0.017463636363636362
0.07047090909090908
0.1306690909090909
0.002670909090909091
0.052390909090909085
0.07006
0.02403818181818182
0.036776363636363635
0.06451272727272726
-0.04294
0.12224545454545453
0.04602181818181818
-0.005958181818181818
0.09224909090909092
0.08875636363636363
0.003287272727272727
0.01766909090909091
0.05629454545454545
-0.07067636363636363
0.12368363636363637
-0.0016436363636363634
0.02301090909090909
0.0741690909090909
-0.13785999999999998
0.030612727272727274
0.13683272727272727
-0.025065454545454544
-0.040063636363636364
0.18490909090909088
-0.05054181818181818
-0.01992909090909091
0.17381454545454544
-0.011505454545454544
0.03225636363636363
0.13991454545454546
0.008218181818181819
0.007601818181818181
0.13190181818181818
-0.06533454545454545
0.05855454545454545
0.038419999999999996
-0.06615636363636364
0.20874181818181817
0.08423636363636364
-0.07190909090909091
0.14381818181818182
0.15142
-0.14073636363636363
0.03410545454545454
0.06800545454545455
-0.1360109090909091
0.07766181818181818
0.012738181818181817
-0.05218545454545454
0.11053454545454545
-0.05341818181818182
-0.052390909090909085
0.11526
-0.032667272727272725
0.001849090909090909
0.11752
0.0039036363636363635
0.0039036363636363635
0.06266363636363637
-0.014587272727272727
0.018285454545454546
0.09779636363636364
-0.03698181818181818
0.0895781818181818
0.1224509090909091
-0.054240000000000003
0.14299636363636362
0.05711636363636363
-0.11135636363636363
0.1397090909090909
0.09492
-0.042734545454545456
0.08218181818181818
-0.007601818181818181
-0.007807272727272727
0.12121818181818181
-0.041912727272727275
-0.01664181818181818
0.12512181818181817
-0.02609272727272727
0.062458181818181815
0.16662363636363633
0.02609272727272727
0.17504727272727272
0.11053454545454545
-0.048487272727272726
0.0470490909090909
-0.02034
-0.04232363636363636
-0.00904
-0.023832727272727273
-0.09265999999999999
-0.01171090909090909
0.06348545454545454
-0.003287272727272727
0.1555290909090909
0.11464363636363636
0.06019818181818181
0.19538727272727272
0.03225636363636363
0.06348545454545454
0.15450181818181818
-0.06512909090909091
0.013354545454545456
0.061841818181818185
-0.029996363636363634
0.013970909090909091
0.04047454545454546
0.0
-0.028352727272727273
0.05136363636363636
-0.10005636363636364
-0.05896545454545454
0.05177454545454545
-0.036776363636363635
0.021778181818181818
0.06492363636363636
0.013765454545454546
0.0012327272727272727
0.14340727272727272
-0.04376181818181818
0.011505454545454544
0.15224181818181817
-0.17011636363636362
0.02301090909090909
0.08690727272727272
-0.10560363636363636
0.05465090909090909
-0.008218181818181819
-0.018696363636363636
0.14710545454545454
-0.01623090909090909
-0.01890181818181818
0.13272363636363635
0.10663090909090908
0.059170909090909087
0.05711636363636363
0.09327636363636364
0.031229090909090908
0.2153163636363636
0.08341454545454545
-0.03636545454545455
0.12039636363636362
-0.07786727272727272
-0.013560000000000001
0.045610909090909084
-0.08567454545454545
0.015614545454545454
0.1351890909090909
-0.029585454545454543
0.11238363636363637
0.10724727272727272
-0.05629454545454545
0.1483381818181818
0.018285454545454546
-0.025887272727272724
0.07889454545454545
-0.004314545454545455
-0.04930909090909091
0.17176
0.0805381818181818
-0.004930909090909091
0.16148727272727273
0.04602181818181818
0.08588
0.09492
0.04972
0.003287272727272727
0.06862181818181817
0.005958181818181818
-0.05608909090909091
0.04787090909090909
0.0016436363636363634
0.052390909090909085
0.010683636363636364
-0.020956363636363638
0.06512909090909091
0.07252545454545453
-0.05793818181818181
0.07458
0.02444909090909091
-0.06697818181818181
0.09533090909090909
0.00452
0.018285454545454546
0.008012727272727272
0.001438181818181818
-0.09779636363636364
-0.012121818181818182
-0.09142727272727272
-0.08341454545454545
0.1962090909090909
-0.061841818181818185
0.04972
0.15984363636363638
0.012327272727272727
0.06369090909090909
0.18573090909090906
-0.009861818181818182
-0.08382545454545455
0.09553636363636364
-0.08752363636363636
-0.040885454545454544
0.03472181818181818
-0.04930909090909091
0.012532727272727272
0.17566363636363633
0.059170909090909087
0.09204363636363636
0.15470727272727272
0.005958181818181818
0.11567090909090909
0.0041090909090909095
-0.024654545454545453
0.09081090909090908
-0.012738181818181817
-0.04376181818181818
0.14772181818181818
-0.03513272727272727
0.00226
0.15367999999999998
-0.06615636363636364
0.05341818181818182
0.08834545454545455
-0.02157272727272727
-0.12882
0.15491272727272726
-0.008834545454545454
-0.05485636363636363
0.24120363636363634
-0.09224909090909092
0.14607818181818183
0.13683272727272727
-0.0030818181818181817
0.23052
0.15183090909090907
-0.07786727272727272
0.04869272727272727
0.10416545454545453
-0.07211454545454546
0.09759090909090909
-0.02362727272727273
-0.0990290909090909
-0.039241818181818176
-0.0063690909090909084
-0.10293272727272727
0.034927272727272723
0.11752
-0.014381818181818181
0.15409090909090908
-0.10026181818181817
0.08690727272727272
0.2514763636363636
-0.08485272727272727
-0.05033636363636364
0.05485636363636363
-0.17176
-0.07560727272727272
0.09081090909090908
-0.16272
0.14217454545454544
0.13231272727272728
-0.021778181818181818
0.1881963636363636
0.12060181818181817
0.004930909090909091
0.17607454545454546
0.13847636363636362
-0.13334
0.10478181818181817
-0.0024654545454545454
-0.023216363636363632
0.16395272727272728
-0.08608545454545455
0.0024654545454545454
0.13868181818181818
-0.0447890909090909
0.008218181818181819
0.07108727272727272
-0.14874909090909091
0.044994545454545454
0.07170363636363636
-0.11649272727272726
0.11977999999999998
0.06410181818181818
-0.03636545454545455
0.14669454545454544
0.03554363636363636
-0.0727309090909091
0.12717636363636362
0.04972
-0.040063636363636364
0.11156181818181818
0.053212727272727266
0.06410181818181818
0.15799454545454544
-0.01890181818181818
0.013970909090909091
0.12902545454545453
-0.0741690909090909
-0.008218181818181819
0.13642181818181817
-0.11361636363636363
-0.05013090909090909
0.17484181818181818
-0.08772909090909091
0.06410181818181818
0.20052363636363635
-0.023216363636363632
0.12779272727272725
0.028558181818181816
-0.08937272727272727
0.017463636363636362
-0.07293636363636363
-0.09779636363636364
0.08218181818181818
0.013970909090909091
-0.12142363636363637
0.12101272727272726
0.20072909090909088
0.008423636363636364
0.09512545454545453
0.12286181818181818
-0.07108727272727272
0.16189818181818183
0.07396363636363636
-0.11977999999999998
0.1668290909090909
-0.025065454545454544
-0.05814363636363636
0.10519272727272726
-0.10806909090909089
-0.04294
0.09389272727272728
-0.038625454545454546
0.04663818181818182
0.14587272727272727
-0.035954545454545454
0.12553272727272727
0.226
-0.01664181818181818
0.06697818181818181
0.17607454545454546
-0.013560000000000001
-0.015203636363636362
0.045816363636363634
-0.1171090909090909
-0.06122545454545455
0.03657090909090909
-0.09964545454545454
0.009245454545454545
0.023832727272727273
-0.15224181818181817
0.18285454545454544
0.08341454545454545
-0.14094181818181817
0.21860363636363636
0.03657090909090909
-0.07190909090909091
0.17936181818181818
0.004314545454545455
0.04622727272727272
0.17155454545454543
-0.05691090909090909
0.09122181818181817
0.10806909090909089
-0.052390909090909085
0.11977999999999998
0.1495709090909091
-0.06081454545454545
-0.0030818181818181817
0.10231636363636364
-0.11094545454545454
0.044994545454545454
0.027325454545454545
-0.06451272727272726
0.04129636363636364
-0.08012727272727273
-0.04458363636363636
0.14217454545454544
0.11895818181818181
-0.03636545454545455
0.2586672727272727
0.13827090909090908
-0.02403818181818182
0.2025781818181818
-0.033489090909090906
-0.031229090909090908
0.05013090909090909
-0.15943272727272728
-0.08649636363636364
-0.009861818181818182
-0.12491636363636363
0.1555290909090909
0.07581272727272727
-0.0063690909090909084
0.21182363636363635
0.04930909090909091
0.13498363636363636
0.08362
0.06348545454545454
0.04376181818181818
-0.01992909090909091
0.08156545454545455
-0.061841818181818185
0.026298181818181814
0.08341454545454545
-0.07211454545454546
0.10848000000000001
0.05937636363636363
-0.12306727272727273
0.12080727272727272
0.0008218181818181817
-0.027736363636363635
0.08896181818181817
-0.03718727272727273
0.004314545454545455
0.02034
0.0226
-0.05115818181818182
0.04211818181818182
0.0012327272727272727
-0.03903636363636363
0.11197272727272727
-0.062458181818181815
0.02691454545454545
0.15450181818181818
-0.04150181818181818
0.008834545454545454
0.11998545454545453
0.030612727272727274
0.08978363636363636
0.0678
-0.032667272727272725
0.059170909090909087
0.07026545454545453
0.013354545454545456
0.0678
0.07026545454545453
-0.02075090909090909
0.1723763636363636
0.04746
-0.11875272727272726
0.1510090909090909
-0.07478545454545454
-0.12902545454545453
0.11669818181818181
-0.05362363636363636
-0.02527090909090909
0.1415581818181818
0.01890181818181818
0.05629454545454545
0.08793454545454545
-0.007601818181818181
0.11977999999999998
0.09759090909090909
0.018285454545454546
0.06595090909090909
0.07909999999999999
0.02342181818181818
0.06903272727272727
0.0063690909090909084
-0.07047090909090908
0.16641818181818183
-0.01890181818181818
-0.09060545454545453
0.21552181818181818
-0.010478181818181819
-0.040885454545454544
0.21716545454545452
-0.014998181818181817
0.05814363636363636
0.19189454545454546
-0.09615272727272728
0.06492363636363636
0.12512181818181817
-0.09738545454545454
0.009861818181818182
0.09841272727272728
-0.08834545454545455
0.013970909090909091
0.18511454545454545
-0.07108727272727272
0.08485272727272727
0.16703454545454544
-0.11361636363636363
0.04109090909090909
0.027530909090909092
-0.07519636363636363
0.03533818181818182
-0.12265636363636362
-0.10519272727272726
0.08033272727272728
0.02218909090909091
0.001438181818181818
0.11628727272727273
0.07190909090909091
0.02938
0.15819999999999998
-0.007601818181818181
0.012943636363636362
0.14566727272727273
-0.05218545454545454
0.028147272727272726
0.012943636363636362
-0.09224909090909092
0.11012363636363637
0.052390909090909085
-0.05300727272727272
0.10005636363636364
0.05526727272727273
-0.061841818181818185
0.09142727272727272
0.06821090909090909
-0.1723763636363636
0.07088181818181817
0.15819999999999998
-0.1261490909090909
0.1321072727272727
0.07745636363636363
-0.09204363636363636
0.15943272727272728
-0.00904
-0.014381818181818181
0.12799818181818182
0.035749090909090904
0.0069854545454545456
0.07766181818181818
-0.012943636363636362
-0.09019454545454544
0.20319454545454546
0.036776363636363635
-0.13457272727272726
0.1483381818181818
0.06040363636363636
0.07909999999999999
0.1994963636363636
0.039241818181818176
0.07601818181818182
0.13929818181818182
0.034927272727272723
0.06327999999999999
0.08814
-0.08690727272727272
-0.05341818181818182
0.03821454545454545
-0.22024727272727274
-0.02218909090909091
0.1292309090909091
-0.12676545454545454
0.09944
0.06040363636363636
-0.00020545454545454542
0.1623090909090909
0.05526727272727273
0.013354545454545456
0.08300363636363636
-0.04972
-0.15306363636363635
0.1058090909090909
-0.03718727272727273
-0.027120000000000002
0.18840181818181817
0.0034927272727272728
0.05341818181818182
0.19826363636363634
0.05259636363636363
0.05814363636363636
0.1247109090909091
-0.09861818181818181
0.02075090909090909
-0.023832727272727273
-0.11690363636363636
0.00226
-0.031023636363636364
-0.03554363636363636
0.06738909090909091
0.1193690909090909
-0.01171090909090909
0.22661636363636362
0.09163272727272727
0.005547272727272727
0.10930181818181818
0.023216363636363632
0.1125890909090909
-0.028147272727272726
-0.002876363636363636
0.03657090909090909
-0.018285454545454546
-0.1193690909090909
0.03533818181818182
0.02403818181818182
-0.08094909090909091
0.13477818181818182
0.16621272727272726
0.031639999999999995
0.031639999999999995
0.2631872727272727
-0.04458363636363636
0.05896545454545454
0.04047454545454546
-0.12758727272727272
0.11382181818181818
-0.1296418181818182
0.06122545454545455
0.08711272727272727
-0.019723636363636363
0.020545454545454544
0.15388545454545455
0.10724727272727272
-0.04725454545454546
0.15819999999999998
0.0020545454545454547
-0.05732181818181818
-0.020956363636363638
-0.02691454545454545
-0.032872727272727276
0.07971636363636364
-0.006163636363636363
-0.003287272727272727
0.12882
-0.11875272727272726
0.06307454545454545
0.14422909090909092
-0.11197272727272727
-0.07704545454545454
0.12347818181818182
-0.12676545454545454
0.012327272727272727
0.17176
-0.13107999999999997
0.13395636363636362
0.037598181818181815
-0.0041090909090909095
0.15758363636363634
0.07067636363636363
0.06410181818181818
0.14320181818181818
0.02403818181818182
-0.07334727272727272
0.17977272727272728
0.014792727272727272
-0.07129272727272727
0.07601818181818182
-0.025887272727272724
-0.1411472727272727
0.04437818181818182
-0.030818181818181814
-0.07190909090909091
0.16498
-0.005958181818181818
0.11320545454545454
0.1296418181818182
0.00452
0.15347454545454545
0.10806909090909089
-0.17792363636363634
-0.013970909090909091
0.10601454545454544
-0.18758
0.10108363636363636
0.12655999999999998
0.01664181818181818
0.20319454545454546
0.1555290909090909
0.01705272727272727
0.07745636363636363
0.12861454545454545
0.011094545454545454
0.08978363636363636
-0.03554363636363636
-0.04314545454545454
0.12306727272727273
-0.0113
0.030407272727272724
0.1577890909090909
-0.05732181818181818
0.0067800000000000004
0.1351890909090909
-0.1296418181818182
-0.010889090909090909
-0.00226
-0.10806909090909089
0.03513272727272727
0.04458363636363636
-0.01623090909090909
0.06369090909090909
0.047665454545454546
-0.07704545454545454
0.15450181818181818
-0.017463636363636362
-0.10930181818181818
0.24613454545454547
0.03533818181818182
-0.027736363636363635
0.17648545454545456
0.01808
0.0447890909090909
0.10437090909090908
-0.040885454545454544
0.04437818181818182
0.012532727272727272
-0.10909636363636364
-0.014792727272727272
0.09861818181818181
-0.053212727272727266
-0.031845454545454545
0.21696000000000001
-0.020956363636363638
0.03451636363636364
0.14361272727272725
-0.11875272727272726
0.040063636363636364
0.012532727272727272
-0.1351890909090909
0.020545454545454544
0.013354545454545456
0.027120000000000002
0.15902181818181815
0.051569090909090905
-0.0016436363636363634
0.15922727272727272
0.0741690909090909
-0.04540545454545454
0.06471818181818181
0.04930909090909091
-0.019723636363636363
0.10930181818181818
0.00945090909090909
-0.0069854545454545456
0.15819999999999998
-0.05896545454545454
0.010272727272727272
0.12265636363636362
-0.055883636363636364
0.09368727272727272
0.15224181818181817
-0.06369090909090909
0.05485636363636363
0.15614545454545453
-0.09286545454545453
0.07909999999999999
0.16354181818181818
-0.1148490909090909
0.043350909090909086
0.03143454545454545
-0.1397090909090909
0.1216290909090909
0.026298181818181814
-0.17607454545454546
0.10745272727272726
0.03739272727272727
-0.04376181818181818
0.09964545454545454
0.02301090909090909
0.05608909090909091
0.0786890909090909
-0.06307454545454545
-0.04684363636363636
0.1686781818181818
-0.01623090909090909
0.008218181818181819
0.18531999999999998
-0.07129272727272727
0.09245454545454544
0.13107999999999997
0.03554363636363636
0.14012
0.10683636363636365
-0.08074363636363636
0.048487272727272726
0.17402
-0.13806545454545455
0.1360109090909091
0.00945090909090909
-0.10416545454545453
0.12676545454545454
-0.11526
-0.019312727272727273
0.10272727272727272
0.01623090909090909
-0.06533454545454545
0.1415581818181818
0.03800909090909091
0.03554363636363636
0.2742818181818182
-0.02568181818181818
-0.08033272727272728
0.07334727272727272
-0.024654545454545453
-0.11423272727272726
0.013354545454545456
-0.04150181818181818
0.013149090909090907
-0.001849090909090909
0.012943636363636362
0.1921
0.04807636363636364
0.03328363636363636
0.09615272727272728
0.10868545454545453
-0.07745636363636363
0.08526363636363636
0.05115818181818182
-0.1171090909090909
0.13272363636363635
-0.019107272727272726
0.04068
0.09615272727272728
0.031845454545454545
0.06430727272727273
0.022805454545454542
-0.05300727272727272
-0.02116181818181818
0.07314181818181818
-0.08998909090909091
-0.0226
0.11115090909090909
0.004930909090909091
-0.034310909090909086
0.1058090909090909
-0.002670909090909091
0.042529090909090905
0.14731090909090908
-0.06944363636363636
0.08485272727272727
0.07211454545454546
-0.018696363636363636
0.13025818181818183
0.11628727272727273
-0.03554363636363636
0.10313818181818181
0.1193690909090909
-0.10231636363636364
0.1103290909090909
0.03821454545454545
-0.06204727272727273
0.07683999999999999
0.003287272727272727
0.027736363636363635
0.1633363636363636
0.052390909090909085
0.00862909090909091
0.1337509090909091
-0.08197636363636364
-0.009245454545454545
0.16724
-0.05465090909090909
-0.09286545454545453
0.10642545454545453
-0.011094545454545454
-0.0039036363636363635
0.21285090909090906
-0.1247109090909091
-0.0016436363636363634
0.12121818181818181
-0.11957454545454545
0.07560727272727272
0.02075090909090909
-0.03636545454545455
0.13046363636363634
0.02034
-0.10046727272727272
0.14977636363636362
0.07786727272727272
-0.015819999999999997
0.18285454545454544
-0.05300727272727272
-0.02157272727272727
0.16477454545454545
-0.0402690909090909
0.02342181818181818
0.14607818181818183
-0.04129636363636364
0.02157272727272727
0.12183454545454545
-0.046432727272727264
0.051569090909090905
0.04211818181818182
-0.09327636363636364
0.09471454545454545
0.07601818181818182
-0.06718363636363636
0.09368727272727272
0.17525272727272728
-0.027325454545454545
0.07334727272727272
0.06081454545454545
-0.13334
0.05937636363636363
-0.07725090909090909
-0.12450545454545454
0.022805454545454542
-0.026298181818181814
0.13580545454545453
0.11505454545454545
0.04314545454545454
0.12532727272727273
0.19456545454545454
0.10848000000000001
0.03554363636363636
0.14895454545454545
-0.0039036363636363635
0.01623090909090909
0.08156545454545455
-0.0452
0.03246181818181818
0.07088181818181817
-0.00020545454545454542
0.06040363636363636
0.057527272727272726
-0.09307090909090908
0.05814363636363636
0.049925454545454544
-0.14566727272727273
0.059170909090909087
0.08320909090909091
-0.09841272727272728
0.17833454545454544
0.1017
-0.1360109090909091
0.15265272727272727
0.10601454545454544
-0.06163636363636363
0.025476363636363634
-0.009245454545454545
-0.04376181818181818
0.09779636363636364
-0.05444545454545455
-0.14607818181818183
0.07396363636363636
-0.05136363636363636
-0.024654545454545453
0.1871690909090909
-0.019312727272727273
-0.003287272727272727
0.2527090909090909
0.0967690909090909
0.05629454545454545
0.1713490909090909
0.08772909090909091
0.05115818181818182
0.012121818181818182
-0.14772181818181818
-0.07725090909090909
-0.027941818181818182
-0.1713490909090909
0.06040363636363636
-0.01725818181818182
-0.06923818181818181
0.19703090909090906
0.05773272727272727
0.06574545454545455
0.19538727272727272
0.059170909090909087
0.012943636363636362
0.15799454545454544
-0.039241818181818176
-0.05259636363636363
0.03307818181818182
-0.08094909090909091
0.060609090909090904
0.09964545454545454
0.035749090909090904
0.14710545454545454
0.25538
-0.014381818181818181
0.11793090909090909
0.16292545454545454
-0.13868181818181818
0.09142727272727272
-0.01705272727272727
-0.09759090909090909
0.015203636363636362
-0.08526363636363636
0.08814
0.15306363636363635
-0.035749090909090904
0.08793454545454545
0.23935454545454546
0.007190909090909091
0.05773272727272727
0.1894290909090909
-0.043350909090909086
-0.06862181818181817
0.11341090909090909
-0.11176727272727273
-0.03718727272727273
0.057527272727272726
-0.18737454545454543
0.14279090909090908
-0.10724727272727272
-0.07026545454545453
0.22826000000000002
0.047665454545454546
0.012738181818181817
0.05362363636363636
0.19703090909090906
-0.13354545454545455
0.1370381818181818
0.01849090909090909
-0.17874545454545454
0.060609090909090904
-0.15450181818181818
0.043556363636363636
-0.029585454545454543
0.010889090909090909
0.06163636363636363
0.10190545454545454
0.07108727272727272
0.038625454545454546
0.19826363636363634
-0.03739272727272727
0.03533818181818182
0.05937636363636363
-0.11115090909090909
-0.042529090909090905
0.09738545454545454
-0.11443818181818181
0.06143090909090909
0.11526
-0.09985090909090909
0.12491636363636363
0.04109090909090909
0.07170363636363636
-0.0024654545454545454
0.04437818181818182
-0.029996363636363634
0.015409090909090907
0.15347454545454545
-0.07211454545454546
0.16292545454545454
0.10231636363636364
0.008423636363636364
0.19867454545454544
0.11567090909090909
0.02568181818181818
0.17956727272727271
0.007190909090909091
-0.03883090909090909
0.08937272727272727
-0.0067800000000000004
0.06656727272727272
-0.09307090909090908
-0.0741690909090909
-0.05855454545454545
0.025887272727272724
-0.007190909090909091
-0.015819999999999997
0.18162181818181816
-0.012532727272727272
0.11382181818181818
0.10046727272727272
0.020545454545454544
0.11197272727272727
0.07211454545454546
-0.07375818181818182
0.027120000000000002
-0.06595090909090909
-0.19662
0.17463636363636362
-0.019312727272727273
0.007807272727272727
0.1653909090909091
0.03883090909090909
0.09224909090909092
0.15203636363636364
0.11320545454545454
0.002670909090909091
0.08012727272727273
0.04294
-0.041912727272727275
-0.03718727272727273
-0.019312727272727273
-0.0067800000000000004
0.11587636363636362
-0.034927272727272723
-0.04746
0.11916363636363636
-0.07170363636363636
0.113
-0.014792727272727272
-0.18223818181818183
0.06512909090909091
0.04951454545454545
0.027736363636363635
0.013354545454545456
0.00945090909090909
0.08074363636363636
0.04047454545454546
0.012327272727272727
0.07725090909090909
0.014792727272727272
0.05095272727272727
0.06307454545454545
0.11793090909090909
0.0470490909090909
0.005752727272727272
0.2029890909090909
-0.03883090909090909
0.020545454545454544
0.07478545454545454
-0.10991818181818182
0.08362
0.05095272727272727
0.00226
0.009861818181818182
-0.009656363636363637
0.12080727272727272
0.10026181818181817
0.039241818181818176
-0.043350909090909086
0.00041090909090909085
-0.001849090909090909
-0.1351890909090909
0.01705272727272727
0.02218909090909091
-0.02239454545454545
0.12183454545454545
0.06841636363636364
-0.009861818181818182
0.08485272727272727
0.12060181818181817
0.08649636363636364
0.042734545454545456
-0.02075090909090909
0.010889090909090909
0.10519272727272726
0.02301090909090909
0.07437454545454546
0.12347818181818182
-0.07581272727272727
0.014792727272727272
0.07807272727272727
-0.03718727272727273
-0.01725818181818182
0.09060545454545453
-0.01890181818181818
0.01849090909090909
0.11813636363636362
-0.03533818181818182
0.20175636363636362
0.14669454545454544
-0.023216363636363632
0.14587272727272727
-0.005752727272727272
-0.11526
0.08115454545454545
0.033694545454545456
-0.20319454545454546
-0.03020181818181818
0.010683636363636364
-0.029585454545454543
0.10231636363636364
-0.032667272727272725
0.05198
0.26195454545454544
-0.029585454545454543
-0.016847272727272728
0.24284727272727274
-0.03143454545454545
0.07108727272727272
0.12224545454545453
-0.10252181818181817
0.04663818181818182
0.04376181818181818
0.01849090909090909
0.09800181818181818
0.016847272727272728
-0.07581272727272727
0.10478181818181817
0.06081454545454545
-0.020956363636363638
0.1325181818181818
-0.028969090909090906
-0.06389636363636363
0.09471454545454545
0.0010272727272727274
-0.028763636363636363
0.08896181818181817
-0.10231636363636364
0.005958181818181818
0.14710545454545454
-0.06841636363636364
0.11669818181818181
0.19045636363636362
-0.028763636363636363
-0.03225636363636363
0.07663454545454546
-0.05773272727272727
-0.010683636363636364
-0.020956363636363638
-0.14402363636363635
0.008834545454545454
-0.06636181818181817
-0.00226
0.17155454545454543
0.0805381818181818
0.06225272727272727
0.25661272727272727
0.10930181818181818
0.012943636363636362
0.19025090909090905
0.02157272727272727
-0.025065454545454544
0.03143454545454545
0.021367272727272728
-0.015614545454545454
0.06410181818181818
0.002876363636363636
-0.03636545454545455
0.14525636363636363
-0.08916727272727272
0.03739272727272727
0.15635090909090907
-0.0805381818181818
0.07889454545454545
0.11546545454545454
-0.08156545454545455
0.0940981818181818
0.1370381818181818
-0.15902181818181815
0.04869272727272727
0.08814
-0.07232
0.10704181818181817
0.07396363636363636
-0.06595090909090909
0.1224509090909091
0.06738909090909091
-0.005136363636363636
0.2142890909090909
-0.010067272727272725
-0.07129272727272727
0.16292545454545454
0.027736363636363635
-0.21346727272727273
0.11628727272727273
0.0940981818181818
-0.1360109090909091
0.20278363636363633
0.02650363636363636
0.04294
0.12286181818181818
-0.06985454545454545
0.06471818181818181
-0.03554363636363636
-0.09738545454545454
0.08834545454545455
0.038419999999999996
-0.13128545454545454
0.015819999999999997
0.08074363636363636
0.0012327272727272727
0.0069854545454545456
0.09533090909090909
-0.00020545454545454542
-0.018285454545454546
0.17792363636363634
-0.03944727272727273
0.09081090909090908
0.03944727272727273
-0.06101999999999999
0.17340363636363634
-0.08505818181818181
0.0470490909090909
0.22271272727272726
-0.012327272727272727
0.036776363636363635
0.12224545454545453
-0.0020545454545454547
0.08978363636363636
0.1366272727272727
0.033489090909090906
0.05876
0.03903636363636363
-0.011094545454545454
0.007190909090909091
0.02691454545454545
-0.07293636363636363
0.056705454545454545
0.013354545454545456
-0.03944727272727273
0.18860727272727273
0.027941818181818182
0.056705454545454545
0.18737454545454543
0.031229090909090908
0.02670909090909091
0.036776363636363635
-0.04663818181818182
0.04232363636363636
-0.014381818181818181
-0.10848000000000001
0.07232
0.02342181818181818
-0.03944727272727273
0.08012727272727273
0.13847636363636362
0.04068
0.043556363636363636
0.11895818181818181
-0.04910363636363636
0.019723636363636363
0.06410181818181818
-0.051569090909090905
0.08896181818181817
-0.004314545454545455
-0.04150181818181818
0.11402727272727273
-0.01725818181818182
-0.020956363636363638
0.06512909090909091
0.00041090909090909085
-0.041707272727272725
-0.02403818181818182
0.02403818181818182
0.009245454545454545
0.09492
0.04314545454545454
-0.04314545454545454
0.12902545454545453
-0.00945090909090909
-0.0008218181818181817
0.13025818181818183
-0.11505454545454545
0.0006163636363636364
0.13642181818181817
-0.09101636363636363
0.08649636363636364
0.12738181818181818
-0.062458181818181815
0.07396363636363636
0.07786727272727272
-0.018696363636363636
0.015203636363636362
0.1088909090909091
0.003287272727272727
0.11238363636363637
0.17258181818181817
-0.06718363636363636
0.20093454545454545
0.20093454545454545
-0.08896181818181817
0.07827818181818182
0.02075090909090909
-0.10971272727272725
0.05547272727272727
-0.03513272727272727
-0.06512909090909091
0.10642545454545453
-0.02013454545454545
-0.0034927272727272728
0.1999072727272727
0.07108727272727272
-0.02568181818181818
0.17422545454545454
-0.02157272727272727
-0.034310909090909086
0.11361636363636363
-0.1292309090909091
0.08033272727272728
0.0538290909090909
-0.01766909090909091
0.12758727272727272
0.05629454545454545
0.0452
0.10416545454545453
0.11053454545454545
-0.08403090909090909
0.08259272727272728
0.05095272727272727
-0.1411472727272727
0.02362727272727273
-0.05341818181818182
-0.10149454545454545
0.10539818181818181
0.002670909090909091
-0.025476363636363634
0.15306363636363635
-0.012327272727272727
0.11094545454545454
0.09081090909090908
-0.006574545454545454
0.13683272727272727
0.04437818181818182
-0.02116181818181818
-0.02218909090909091
0.013765454545454546
-0.06903272727272727
0.02157272727272727
0.007807272727272727
-0.09985090909090909
0.07047090909090908
0.08731818181818181
-0.0016436363636363634
0.15717272727272727
0.14032545454545453
0.029996363636363634
0.20319454545454546
-0.02609272727272727
-0.035749090909090904
0.12142363636363637
-0.011916363636363636
-0.0402690909090909
-0.028763636363636363
0.027941818181818182
0.007396363636363636
0.0990290909090909
0.09820727272727273
0.08937272727272727
0.14874909090909091
-0.023216363636363632
0.0030818181818181817
0.16066545454545456
-0.1464890909090909
-0.09122181818181817
0.19415454545454544
-0.15306363636363635
0.036776363636363635
0.11916363636363636
-0.031845454545454545
0.11813636363636362
0.04211818181818182
0.08916727272727272
0.02075090909090909
0.02444909090909091
-0.058349090909090906
0.039241818181818176
0.017874545454545452
-0.1766909090909091
0.21634363636363635
0.054034545454545446
-0.1076581818181818
0.28065090909090906
0.05793818181818181
0.005341818181818182
0.25209272727272725
-0.07930545454545455
0.03616
0.08670181818181817
-0.13313454545454545
0.028147272727272726
0.05362363636363636
-0.06985454545454545
-0.13991454545454546
0.07314181818181818
-0.10252181818181817
-0.04129636363636364
0.2120290909090909
-0.08772909090909091
0.09307090909090908
0.17689636363636363
-0.07909999999999999
0.14237999999999998
0.13190181818181818
-0.09060545454545453
0.07971636363636364
-0.05526727272727273
-0.1653909090909091
0.057527272727272726
0.021367272727272728
0.013970909090909091
0.1631309090909091
0.04417272727272727
0.07478545454545454
0.2075090909090909
0.002670909090909091
0.15142
0.15265272727272727
-0.05198
0.07190909090909091
0.06964909090909091
-0.027736363636363635
0.03739272727272727
0.10313818181818181
-0.05054181818181818
0.08567454545454545
0.05937636363636363
-0.07149818181818181
0.15039272727272726
-0.03657090909090909
-0.14464
0.02198363636363636
-0.06204727272727273
-0.04458363636363636
0.15943272727272728
0.04437818181818182
0.003698181818181818
0.10601454545454544
0.009245454545454545
0.07396363636363636
0.11772545454545454
-0.010889090909090909
0.06492363636363636
0.17525272727272728
-0.05711636363636363
0.08012727272727273
0.10149454545454545
0.004314545454545455
0.1148490909090909
-0.09718
-0.02650363636363636
-0.02691454545454545
0.013354545454545456
0.02239454545454545
0.0024654545454545454
0.02691454545454545
-0.04602181818181818
0.19559272727272728
0.09245454545454544
-0.031639999999999995
0.09101636363636363
0.0041090909090909095
-0.09800181818181818
-0.015409090909090907
-0.09964545454545454
-0.03143454545454545
0.04376181818181818
-0.07478545454545454
0.1532690909090909
0.07396363636363636
-0.03616
0.11998545454545453
0.2181927272727273
-0.06081454545454545
-0.08382545454545455
0.1686781818181818
-0.07293636363636363
0.12368363636363637
0.1012890909090909
-0.0904
0.10396
0.0727309090909091
0.01890181818181818
0.09820727272727273
0.07149818181818181
-0.013354545454545456
0.15142
-0.010478181818181819
-0.10971272727272725
0.17628
0.13457272727272726
-0.08033272727272728
0.06533454545454545
0.004930909090909091
-0.12532727272727273
0.15717272727272727
-0.019107272727272726
-0.03636545454545455
0.045610909090909084
-0.16046
0.053212727272727266
0.14402363636363635
-0.03883090909090909
0.09574181818181818
0.06040363636363636
-0.11217818181818182
0.10334363636363636
0.09944
-0.02609272727272727
0.10211090909090909
0.15039272727272726
-0.07149818181818181
0.027941818181818182
0.14895454545454545
-0.013354545454545456
0.23236909090909091
0.02938
-0.15265272727272727
0.23524545454545454
-0.011094545454545454
-0.04828181818181818
0.18306
-0.08012727272727273
-0.05876
0.1193690909090909
0.0339
-0.04396727272727272
0.051569090909090905
-0.0010272727272727274
-0.00226
0.10293272727272727
-0.03944727272727273
0.13621636363636364
0.1935381818181818
-0.060609090909090904
0.14936545454545455
0.11875272727272726
-0.20607090909090908
0.04807636363636364
0.07396363636363636
-0.18018363636363635
-0.05259636363636363
-0.002876363636363636
0.015819999999999997
0.02568181818181818
0.08649636363636364
0.08629090909090908
0.1296418181818182
0.14135272727272727
0.003287272727272727
0.19600363636363635
-0.024654545454545453
-0.05465090909090909
0.18100545454545455
-0.08875636363636363
-0.05937636363636363
0.13765454545454545
0.054034545454545446
-0.02075090909090909
0.04663818181818182
-0.02938
0.027736363636363635
-0.010478181818181819
-0.05855454545454545
0.003287272727272727
-0.04663818181818182
0.048487272727272726
0.04807636363636364
0.04663818181818182
-0.04972
0.07396363636363636
0.08197636363636364
-0.10005636363636364
0.13929818181818182
0.09985090909090909
-0.06081454545454545
0.07581272727272727
0.09779636363636364
-0.01171090909090909
0.09779636363636364
-0.015819999999999997
0.05115818181818182
0.19292181818181817
-0.13785999999999998
0.04663818181818182
0.1397090909090909
-0.10190545454545454
-0.02301090909090909
0.16128181818181817
0.058349090909090906
0.0113
0.17710181818181817
0.04725454545454546
-0.012327272727272727
0.06492363636363636
0.03246181818181818
0.02403818181818182
0.047665454545454546
-0.08546909090909091
0.1193690909090909
0.09368727272727272
-0.15203636363636364
0.21572727272727274
0.09759090909090909
-0.17751272727272727
0.09327636363636364
0.15635090909090907
-0.04910363636363636
0.10868545454545453
0.06101999999999999
-0.033694545454545456
0.10149454545454545
-0.06862181818181817
0.07622363636363635
0.0990290909090909
-0.04951454545454545
0.055678181818181814
0.11957454545454545
-0.008423636363636364
0.001438181818181818
0.17792363636363634
-0.02527090909090909
-0.001849090909090909
0.09265999999999999
-0.028558181818181816
0.005136363636363636
-0.037598181818181815
-0.04807636363636364
0.06862181818181817
-0.028969090909090906
-0.06204727272727273
0.1495709090909091
0.03307818181818182
0.10272727272727272
0.1551181818181818
-0.031639999999999995
0.03636545454545455
0.016025454545454544
-0.05732181818181818
-0.05958181818181818
0.002670909090909091
-0.07149818181818181
-0.012121818181818182
0.01890181818181818
0.005547272727272727
0.2188090909090909
0.04622727272727272
0.010889090909090909
0.22661636363636362
0.0067800000000000004
0.050747272727272724
0.1631309090909091
-0.06143090909090909
-0.009245454545454545
0.019312727272727273
-0.02301090909090909
-0.043350909090909086
0.0741690909090909
0.12717636363636362
0.04376181818181818
0.12039636363636362
-0.05465090909090909
0.06266363636363637
0.15162545454545454
-0.11690363636363636
0.08362
0.1193690909090909
-0.12779272727272725
0.0402690909090909
0.15573454545454543
-0.002876363636363636
0.07314181818181818
0.04889818181818182
-0.05485636363636363
0.08238727272727273
0.040885454545454544
0.0069854545454545456
0.12758727272727272
-0.006163636363636363
-0.11382181818181818
0.04068
0.034927272727272723
-0.05341818181818182
0.16025454545454546
0.13950363636363636
-0.1569672727272727
0.1524472727272727
0.17463636363636362
0.052390909090909085
0.21696000000000001
-0.07519636363636363
0.017874545454545452
0.06204727272727273
-0.17114363636363633
-0.08814
-0.03965272727272728
-0.15799454545454544
-0.12779272727272725
0.04602181818181818
-0.04540545454545454
0.07293636363636363
0.20360545454545456
0.04807636363636364
0.17340363636363634
0.20792
-0.05341818181818182
0.07252545454545453
0.0764290909090909
-0.07930545454545455
-0.01623090909090909
-0.13190181818181818
-0.035749090909090904
0.1284090909090909
0.02650363636363636
-0.005547272727272727
0.2650363636363636
0.10806909090909089
0.01725818181818182
0.2052490909090909
-0.11115090909090909
-0.027120000000000002
0.04869272727272727
-0.10087818181818181
-0.12553272727272727
-0.00020545454545454542
-0.02486
0.07704545454545454
0.22805454545454545
-0.07581272727272727
0.20997454545454544
0.23216363636363635
0.10786363636363637
0.0904
0.06862181818181817
0.028147272727272726
-0.08012727272727273
0.04417272727272727
-0.13498363636363636
0.06903272727272727
-0.07437454545454546
-0.09944
0.06307454545454545
-0.02218909090909091
0.13950363636363636
0.13231272727272728
0.15573454545454543
0.03965272727272728
0.2194254545454545
0.03698181818181818
-0.03020181818181818
0.11875272727272726
-0.06862181818181817
-0.06862181818181817
-0.06595090909090909
-0.007190909090909091
-0.09224909090909092
0.06738909090909091
-0.012738181818181817
0.08238727272727273
0.18573090909090906
-0.03780363636363636
0.06985454545454545
0.16272
-0.012943636363636362
-0.15655636363636363
0.11382181818181818
-0.20381090909090907
-0.1171090909090909
0.13313454545454545
-0.10909636363636364
0.059170909090909087
0.04725454545454546
0.029585454545454543
0.0918381818181818
0.05280181818181818
-0.018696363636363636
0.12019090909090908
-0.01171090909090909
-0.07478545454545454
0.15943272727272728
-0.005341818181818182
-0.013354545454545456
0.19189454545454546
0.050747272727272724
-0.02938
0.23504
-0.010067272727272725
0.05691090909090909
0.21079636363636362
-0.1721709090909091
0.06512909090909091
0.16292545454545454
-0.11854727272727272
0.00041090909090909085
0.03410545454545454
-0.19148363636363636
-0.02527090909090909
0.058349090909090906
-0.06964909090909091
0.06492363636363636
0.09327636363636364
0.03636545454545455
0.16662363636363633
0.11546545454545454
0.0113
0.26791272727272725
0.02486
-0.1577890909090909
0.07704545454545454
-0.12347818181818182
-0.07478545454545454
0.0990290909090909
0.016847272727272728
0.11382181818181818
0.14607818181818183
0.02403818181818182
0.20114
0.24017636363636363
0.004314545454545455
0.12203999999999998
0.11567090909090909
-0.1415581818181818
-0.007807272727272727
0.045610909090909084
-0.16128181818181817
0.06841636363636364
0.05711636363636363
-0.11341090909090909
0.057527272727272726
-0.008423636363636364
0.005136363636363636
0.09245454545454544
-0.06040363636363636
-0.08485272727272727
0.1193690909090909
0.034310909090909086
-0.05999272727272727
0.0565
0.04828181818181818
0.03451636363636364
0.02938
0.004930909090909091
0.014998181818181817
0.11752
0.031023636363636364
0.1524472727272727
0.15039272727272726
-0.10868545454545453
0.1356
0.0904
-0.06821090909090909
0.04602181818181818
-0.023832727272727273
-0.09615272727272728
0.02938
-0.02486
-0.019312727272727273
0.10663090909090908
-0.021778181818181818
0.10231636363636364
0.08115454545454545
-0.029174545454545453
-0.003698181818181818
0.04417272727272727
0.02670909090909091
-0.13025818181818183
0.07170363636363636
-0.013970909090909091
0.03780363636363636
0.1808
-0.0918381818181818
0.15347454545454545
0.15984363636363638
-0.07047090909090908
0.14936545454545455
0.08567454545454545
-0.14854363636363635
0.04951454545454545
0.13087454545454547
-0.014998181818181817
0.10375454545454545
0.08485272727272727
-0.036776363636363635
0.07704545454545454
0.005958181818181818
-0.09081090909090908
0.1744309090909091
-0.00020545454545454542
-0.07211454545454546
0.2029890909090909
-0.03410545454545454
0.03328363636363636
0.2138781818181818
0.07375818181818182
-0.01890181818181818
0.06307454545454545
-0.02362727272727273
-0.08238727272727273
0.1012890909090909
-0.15470727272727272
-0.06430727272727273
0.11074
-0.13929818181818182
0.05999272727272727
0.1193690909090909
-0.062458181818181815
0.2342181818181818
0.11690363636363636
-0.1321072727272727
0.19189454545454546
0.043556363636363636
-0.013765454545454546
0.1676509090909091
-0.001849090909090909
-0.08670181818181817
0.05629454545454545
0.10827454545454546
-0.0030818181818181817
0.05465090909090909
-0.013149090909090907
0.08937272727272727
0.12697090909090908
-0.09101636363636363
0.03472181818181818
0.08218181818181818
-0.06697818181818181
-0.008834545454545454
0.07519636363636363
-0.06718363636363636
0.06821090909090909
0.04663818181818182
-0.05937636363636363
0.13847636363636362
0.009245454545454545
0.020545454545454544
0.17545818181818182
-0.010478181818181819
-0.0749909090909091
0.08485272727272727
-0.0470490909090909
-0.10478181818181817
0.0067800000000000004
-0.09245454545454544
-0.07581272727272727
0.034310909090909086
0.002876363636363636
0.08711272727272727
0.20853636363636363
0.054240000000000003
0.15347454545454545
0.1623090909090909
-0.054240000000000003
0.1415581818181818
0.07190909090909091
-0.13806545454545455
0.054034545454545446
0.05711636363636363
-0.10848000000000001
0.013970909090909091
0.07971636363636364
-0.00945090909090909
0.03472181818181818
0.031639999999999995
-0.0041090909090909095
0.045816363636363634
-0.020956363636363638
-0.0113
0.19641454545454545
-0.009656363636363637
-0.07232
0.2138781818181818
0.01890181818181818
-0.02979090909090909
0.1682672727272727
0.07458
-0.037598181818181815
0.14710545454545454
0.09471454545454545
-0.08033272727272728
0.12101272727272726
0.05629454545454545
0.039241818181818176
0.08464727272727272
-0.06101999999999999
0.06533454545454545
0.0538290909090909
-0.08156545454545455
0.03800909090909091
0.05814363636363636
-0.0727309090909091
0.06492363636363636
0.16210363636363637
-0.03616
0.05629454545454545
0.15840545454545454
-0.08916727272727272
-0.0034927272727272728
0.06266363636363637
-0.07663454545454546
0.06040363636363636
-0.0447890909090909
-0.06410181818181818
0.0904
-0.02568181818181818
-0.01849090909090909
0.12594363636363634
0.024243636363636363
-0.10334363636363636
0.16580181818181816
0.033489090909090906
-0.09594727272727273
0.14464
-0.06615636363636364
0.013765454545454546
0.12799818181818182
-0.04869272727272727
0.09492
0.05937636363636363
0.00226
0.1464890909090909
-0.013354545454545456
-0.0067800000000000004
0.15429636363636362
0.03718727272727273
-0.056705454545454545
0.019107272727272726
0.06821090909090909
-0.05711636363636363
0.0904
0.02342181818181818
-0.07930545454545455
0.17176
-0.003698181818181818
0.04047454545454546
0.1360109090909091
-0.013560000000000001
0.1524472727272727
0.10704181818181817
-0.06615636363636364
0.05793818181818181
0.06923818181818181
-0.05732181818181818
0.009656363636363637
0.025887272727272724
-0.03780363636363636
0.05937636363636363
0.08444181818181817
0.02609272727272727
0.12738181818181818
0.06553999999999999
0.027941818181818182
0.18203272727272726
-0.006574545454545454
-0.008218181818181819
0.17792363636363634
-0.039241818181818176
-0.07026545454545453
0.12738181818181818
-0.033694545454545456
-0.05691090909090909
0.10560363636363636
0.0020545454545454547
-0.02362727272727273
0.033694545454545456
-0.01849090909090909
-0.031845454545454545
0.0339
-0.09861818181818181
-0.008834545454545454
0.16744545454545454
-0.06081454545454545
0.029174545454545453
0.14320181818181818
-0.07683999999999999
0.04232363636363636
0.11074
-0.10745272727272726
0.04150181818181818
0.09081090909090908
-0.018285454545454546
0.03533818181818182
0.009245454545454545
0.07992181818181819
0.10005636363636364
-0.00041090909090909085
-0.07909999999999999
0.14607818181818183
0.0538290909090909
-0.03965272727272728
0.2346290909090909
-0.08752363636363636
-0.043350909090909086
0.19826363636363634
-0.032872727272727276
-0.05999272727272727
0.11916363636363636
-0.0727309090909091
-0.035954545454545454
0.16025454545454546
-0.1247109090909091
0.054240000000000003
0.12984727272727273
-0.003287272727272727
0.15183090909090907
0.18984
-0.02691454545454545
0.1216290909090909
0.1881963636363636
-0.20504363636363634
0.10539818181818181
0.08218181818181818
-0.14381818181818182
0.13087454545454547
0.09307090909090908
-0.07006
0.09389272727272728
0.15984363636363638
0.04889818181818182
0.12450545454545454
-0.09265999999999999
-0.02301090909090909
0.13950363636363636
-0.12676545454545454
-0.045610909090909084
0.16724
-0.11464363636363636
-0.03328363636363636
0.19127818181818182
-0.055061818181818184
0.12450545454545454
0.10663090909090908
0.002876363636363636
0.015614545454545454
-0.020956363636363638
-0.012738181818181817
0.03472181818181818
0.04622727272727272
-0.13477818181818182
0.09245454545454544
-0.036776363636363635
-0.15347454545454545
0.09327636363636364
0.015614545454545454
-0.10991818181818182
0.05341818181818182
0.08731818181818181
0.02034
0.13005272727272726
-0.0008218181818181817
0.23236909090909091
0.15059818181818183
-0.07149818181818181
0.07334727272727272
0.051569090909090905
-0.012327272727272727
-0.029585454545454543
0.05629454545454545
-0.10642545454545453
0.03554363636363636
0.08526363636363636
0.02157272727272727
0.14073636363636363
0.06019818181818181
0.04211818181818182
0.031845454545454545
-0.04376181818181818
-0.012738181818181817
0.06307454545454545
-0.11382181818181818
0.062458181818181815
0.12655999999999998
0.005547272727272727
0.08793454545454545
0.15635090909090907
0.048487272727272726
-0.035954545454545454
0.2229181818181818
-0.1397090909090909
-0.04951454545454545
0.12882
-0.07108727272727272
0.11895818181818181
-0.0067800000000000004
0.048487272727272726
0.17504727272727272
0.09245454545454544
-0.02075090909090909
0.22620545454545452
0.05218545454545454
-0.18449818181818184
0.11628727272727273
0.07396363636363636
-0.07766181818181818
-0.041707272727272725
0.13457272727272726
-0.16189818181818183
-0.04109090909090909
0.031023636363636364
-0.08505818181818181
0.14073636363636363
-0.08793454545454545
0.015203636363636362
0.16354181818181818
-0.04725454545454546
0.03739272727272727
0.24572363636363637
-0.07211454545454546
-0.05198
0.08937272727272727
-0.10786363636363637
-0.05054181818181818
-0.008834545454545454
0.05465090909090909
0.08629090909090908
0.1600490909090909
0.018285454545454546
0.10457636363636363
0.21901454545454546
0.07848363636363635
0.19456545454545454
-0.013970909090909091
-0.14176363636363634
0.05629454545454545
0.0020545454545454547
-0.06348545454545454
0.04232363636363636
0.016025454545454544
0.07971636363636364
0.06636181818181817
-0.06225272727272727
0.001438181818181818
-0.0039036363636363635
-0.009245454545454545
-0.003698181818181818
0.0020545454545454547
-0.0727309090909091
0.11176727272727273
0.25209272727272725
0.012738181818181817
0.07540181818181818
0.050747272727272724
-0.005341818181818182
0.12861454545454545
0.008834545454545454
-0.006163636363636363
0.07006
0.027325454545454545
0.12203999999999998
0.08937272727272727
-0.01725818181818182
0.04211818181818182
0.1415581818181818
0.014176363636363636
-0.14854363636363635
0.034927272727272723
0.011916363636363636
-0.07334727272727272
0.03307818181818182
-0.005958181818181818
0.0990290909090909
0.10704181818181817
0.02157272727272727
0.13868181818181818
0.005958181818181818
-0.1058090909090909
0.019312727272727273
0.006574545454545454
-0.10252181818181817
-0.031023636363636364
0.025887272727272724
-0.0678
0.0967690909090909
0.09697454545454545
-0.07026545454545453
0.08177090909090909
0.17114363636363633
0.028969090909090906
0.07334727272727272
0.08998909090909091
0.013970909090909091
0.1881963636363636
0.03698181818181818
-0.014381818181818181
0.06738909090909091
-0.023216363636363632
-0.014587272727272727
0.04129636363636364
0.02979090909090909
-0.09718
0.09882363636363636
0.016847272727272728
-0.027120000000000002
0.17771818181818183
0.07334727272727272
0.041707272727272725
0.08012727272727273
-0.010478181818181819
-0.08033272727272728
0.0020545454545454547
-0.07827818181818182
0.07560727272727272
0.012532727272727272
-0.1528581818181818
0.11895818181818181
0.07745636363636363
0.042529090909090905
0.1555290909090909
0.09389272727272728
-0.07663454545454546
0.0764290909090909
0.10108363636363636
-0.037598181818181815
0.1356
-0.001849090909090909
-0.06225272727272727
0.14053090909090907
-0.06307454545454545
-0.03143454545454545
0.24839454545454545
0.008423636363636364
0.02568181818181818
0.04951454545454545
-0.054034545454545446
0.11115090909090909
0.07396363636363636
-0.013354545454545456
0.02938
0.04725454545454546
-0.15963818181818182
0.07478545454545454
0.0678
-0.18223818181818183
0.18593636363636362
0.06718363636363636
-0.04047454545454546
0.18860727272727273
0.1296418181818182
0.052390909090909085
0.1058090909090909
-0.027120000000000002
-0.06697818181818181
0.00904
-0.10806909090909089
-0.02075090909090909
-0.02013454545454545
-0.07006
-0.07375818181818182
0.20668727272727272
0.17854
0.023832727272727273
0.2825
-0.016436363636363638
0.09656363636363637
0.1321072727272727
-0.14772181818181818
0.07088181818181817
0.014176363636363636
-0.04150181818181818
-0.025476363636363634
0.03616
0.0565
-0.020956363636363638
0.03513272727272727
0.004930909090909091
0.031023636363636364
0.001438181818181818
-0.06882727272727272
0.06821090909090909
0.03246181818181818
-0.05444545454545455
0.10087818181818181
0.01664181818181818
-0.025476363636363634
0.13231272727272728
0.05198
0.05115818181818182
0.11690363636363636
-0.02075090909090909
0.09841272727272728
0.11382181818181818
-0.11443818181818181
0.12717636363636362
0.09348181818181817
-0.11834181818181817
0.033489090909090906
0.06471818181818181
-0.059170909090909087
-0.01992909090909091
0.05526727272727273
-0.038419999999999996
0.11752
0.08567454545454545
0.005752727272727272
0.17319818181818183
-0.0008218181818181817
-0.006574545454545454
0.12203999999999998
-0.054240000000000003
-0.0565
0.12553272727272727
0.03451636363636364
-0.06512909090909091
0.03472181818181818
0.04951454545454545
0.006574545454545454
0.07601818181818182
0.012532727272727272
0.05341818181818182
0.14977636363636362
-0.09594727272727273
0.13334
0.10745272727272726
-0.17299272727272727
0.18901818181818184
0.08526363636363636
-0.033694545454545456
0.12203999999999998
0.027736363636363635
0.03718727272727273
0.09265999999999999
0.04129636363636364
-0.005547272727272727
0.10868545454545453
0.02979090909090909
0.005136363636363636
0.13642181818181817
-0.10252181818181817
-0.05341818181818182
0.14381818181818182
-0.14484545454545456
-0.028969090909090906
0.1216290909090909
-0.10704181818181817
0.10745272727272726
0.12039636363636362
-0.027736363636363635
0.12820363636363635
0.07334727272727272
-0.019312727272727273
0.06800545454545455
-0.008834545454545454
-0.14094181818181817
0.07704545454545454
0.014792727272727272
-0.14669454545454544
0.09224909090909092
0.027325454545454545
-0.0024654545454545454
0.1555290909090909
0.06718363636363636
0.07129272727272727
0.09224909090909092
-0.002670909090909091
0.06430727272727273
0.04129636363636364
-0.06821090909090909
0.005752727272727272
-0.001438181818181818
-0.055678181818181814
0.045816363636363634
0.06122545454545455
-0.0030818181818181817
0.06040363636363636
0.10806909090909089
-0.04540545454545454
-0.02362727272727273
0.08896181818181817
-0.0339
0.05608909090909091
0.03472181818181818
-0.008834545454545454
0.1224509090909091
0.045816363636363634
0.03451636363636364
0.1261490909090909
0.06595090909090909
-0.030612727272727274
0.09389272727272728
0.018285454545454546
-0.06595090909090909
0.12882
0.034927272727272723
-0.0565
0.11875272727272726
0.09450909090909092
-0.0113
0.14073636363636363
0.09779636363636364
0.05629454545454545
0.16046
-0.0226
0.007807272727272727
0.15162545454545454
-0.06923818181818181
-0.03554363636363636
0.08608545454545455
-0.22086363636363635
-0.09635818181818182
0.09533090909090909
-0.05937636363636363
0.04150181818181818
0.07149818181818181
-0.043350909090909086
0.14443454545454545
0.15367999999999998
-0.04294
0.18901818181818184
0.06882727272727272
-0.10704181818181817
0.09923454545454545
-0.05444545454545455
-0.14032545454545453
0.1012890909090909
-0.02013454545454545
-0.12943636363636363
0.09492
-0.00041090909090909085
0.13539454545454546
0.22045272727272727
-0.015614545454545454
0.045610909090909084
0.01623090909090909
-0.09882363636363636
-0.016436363636363638
0.04396727272727272
-0.1341618181818182
0.017463636363636362
0.04787090909090909
-0.02609272727272727
0.22045272727272727
0.06615636363636364
0.011916363636363636
0.14813272727272728
0.04787090909090909
-0.0447890909090909
0.08259272727272728
-0.007190909090909091
-0.019107272727272726
0.07601818181818182
-0.07745636363636363
-0.0402690909090909
0.07211454545454546
0.05691090909090909
0.005136363636363636
0.20011272727272728
-0.045816363636363634
0.09081090909090908
0.3048945454545454
-0.050747272727272724
0.1758690909090909
0.10498727272727272
0.013560000000000001
0.019312727272727273
-0.008423636363636364
0.03225636363636363
0.013970909090909091
-0.04663818181818182
-0.113
0.13128545454545454
0.010272727272727272
0.01992909090909091
0.18203272727272726
0.13457272727272726
-0.04437818181818182
0.0
0.07786727272727272
-0.14710545454545454
0.06944363636363636
-0.05876
-0.11156181818181818
0.10704181818181817
-0.06738909090909091
0.028558181818181816
0.1686781818181818
-0.061841818181818185
0.04807636363636364
0.1791563636363636
-0.1292309090909091
-0.0041090909090909095
0.021367272727272728
-0.09574181818181818
0.031023636363636364
0.08197636363636364
0.018696363636363636
0.059170909090909087
0.18018363636363635
0.007190909090909091
0.09923454545454545
0.1495709090909091
-0.11608181818181817
-0.018285454545454546
-0.015614545454545454
-0.1325181818181818
0.11916363636363636
0.0
-0.09964545454545454
0.13087454545454547
-0.09101636363636363
-0.060609090909090904
0.16354181818181818
0.04232363636363636
0.002670909090909091
0.1360109090909091
0.015203636363636362
0.010889090909090909
0.13909272727272726
-0.018285454545454546
0.09060545454545453
0.04376181818181818
-0.10457636363636363
0.016847272727272728
0.04746
-0.03205090909090909
0.13395636363636362
0.19004545454545455
-0.03533818181818182
0.1668290909090909
0.17422545454545454
0.07951090909090908
0.19929090909090907
0.07951090909090908
0.0012327272727272727
0.04211818181818182
-0.046432727272727264
-0.05999272727272727
0.027941818181818182
-0.06225272727272727
0.018696363636363636
0.14874909090909091
-0.03554363636363636
-0.010067272727272725
0.08238727272727273
-0.03451636363636364
-0.014998181818181817
-0.07889454545454545
-0.07889454545454545
0.07067636363636363
0.11238363636363637
0.028147272727272726
0.06615636363636364
0.06718363636363636
0.0008218181818181817
0.20093454545454545
0.050747272727272724
-0.08567454545454545
0.10868545454545453
0.09101636363636363
-0.004725454545454545
0.04807636363636364
0.025065454545454544
-0.08464727272727272
0.09492
0.07375818181818182
-0.04294
0.02157272727272727
-0.01890181818181818
-0.007601818181818181
0.04807636363636364
-0.05115818181818182
0.011505454545454544
0.15491272727272726
-0.02157272727272727
0.09779636363636364
0.05485636363636363
-0.11156181818181818
-0.04396727272727272
-0.07951090909090908
-0.05095272727272727
-0.06738909090909091
0.02609272727272727
0.09779636363636364
0.14340727272727272
0.10272727272727272
0.00945090909090909
0.10519272727272726
0.11854727272727272
0.05465090909090909
0.10868545454545453
-0.02444909090909091
-0.034927272727272723
0.15347454545454545
-0.036776363636363635
0.029996363636363634
0.10950727272727273
-0.04129636363636364
0.040063636363636364
0.16436363636363635
0.00226
-0.040885454545454544
0.13190181818181818
-0.05814363636363636
0.019723636363636363
0.027120000000000002
-0.05629454545454545
0.11567090909090909
0.09656363636363637
-0.01890181818181818
-0.014998181818181817
0.032667272727272725
-0.04910363636363636
0.028763636363636363
0.03616
-0.12738181818181818
-0.003287272727272727
0.22209636363636362
0.0
0.11094545454545454
0.0565
0.02938
0.2120290909090909
-0.1284090909090909
0.13128545454545454
0.09163272727272727
0.011094545454545454
-0.04540545454545454
0.04889818181818182
0.0447890909090909
-0.13847636363636362
0.2681181818181818
-0.04540545454545454
0.0786890909090909
0.03965272727272728
-0.030818181818181814
0.16251454545454544
0.028558181818181816
-0.04951454545454545
-0.00041090909090909085
0.18244363636363634
-0.13539454545454546
0.18614181818181816
0.02198363636363636
-0.03657090909090909
0.08978363636363636
-0.03205090909090909
0.1216290909090909
-0.07745636363636363
0.05711636363636363
-0.03472181818181818
0.08731818181818181
-0.0805381818181818
-0.012738181818181817
0.07067636363636363
-0.16703454545454544
0.005136363636363636
0.028969090909090906
-0.0010272727272727274
-0.019312727272727273
0.19723636363636363
-0.017874545454545452
0.19538727272727272
0.12429999999999998
-0.040063636363636364
0.2233290909090909
0.07334727272727272
0.01890181818181818
-0.12039636363636362
-0.014587272727272727
-0.0741690909090909
0.05485636363636363
-0.04376181818181818
-0.0918381818181818
0.13025818181818183
-0.0039036363636363635
0.03533818181818182
0.07971636363636364
0.0069854545454545456
-0.12224545454545453
0.11772545454545454
-0.00862909090909091
0.001438181818181818
0.11341090909090909
-0.005752727272727272
0.12532727272727273
0.08197636363636364
0.00862909090909091
0.01725818181818182
0.20874181818181817
-0.04417272727272727
0.039241818181818176
0.14340727272727272
-0.1329290909090909
0.13457272727272726
0.08896181818181817
-0.030612727272727274
0.09101636363636363
0.08444181818181817
-0.00226
0.1356
0.028147272727272726
-0.13334
0.18326545454545454
0.041707272727272725
-0.06143090909090909
0.1894290909090909
0.10622
-0.07807272727272727
0.12758727272727272
0.07088181818181817
-0.20463272727272727
0.08649636363636364
0.03616
-0.04663818181818182
0.11074
-0.19456545454545454
0.05814363636363636
0.2633927272727273
-0.12327272727272726
-0.0006163636363636364
0.20915272727272727
-0.03205090909090909
-0.07108727272727272
0.2120290909090909
-0.14012
-0.030818181818181814
0.113
-0.16292545454545454
0.10827454545454546
0.032872727272727276
0.06923818181818181
0.21963090909090907
-0.010067272727272725
-0.053212727272727266
0.13539454545454546
-0.01664181818181818
-0.057527272727272726
0.054034545454545446
-0.0741690909090909
-0.07540181818181818
0.09861818181818181
0.06800545454545455
-0.10601454545454544
0.07909999999999999
-0.054240000000000003
0.08690727272727272
0.18675818181818182
-0.15080363636363636
0.18121090909090906
0.15018727272727272
-0.047665454545454546
0.17114363636363633
-0.003698181818181818
-0.13457272727272726
0.12121818181818181
-0.015614545454545454
-0.08588
0.08505818181818181
-0.006574545454545454
0.0447890909090909
0.1193690909090909
0.04602181818181818
0.07314181818181818
0.17689636363636363
0.04396727272727272
0.01992909090909091
0.10806909090909089
-0.04458363636363636
-0.03472181818181818
0.10293272727272727
-0.035954545454545454
-0.013354545454545456
0.1586109090909091
0.005958181818181818
0.09142727272727272
0.11197272727272727
-0.09224909090909092
0.05999272727272727
0.015203636363636362
-0.13929818181818182
0.05115818181818182
0.0678
-0.03636545454545455
0.0940981818181818
0.03533818181818182
0.005958181818181818
0.13765454545454545
0.03554363636363636
0.02301090909090909
0.08238727272727273
0.04232363636363636
-0.06964909090909091
0.06923818181818181
-0.0452
-0.08444181818181817
0.11382181818181818
-0.06944363636363636
0.07786727272727272
0.10231636363636364
0.03883090909090909
-0.0008218181818181817
0.21552181818181818
0.0020545454545454547
-0.05198
0.28928
-0.16970545454545455
0.15819999999999998
-0.033489090909090906
-0.25373636363636365
0.06841636363636364
-0.10313818181818181
-0.05136363636363636
-0.029585454545454543
0.04396727272727272
-0.02444909090909091
0.23524545454545454
0.15265272727272727
0.056705454545454545
0.2034
0.04787090909090909
-0.0063690909090909084
0.029585454545454543
0.03903636363636363
-0.18696363636363633
0.14484545454545456
-0.0030818181818181817
-0.011916363636363636
0.15943272727272728
-0.02527090909090909
0.2691454545454545
0.16128181818181817
0.03554363636363636
-0.00945090909090909
0.07190909090909091
-0.05855454545454545
-0.06512909090909091
-0.06451272727272726
-0.15717272727272727
-0.005958181818181818
0.00862909090909091
0.1569672727272727
0.06882727272727272
0.1341618181818182
0.12779272727272725
0.19908545454545457
0.08485272727272727
-0.005136363636363636
0.11690363636363636
-0.07560727272727272
0.002670909090909091
-0.07951090909090908
-0.08772909090909091
-0.03513272727272727
0.012327272727272727
-0.06759454545454545
-0.01623090909090909
0.03616
0.00862909090909091
0.21346727272727273
0.10457636363636363
0.0918381818181818
0.06451272727272726
0.11217818181818182
0.02650363636363636
0.024243636363636363
0.042734545454545456
-0.0967690909090909
0.007190909090909091
-0.12779272727272725
-0.08608545454545455
0.01705272727272727
0.025887272727272724
0.025065454545454544
0.0904
0.0447890909090909
0.04972
0.1600490909090909
-0.07396363636363636
-0.013765454545454546
0.012943636363636362
-0.05115818181818182
-0.0470490909090909
0.07026545454545453
0.08444181818181817
-0.005752727272727272
0.22374
0.08320909090909091
0.04068
0.12676545454545454
0.028147272727272726
0.07149818181818181
0.0020545454545454547
-0.12450545454545454
0.08814
0.061841818181818185
-0.13498363636363636
0.15655636363636363
0.06677272727272728
-0.027120000000000002
0.1916890909090909
0.17936181818181818
-0.008834545454545454
0.054240000000000003
0.15717272727272727
-0.06040363636363636
0.06697818181818181
0.013354545454545456
-0.04622727272727272
0.038419999999999996
-0.1292309090909091
-0.06595090909090909
0.03307818181818182
-0.05999272727272727
-0.05773272727272727
0.23154727272727274
0.00904
-0.025887272727272724
0.23791636363636362
-0.029174545454545453
0.12039636363636362
0.11176727272727273
-0.12512181818181817
0.0034927272727272728
-0.04889818181818182
-0.12820363636363635
0.08259272727272728
0.12080727272727272
-0.04068
0.16436363636363635
0.16991090909090908
-0.012738181818181817
0.19703090909090906
0.1171090909090909
-0.07601818181818182
0.13683272727272727
-0.07149818181818181
-0.17648545454545456
0.10231636363636364
-0.10211090909090909
0.019107272727272726
0.11526
-0.07355272727272727
0.09800181818181818
0.04109090909090909
-0.05259636363636363
0.019723636363636363
0.010683636363636364
-0.06882727272727272
0.01623090909090909
0.09471454545454545
-0.02034
0.11197272727272727
0.12799818181818182
0.031845454545454545
0.14566727272727273
0.02486
0.008012727272727272
0.20031818181818178
0.011094545454545454
-0.029585454545454543
0.18306
-0.033489090909090906
0.027736363636363635
0.09533090909090909
-0.11567090909090909
0.1088909090909091
0.05198
-0.0727309090909091
-0.005136363636363636
0.04787090909090909
0.04951454545454545
0.056705454545454545
0.0967690909090909
-0.005136363636363636
0.07006
0.05526727272727273
0.01808
-0.01705272727272727
-0.01849090909090909
-0.13046363636363634
-0.07006
0.0764290909090909
-0.10601454545454544
0.09081090909090908
0.060609090909090904
0.015409090909090907
0.12491636363636363
0.007190909090909091
0.08814
0.15183090909090907
-0.00945090909090909
0.020545454545454544
0.12758727272727272
-0.05198
0.14587272727272727
0.24346363636363635
-0.07889454545454545
-0.08731818181818181
0.14217454545454544
-0.041912727272727275
-0.10396
0.08300363636363636
-0.1495709090909091
0.02034
0.07458
-0.028558181818181816
0.14525636363636363
0.07478545454545454
-0.006574545454545454
0.15018727272727272
0.10560363636363636
-0.22024727272727274
0.11546545454545454
0.12224545454545453
-0.15943272727272728
0.05793818181818181
-0.001438181818181818
-0.03451636363636364
0.10026181818181817
0.10396
0.024243636363636363
0.09718
0.007807272727272727
0.07683999999999999
0.1840872727272727
-0.1483381818181818
0.03616
0.16621272727272726
-0.08074363636363636
0.07129272727272727
0.05341818181818182
-0.0565
0.19107272727272728
0.08896181818181817
-0.028763636363636363
0.1017
0.008218181818181819
0.03472181818181818
0.10026181818181817
-0.007601818181818181
-0.07252545454545453
0.07889454545454545
-0.04972
-0.12327272727272726
0.055678181818181814
-0.12039636363636362
0.08136
0.18429272727272727
-0.08814
0.08074363636363636
0.15902181818181815
-0.013354545454545456
0.06821090909090909
0.07581272727272727
-0.09841272727272728
0.010889090909090909
-0.04150181818181818
-0.11156181818181818
0.06225272727272727
-0.03698181818181818
-0.04211818181818182
0.18511454545454545
0.14731090909090908
0.06985454545454545
0.21798727272727272
0.14361272727272725
-0.011094545454545454
0.06595090909090909
-0.020956363636363638
-0.05855454545454545
0.0470490909090909
-0.030407272727272724
-0.04746
-0.017874545454545452
-0.07047090909090908
0.008012727272727272
0.12738181818181818
-0.029996363636363634
-0.05958181818181818
0.14073636363636363
0.010067272727272725
0.0006163636363636364
0.17052727272727272
0.06636181818181817
0.010889090909090909
0.0339
0.04930909090909091
0.09594727272727273
0.08711272727272727
0.06081454545454545
0.10601454545454544
-0.016436363636363638
-0.0940981818181818
0.14381818181818182
0.09245454545454544
-0.055061818181818184
0.08300363636363636
0.0565
-0.1148490909090909
-0.002876363636363636
0.03965272727272728
-0.033694545454545456
0.04232363636363636
-0.02938
0.09450909090909092
0.1216290909090909
0.004314545454545455
0.18511454545454545
0.12203999999999998
-0.08567454545454545
-0.03328363636363636
0.12121818181818181
-0.07478545454545454
-0.10046727272727272
0.13785999999999998
-0.08670181818181817
-0.08546909090909091
0.09492
-0.03246181818181818
0.05115818181818182
0.05177454545454545
0.007807272727272727
0.18141636363636363
-0.03328363636363636
0.00041090909090909085
0.20422181818181817
-0.027530909090909092
-0.008423636363636364
0.14607818181818183
0.08218181818181818
-0.06471818181818181
0.15409090909090908
0.09430363636363637
-0.09265999999999999
0.14936545454545455
0.020545454545454544
0.037598181818181815
0.09471454545454545
-0.056705454545454545
0.10827454545454546
0.06821090909090909
-0.19271636363636363
0.04376181818181818
0.08074363636363636
-0.0990290909090909
0.10539818181818181
0.053212727272727266
-0.00452
0.08485272727272727
0.16744545454545454
0.05793818181818181
0.01849090909090909
0.15121454545454543
-0.014381818181818181
0.010889090909090909
-0.07930545454545455
-0.10971272727272725
0.08218181818181818
-0.0967690909090909
-0.01623090909090909
0.11012363636363637
-0.03616
0.16518545454545455
0.19292181818181817
-0.008218181818181819
0.07129272727272727
0.06656727272727272
-0.03513272727272727
-0.0113
0.014998181818181817
-0.09307090909090908
-0.02444909090909091
0.07540181818181818
-0.07930545454545455
0.038419999999999996
0.09265999999999999
-0.018285454545454546
0.16518545454545455
0.0113
-0.1577890909090909
0.0565
0.029996363636363634
-0.05711636363636363
0.023832727272727273
0.008218181818181819
0.03451636363636364
0.17607454545454546
0.02301090909090909
-0.019312727272727273
0.11669818181818181
0.02979090909090909
0.06204727272727273
0.11895818181818181
-0.007807272727272727
-0.011916363636363636
0.17196545454545456
-0.02444909090909091
-0.03657090909090909
0.14505090909090906
-0.06081454545454545
0.09964545454545454
0.10786363636363637
-0.11669818181818181
0.11546545454545454
0.13128545454545454
-0.034310909090909086
0.17360909090909088
0.08505818181818181
-0.11443818181818181
0.08444181818181817
0.03616
-0.12347818181818182
0.06101999999999999
0.09656363636363637
-0.1916890909090909
0.13847636363636362
0.10991818181818182
0.0113
0.28455454545454545
0.036776363636363635
0.12265636363636362
-0.06677272727272728
-0.00945090909090909
0.0063690909090909084
0.08362
-0.05896545454545454
-0.2800345454545454
0.26174909090909093
-0.1994963636363636
0.10272727272727272
0.19333272727272727
-0.0628690909090909
0.2751036363636364
-0.05136363636363636
0.042734545454545456
0.10231636363636364
-0.033694545454545456
-0.06019818181818181
0.04787090909090909
-0.1668290909090909
-0.10026181818181817
0.09327636363636364
-0.01849090909090909
0.1012890909090909
0.07170363636363636
-0.01808
-0.029174545454545453
0.25702363636363634
-0.10683636363636365
0.0067800000000000004
0.12799818181818182
-0.14340727272727272
0.13190181818181818
-0.03616
-0.04068
-0.06553999999999999
0.08136
-0.02527090909090909
0.05033636363636364
0.11526
0.02075090909090909
0.3087981818181818
0.02116181818181818
0.00904
0.15018727272727272
0.08752363636363636
-0.0741690909090909
0.09450909090909092
-0.025476363636363634
-0.1321072727272727
0.06944363636363636
-0.06225272727272727
0.06410181818181818
0.04232363636363636
0.10416545454545453
0.11320545454545454
0.1781290909090909
-0.03225636363636363
-0.03698181818181818
0.1337509090909091
-0.15388545454545455
-0.008423636363636364
0.04437818181818182
-0.02609272727272727
-0.016436363636363638
0.2052490909090909
0.01808
0.07909999999999999
0.16600727272727273
-0.10046727272727272
0.20278363636363633
-0.02362727272727273
-0.11772545454545454
0.11094545454545454
0.03143454545454545
-0.1017
0.06595090909090909
0.11012363636363637
-0.07827818181818182
0.10272727272727272
0.14525636363636363
0.029174545454545453
0.06430727272727273
0.004725454545454545
-0.04396727272727272
0.09122181818181817
-0.09923454545454545
0.01766909090909091
0.1284090909090909
-0.1076581818181818
-0.026298181818181814
0.005547272727272727
-0.06964909090909091
-0.07293636363636363
0.1419690909090909
-0.04437818181818182
0.026298181818181814
0.15388545454545455
-0.07930545454545455
0.11875272727272726
0.06595090909090909
-0.031845454545454545
0.06512909090909091
-0.004725454545454545
-0.15224181818181817
0.07149818181818181
0.04294
0.007396363636363636
0.26380363636363635
0.10498727272727272
0.07026545454545453
0.18162181818181816
0.12512181818181817
0.054034545454545446
0.10806909090909089
-0.08875636363636363
0.040063636363636364
0.018696363636363636
-0.2522981818181818
0.09656363636363637
0.03739272727272727
-0.04910363636363636
0.0764290909090909
0.03903636363636363
-0.003698181818181818
-0.038625454545454546
0.003287272727272727
0.03821454545454545
0.09800181818181818
-0.0016436363636363634
-0.056705454545454545
0.17648545454545456
0.1325181818181818
-0.06759454545454545
0.20812545454545453
0.021778181818181818
-0.028763636363636363
0.2866090909090909
-0.08136
0.06307454545454545
0.11217818181818182
-0.005752727272727272
0.12347818181818182
-0.055061818181818184
-0.007190909090909091
0.0470490909090909
0.051569090909090905
-0.02013454545454545
-0.03410545454545454
-0.017874545454545452
-0.08629090909090908
0.005958181818181818
0.12388909090909091
0.04047454545454546
0.04232363636363636
0.07314181818181818
-0.00041090909090909085
0.11998545454545453
-0.07683999999999999
-0.10067272727272727
0.02403818181818182
-0.14073636363636363
-0.02116181818181818
0.08033272727272728
-0.011505454545454544
0.10868545454545453
0.24079272727272724
-0.05793818181818181
0.026298181818181814
0.22045272727272727
-0.012738181818181817
0.01808
0.06348545454545454
0.005136363636363636
-0.01705272727272727
0.10293272727272727
0.019723636363636363
0.02301090909090909
0.12388909090909091
-0.11752
0.16272
0.07909999999999999
-0.1676509090909091
0.17792363636363634
-0.0024654545454545454
-0.14525636363636363
0.16272
0.07047090909090908
-0.14032545454545453
0.11320545454545454
0.03307818181818182
-0.10704181818181817
0.06718363636363636
-0.06697818181818181
0.032872727272727276
0.1216290909090909
-0.10272727272727272
0.06738909090909091
0.19312727272727273
-0.05341818181818182
0.02527090909090909
0.22538363636363634
-0.05485636363636363
0.015614545454545454
0.2194254545454545
-0.14381818181818182
0.027120000000000002
0.12121818181818181
-0.11649272727272726
0.1296418181818182
-0.005752727272727272
-0.04930909090909091
0.2525036363636364
0.0447890909090909
-0.03698181818181818
0.18306
0.07807272727272727
-0.07889454545454545
0.09224909090909092
0.02568181818181818
-0.0030818181818181817
0.1881963636363636
-0.07108727272727272
-0.061841818181818185
0.045610909090909084
-0.10991818181818182
0.027120000000000002
0.08115454545454545
-0.04150181818181818
0.06677272727272728
0.16210363636363637
-0.009245454545454545
0.07190909090909091
0.07355272727272727
-0.08772909090909091
0.05341818181818182
-0.025476363636363634
-0.12327272727272726
0.10704181818181817
0.07848363636363635
-0.029174545454545453
0.16518545454545455
0.02691454545454545
0.0678
0.26010545454545453
-0.019107272727272726
0.055678181818181814
0.10930181818181818
-0.18573090909090906
-0.09718
0.11895818181818181
-0.12820363636363635
-0.07581272727272727
0.09327636363636364
-0.06101999999999999
0.042734545454545456
-0.0069854545454545456
0.028558181818181816
0.10704181818181817
-0.014381818181818181
-0.08670181818181817
0.061841818181818185
0.14874909090909091
-0.07704545454545454
0.0904
0.10930181818181818
-0.13005272727272726
0.12203999999999998
0.14402363636363635
-0.10498727272727272
0.14669454545454544
0.06143090909090909
-0.10046727272727272
0.10601454545454544
-0.03718727272727273
0.07108727272727272
0.12738181818181818
-0.05958181818181818
0.06821090909090909
0.13190181818181818
-0.1247109090909091
-0.07560727272727272
0.23853272727272726
-0.011505454545454544
-0.09471454545454545
0.17545818181818182
0.07827818181818182
0.02218909090909091
0.22846545454545453
0.019723636363636363
-0.019518181818181816
0.15039272727272726
-0.1306690909090909
0.07047090909090908
0.08649636363636364
-0.1296418181818182
0.1397090909090909
0.020545454545454544
-0.12368363636363637
0.14813272727272728
0.09635818181818182
-0.06800545454545455
0.09800181818181818
0.14299636363636362
0.008012727272727272
0.05814363636363636
0.08279818181818181
-0.008834545454545454
0.11053454545454545
-0.02034
-0.003698181818181818
0.17648545454545456
-0.07622363636363635
0.07252545454545453
0.1623090909090909
-0.11279454545454545
0.05095272727272727
0.10334363636363636
-0.07786727272727272
-0.012327272727272727
0.008012727272727272
-0.0727309090909091
-0.04396727272727272
-0.05341818181818182
-0.08259272727272728
0.07581272727272727
0.011505454545454544
-0.03698181818181818
0.2153163636363636
0.029996363636363634
-0.010478181818181819
0.24428545454545453
0.018696363636363636
0.014587272727272727
0.05691090909090909
-0.1321072727272727
-0.0010272727272727274
-0.013765454545454546
-0.06512909090909091
0.008423636363636364
-0.04930909090909091
0.07047090909090908
0.15203636363636364
0.08670181818181817
0.02650363636363636
0.09553636363636364
0.19025090909090905
0.0012327272727272727
-0.023832727272727273
0.016025454545454544
-0.005136363636363636
0.045816363636363634
0.010272727272727272
0.008218181818181819
0.06122545454545455
0.03800909090909091
0.027736363636363635
0.14381818181818182
0.019312727272727273
-0.035954545454545454
0.09944
-0.005136363636363636
0.02670909090909091
0.058349090909090906
-0.02650363636363636
0.043556363636363636
0.10827454545454546
0.06636181818181817
0.010478181818181819
0.12738181818181818
0.08115454545454545
0.03883090909090909
0.14977636363636362
-0.06862181818181817
-0.004725454545454545
0.10396
-0.13334
0.026298181818181814
0.05095272727272727
-0.07232
0.12019090909090908
0.03944727272727273
-0.01623090909090909
0.0918381818181818
0.11793090909090909
0.0628690909090909
0.07396363636363636
0.1257381818181818
-0.07807272727272727
0.031229090909090908
-0.06636181818181817
-0.2455181818181818
0.04746
-0.08382545454545455
-0.054240000000000003
0.08670181818181817
-0.10519272727272726
0.1370381818181818
0.20997454545454544
0.02034
0.18223818181818183
0.13395636363636362
-0.07211454545454546
0.03307818181818182
0.07704545454545454
-0.14628363636363637
-0.025887272727272724
0.035954545454545454
-0.14751636363636364
0.08834545454545455
0.08588
-0.01623090909090909
0.24962727272727273
0.14731090909090908
-0.040063636363636364
0.12799818181818182
-0.041707272727272725
-0.12532727272727273
0.12532727272727273
-0.05485636363636363
-0.11834181818181817
0.10724727272727272
0.03533818181818182
0.05814363636363636
0.19066181818181818
0.03020181818181818
0.15758363636363634
0.16600727272727273
-0.08259272727272728
0.10026181818181817
-0.00041090909090909085
-0.07971636363636364
0.038625454545454546
-0.04910363636363636
-0.053212727272727266
-0.03020181818181818
0.04211818181818182
-0.029585454545454543
0.08177090909090909
0.1551181818181818
0.03780363636363636
0.20956363636363634
0.08567454545454545
0.03821454545454545
0.2642145454545454
-0.009245454545454545
-0.07006
0.14628363636363637
-0.10642545454545453
-0.15367999999999998
-0.012738181818181817
-0.08259272727272728
-0.05198
0.02403818181818182
-0.016025454545454544
0.07293636363636363
0.14032545454545453
-0.035749090909090904
0.08320909090909091
0.11382181818181818
-0.10683636363636365
0.04869272727272727
0.04684363636363636
-0.12101272727272726
0.10519272727272726
0.05300727272727272
-0.07334727272727272
0.14731090909090908
0.06451272727272726
0.010272727272727272
0.14484545454545456
0.030407272727272724
-0.0764290909090909
0.06307454545454545
-0.08485272727272727
-0.10416545454545453
0.16970545454545455
-0.0904
0.02444909090909091
0.23175272727272725
-0.06389636363636363
0.12306727272727273
0.2518872727272727
-0.05465090909090909
0.06204727272727273
0.1682672727272727
-0.11115090909090909
0.055883636363636364
0.08978363636363636
-0.09512545454545453
-0.010683636363636364
-0.05280181818181818
-0.10149454545454545
0.014792727272727272
0.028352727272727273
-0.10457636363636363
0.1653909090909091
0.08382545454545455
-0.050747272727272724
0.27161090909090907
0.05115818181818182
0.019312727272727273
0.23709454545454545
-0.03657090909090909
-0.12347818181818182
0.06101999999999999
-0.09553636363636364
0.04068
0.1351890909090909
-0.07560727272727272
0.18552545454545455
0.22764363636363635
0.04602181818181818
0.12779272727272725
0.19538727272727272
-0.06595090909090909
-0.009245454545454545
0.09615272727272728
-0.2153163636363636
-0.04437818181818182
-0.024654545454545453
-0.08937272727272727
0.09985090909090909
-0.060609090909090904
-0.01992909090909091
0.16354181818181818
-0.05629454545454545
-0.01664181818181818
0.1397090909090909
-0.03143454545454545
-0.02527090909090909
0.04068
0.1148490909090909
0.08998909090909091
0.0063690909090909084
0.007190909090909091
0.08197636363636364
0.08588
-0.07006
0.1397090909090909
0.061841818181818185
-0.05280181818181818
0.15491272727272726
0.01171090909090909
-0.02362727272727273
0.07149818181818181
0.06718363636363636
-0.015819999999999997
-0.041912727272727275
-0.045610909090909084
-0.016847272727272728
0.04376181818181818
0.012532727272727272
0.055061818181818184
0.05054181818181818
0.03307818181818182
0.11238363636363637
0.14422909090909092
-0.07704545454545454
-0.08177090909090909
0.07355272727272727
-0.08752363636363636
-0.06677272727272728
-0.07951090909090908
0.005547272727272727
0.12080727272727272
0.029174545454545453
0.12347818181818182
0.06574545454545455
0.12491636363636363
0.10642545454545453
0.12429999999999998
0.09348181818181817
-0.11279454545454545
0.20442727272727274
0.0678
-0.11916363636363636
0.13580545454545453
-0.008218181818181819
-0.07437454545454546
0.06800545454545455
0.001849090909090909
-0.0039036363636363635
0.018285454545454546
-0.040885454545454544
0.046432727272727264
0.05177454545454545
-0.00041090909090909085
0.036776363636363635
0.15984363636363638
-0.028352727272727273
-0.033489090909090906
0.22497272727272724
-0.11772545454545454
-0.045610909090909084
0.14525636363636363
-0.14854363636363635
-0.003287272727272727
0.08937272727272727
0.010889090909090909
0.15203636363636364
0.030818181818181814
-0.02444909090909091
0.14854363636363635
0.11197272727272727
-0.02116181818181818
0.04869272727272727
0.046432727272727264
-0.04663818181818182
0.13498363636363636
0.09368727272727272
-0.08238727272727273
0.1088909090909091
0.11690363636363636
-0.012532727272727272
0.19559272727272728
-0.08341454545454545
-0.00020545454545454542
0.21346727272727273
-0.21696000000000001
0.05095272727272727
0.0008218181818181817
-0.04068
0.1035490909090909
-0.030407272727272724
0.010478181818181819
-0.07951090909090908
0.15039272727272726
0.00041090909090909085
0.014587272727272727
0.11895818181818181
-0.054034545454545446
0.1600490909090909
0.048487272727272726
-0.054034545454545446
0.02670909090909091
-0.028352727272727273
-0.05465090909090909
0.11341090909090909
-0.11587636363636362
-0.04232363636363636
0.17771818181818183
-0.027530909090909092
0.10642545454545453
0.10806909090909089
0.09327636363636364
0.026298181818181814
0.14258545454545454
0.018285454545454546
-0.05259636363636363
0.04376181818181818
-0.15717272727272727
0.043350909090909086
-0.02157272727272727
-0.10560363636363636
0.02218909090909091
0.11649272727272726
-0.07190909090909091
0.05198
0.17463636363636362
-0.18182727272727273
0.09307090909090908
0.14484545454545456
-0.031639999999999995
0.06204727272727273
0.11895818181818181
0.02527090909090909
0.12080727272727272
0.06923818181818181
-0.05177454545454545
0.21120727272727272
-0.03143454545454545
-0.00226
0.1668290909090909
-0.04889818181818182
-0.05855454545454545
0.18573090909090906
0.03657090909090909
-0.1247109090909091
0.21079636363636362
-0.04930909090909091
-0.01808
0.16066545454545456
-0.06533454545454545
0.01766909090909091
0.11402727272727273
0.0067800000000000004
0.13498363636363636
0.16991090909090908
-0.15347454545454545
0.15039272727272726
0.14381818181818182
-0.17114363636363633
0.05547272727272727
0.07766181818181818
-0.1881963636363636
-0.012943636363636362
0.12943636363636363
-0.15183090909090907
0.07375818181818182
-0.001438181818181818
-0.0402690909090909
0.20874181818181817
-0.027325454545454545
0.03698181818181818
0.1600490909090909
0.0041090909090909095
-0.008012727272727272
0.11628727272727273
-0.07149818181818181
-0.027120000000000002
0.20134545454545455
-0.012532727272727272
-0.04622727272727272
0.11752
0.06677272727272728
0.04951454545454545
0.06656727272727272
-0.11854727272727272
0.09697454545454545
0.04746
-0.17689636363636363
0.1058090909090909
-0.034927272727272723
-0.10046727272727272
0.10704181818181817
0.02075090909090909
-0.06759454545454545
0.1524472727272727
0.1337509090909091
0.07827818181818182
0.1569672727272727
0.01849090909090909
0.14566727272727273
0.09553636363636364
-0.031845454545454545
0.06204727272727273
-0.027530909090909092
-0.12676545454545454
0.03821454545454545
0.09307090909090908
-0.05300727272727272
0.05198
0.11669818181818181
0.027530909090909092
0.09368727272727272
0.1076581818181818
0.015819999999999997
0.1325181818181818
-0.02650363636363636
-0.04294
0.07622363636363635
-0.13395636363636362
0.08238727272727273
0.09923454545454545
-0.054240000000000003
0.02568181818181818
0.08505818181818181
0.01705272727272727
-0.07704545454545454
0.05177454545454545
-0.033489090909090906
-0.02157272727272727
0.008012727272727272
-0.05999272727272727
0.09142727272727272
0.046432727272727264
-0.03903636363636363
0.17093818181818182
0.06143090909090909
-0.09779636363636364
0.19785272727272726
0.07889454545454545
-0.09368727272727272
0.08362
0.1314909090909091
-0.08834545454545455
-0.008834545454545454
0.10396
-0.04684363636363636
0.13888727272727272
-0.03205090909090909
-0.005136363636363636
0.19107272727272728
-0.09718
-0.030407272727272724
0.18778545454545456
-0.020545454545454544
-0.03451636363636364
0.17710181818181817
-0.05280181818181818
-0.02691454545454545
0.11813636363636362
-0.04930909090909091
-0.03718727272727273
0.1337509090909091
0.012532727272727272
0.05465090909090909
0.17032181818181816
-0.04396727272727272
0.2194254545454545
0.13477818181818182
-0.10478181818181817
0.16210363636363637
0.10663090909090908
-0.10909636363636364
0.02342181818181818
0.07334727272727272
-0.12080727272727272
0.06019818181818181
0.035749090909090904
0.01849090909090909
0.20278363636363633
0.010889090909090909
0.05608909090909091
0.24613454545454547
-0.08485272727272727
-0.02691454545454545
0.13395636363636362
-0.22353454545454546
-0.024654545454545453
-0.00452
-0.10293272727272727
0.0470490909090909
0.07766181818181818
0.02403818181818182
0.028558181818181816
0.1411472727272727
-0.054034545454545446
0.1216290909090909
-0.0010272727272727274
-0.16395272727272728
0.1631309090909091
-0.011505454545454544
-0.10416545454545453
0.08300363636363636
-0.041912727272727275
-0.08546909090909091
0.14813272727272728
-0.012532727272727272
0.02650363636363636
0.10868545454545453
0.03985818181818182
0.11402727272727273
0.06307454545454545
0.027530909090909092
0.03533818181818182
0.13929818181818182
-0.06800545454545455
-0.03657090909090909
0.05218545454545454
-0.10930181818181818
-0.07375818181818182
-0.0010272727272727274
-0.008012727272727272
0.003287272727272727
0.17525272727272728
0.03636545454545455
0.10498727272727272
0.13046363636363634
-0.04150181818181818
0.0904
0.02198363636363636
-0.06225272727272727
0.1103290909090909
0.028147272727272726
-0.05855454545454545
0.20607090909090908
0.08793454545454545
0.05054181818181818
0.0895781818181818
0.07683999999999999
0.028969090909090906
0.033489090909090906
0.06163636363636363
-0.19723636363636363
0.07786727272727272
0.033694545454545456
0.016847272727272728
0.10046727272727272
-0.05526727272727273
0.19456545454545454
0.15676181818181817
0.07601818181818182
0.06369090909090909
0.05198
-0.1321072727272727
0.042734545454545456
0.1397090909090909
-0.20689272727272728
0.02486
0.07663454545454546
-0.09430363636363637
-0.004725454545454545
-0.023832727272727273
-0.039241818181818176
0.12203999999999998
-0.05198
0.012327272727272727
0.1337509090909091
-0.06492363636363636
0.07293636363636363
0.18100545454545455
-0.005547272727272727
-0.18470363636363635
0.1216290909090909
-0.0063690909090909084
-0.10293272727272727
0.19970181818181817
0.0020545454545454547
0.08588
0.15819999999999998
0.013970909090909091
0.12820363636363635
0.09718
-0.027120000000000002
0.14587272727272727
0.011505454545454544
-0.21572727272727274
-0.02013454545454545
0.015409090909090907
-0.044994545454545454
0.038625454545454546
0.03020181818181818
-0.031229090909090908
0.11402727272727273
0.013970909090909091
0.003287272727272727
0.05896545454545454
-0.13683272727272727
0.07992181818181819
0.07786727272727272
-0.08136
0.14237999999999998
0.17340363636363634
0.04376181818181818
0.14135272727272727
0.13334
-0.041707272727272725
0.09492
0.1871690909090909
-0.024654545454545453
0.0012327272727272727
0.033489090909090906
-0.028558181818181816
0.1921
0.02013454545454545
-0.07560727272727272
0.08197636363636364
-0.09224909090909092
-0.015409090909090907
0.051569090909090905
-0.008012727272727272
-0.07663454545454546
0.11053454545454545
0.13457272727272726
-0.05465090909090909
0.12491636363636363
0.03554363636363636
0.06081454545454545
0.0041090909090909095
-0.16621272727272726
-0.004725454545454545
-0.035954545454545454
-0.027530909090909092
0.10539818181818181
0.08937272727272727
-0.07293636363636363
0.06595090909090909
0.25702363636363634
-0.006574545454545454
0.0402690909090909
0.08629090909090908
0.009656363636363637
0.11238363636363637
-0.04684363636363636
0.02301090909090909
0.1360109090909091
-0.00945090909090909
-0.00041090909090909085
0.07930545454545455
-0.07971636363636364
-0.10683636363636365
0.11669818181818181
-0.029174545454545453
-0.09779636363636364
0.12738181818181818
-0.03657090909090909
0.03143454545454545
0.2525036363636364
-0.03944727272727273
0.05793818181818181
0.06615636363636364
-0.04746
0.11916363636363636
-0.07211454545454546
-0.12861454545454545
0.027325454545454545
0.033489090909090906
-0.06163636363636363
0.06122545454545455
0.06451272727272726
-0.05896545454545454
0.19107272727272728
0.14895454545454545
-0.09450909090909092
0.0805381818181818
0.06882727272727272
-0.03636545454545455
0.12491636363636363
-0.10108363636363636
0.010272727272727272
0.23627272727272725
-0.011916363636363636
0.09430363636363637
0.13334
0.012532727272727272
0.06225272727272727
0.1524472727272727
-0.010067272727272725
0.00862909090909091
0.05362363636363636
-0.08546909090909091
0.08300363636363636
-0.08526363636363636
-0.13806545454545455
0.08793454545454545
0.0447890909090909
-0.09307090909090908
0.06636181818181817
0.1193690909090909
0.02362727272727273
0.25989999999999996
0.10067272727272727
-0.01664181818181818
0.07663454545454546
0.022805454545454542
0.003287272727272727
0.009656363636363637
-0.09841272727272728
-0.06759454545454545
0.11669818181818181
-0.06327999999999999
0.005136363636363636
0.15758363636363634
0.13354545454545455
0.13929818181818182
0.07026545454545453
0.009245454545454545
0.034927272727272723
0.02444909090909091
-0.11443818181818181
0.002670909090909091
-0.05465090909090909
-0.1017
0.08937272727272727
0.014176363636363636
-0.005341818181818182
0.05485636363636363
0.026298181818181814
-0.0016436363636363634
0.05937636363636363
0.015203636363636362
-0.04807636363636364
0.06081454545454545
-0.008218181818181819
-0.03554363636363636
0.11217818181818182
-0.010067272727272725
-0.02403818181818182
0.1836763636363636
0.02198363636363636
-0.02568181818181818
0.08156545454545455
0.028147272727272726
0.04232363636363636
0.019312727272727273
0.005547272727272727
0.010272727272727272
0.1224509090909091
-0.01623090909090909
-0.05444545454545455
0.10313818181818181
-0.0918381818181818
0.06738909090909091
0.08998909090909091
0.002876363636363636
0.20155090909090906
0.07540181818181818
0.019312727272727273
0.10211090909090909
0.02444909090909091
-0.06944363636363636
0.05054181818181818
0.05300727272727272
-0.08998909090909091
0.08423636363636364
0.0063690909090909084
-0.10231636363636364
0.16662363636363633
0.01725818181818182
0.0012327272727272727
0.1803890909090909
-0.023216363636363632
0.10334363636363636
0.17032181818181816
-0.033694545454545456
0.05095272727272727
0.1577890909090909
0.06163636363636363
-0.04129636363636364
0.10149454545454545
0.08444181818181817
0.044994545454545454
0.09697454545454545
-0.08793454545454545
0.07930545454545455
0.06410181818181818
-0.08485272727272727
0.12491636363636363
0.004725454545454545
-0.08464727272727272
-0.00226
-0.042734545454545456
-0.03883090909090909
0.017874545454545452
-0.04746
0.03472181818181818
0.08403090909090909
-0.024243636363636363
0.1668290909090909
0.12080727272727272
-0.04376181818181818
0.11752
0.08998909090909091
-0.04663818181818182
0.06923818181818181
0.008423636363636364
-0.12820363636363635
-0.03821454545454545
-0.06903272727272727
-0.0226
0.055678181818181814
-0.018696363636363636
0.06697818181818181
0.12697090909090908
0.01705272727272727
0.059170909090909087
0.13868181818181818
-0.02301090909090909
-0.01808
0.05362363636363636
-0.11505454545454545
-0.055883636363636364
0.08074363636363636
-0.007807272727272727
0.0067800000000000004
0.06944363636363636
-0.0069854545454545456
0.16415818181818181
0.12635454545454544
-0.09923454545454545
0.05300727272727272
0.05341818181818182
-0.06019818181818181
0.03985818181818182
0.08485272727272727
-0.03965272727272728
0.11238363636363637
0.18203272727272726
-0.015614545454545454
0.11854727272727272
0.10416545454545453
-0.001849090909090909
0.12306727272727273
-0.00020545454545454542
-0.05362363636363636
0.09122181818181817
0.005136363636363636
-0.11998545454545453
0.09553636363636364
0.0447890909090909
-0.07232
0.2147
0.02218909090909091
0.027530909090909092
0.22209636363636362
-0.027530909090909092
0.15491272727272726
0.15902181818181815
-0.1171090909090909
0.017463636363636362
0.03225636363636363
-0.12019090909090908
-0.0749909090909091
0.05115818181818182
-0.11526
0.042529090909090905
0.14525636363636363
-0.11752
0.16888363636363635
0.17176
-0.006574545454545454
0.14443454545454545
-0.013149090909090907
-0.10252181818181817
0.15018727272727272
-0.10868545454545453
-0.18963454545454544
0.17196545454545456
-0.07889454545454545
-0.07519636363636363
0.1957981818181818
0.09923454545454545
0.017463636363636362
0.11546545454545454
0.028969090909090906
0.012532727272727272
0.04725454545454546
-0.16395272727272728
0.035954545454545454
-0.05136363636363636
-0.1921
0.12635454545454544
0.02116181818181818
-0.03636545454545455
0.23545090909090907
0.09533090909090909
-0.013560000000000001
0.18223818181818183
0.028969090909090906
-0.03020181818181818
0.00945090909090909
-0.012738181818181817
0.008012727272727272
0.04972
-0.012121818181818182
0.0041090909090909095
0.15203636363636364
-0.08115454545454545
0.13046363636363634
0.18162181818181816
-0.062458181818181815
0.20566
0.17566363636363633
-0.04684363636363636
0.014381818181818181
0.15347454545454545
0.01623090909090909
-0.021367272727272728
-0.051569090909090905
-0.028352727272727273
0.01992909090909091
-0.14854363636363635
-0.033489090909090906
0.1012890909090909
0.08259272727272728
-0.02218909090909091
0.13868181818181818
0.12429999999999998
-0.05054181818181818
0.14279090909090908
0.02670909090909091
-0.06101999999999999
0.004314545454545455
-0.03657090909090909
0.060609090909090904
0.07601818181818182
-0.02362727272727273
0.1374490909090909
0.08279818181818181
-0.08814
0.0764290909090909
0.13231272727272728
-0.07375818181818182
-0.15594
0.11464363636363636
-0.09923454545454545
-0.1284090909090909
0.16724
-0.027530909090909092
0.10067272727272727
0.10663090909090908
-0.012738181818181817
0.20011272727272728
0.05814363636363636
-0.005341818181818182
0.11012363636363637
-0.06143090909090909
-0.041912727272727275
0.07889454545454545
-0.04602181818181818
-0.13231272727272728
0.06019818181818181
0.008012727272727272
-0.20196181818181816
0.10457636363636363
0.054034545454545446
-0.06101999999999999
0.14813272727272728
-0.008423636363636364
0.09430363636363637
0.13642181818181817
0.055678181818181814
0.18963454545454544
0.04314545454545454
-0.12984727272727273
0.05341818181818182
0.12121818181818181
-0.09964545454545454
0.11115090909090909
0.19107272727272728
-0.06430727272727273
0.17525272727272728
0.26668
-0.005341818181818182
0.06944363636363636
0.07560727272727272
-0.03739272727272727
0.007807272727272727
-0.14135272727272727
-0.11402727272727273
0.04951454545454545
-0.04972
-0.04109090909090909
0.06718363636363636
-0.04129636363636364
0.0339
0.16888363636363635
-0.027736363636363635
0.013765454545454546
0.02486
0.030818181818181814
0.1356
-0.012327272727272727
0.04232363636363636
0.11834181818181817
0.03883090909090909
-0.03307818181818182
0.10622
0.09163272727272727
-0.02568181818181818
0.14669454545454544
-0.04725454545454546
-0.09697454545454545
0.15655636363636363
0.041707272727272725
-0.02239454545454545
0.08320909090909091
-0.055678181818181814
-0.006163636363636363
0.07108727272727272
-0.10272727272727272
-0.008423636363636364
-0.005547272727272727
0.010067272727272725
0.08875636363636363
0.12203999999999998
-0.00020545454545454542
0.011916363636363636
0.14731090909090908
-0.11731454545454545
-0.04294
-0.028969090909090906
-0.08998909090909091
0.05444545454545455
0.034927272727272723
-0.0010272727272727274
0.1076581818181818
0.2029890909090909
0.08834545454545455
0.1668290909090909
0.07683999999999999
0.00452
0.18059454545454545
0.07807272727272727
-0.14299636363636362
-0.02075090909090909
0.05259636363636363
-0.07355272727272727
0.10272727272727272
-0.07355272727272727
-0.032872727272727276
0.10416545454545453
-0.04663818181818182
0.053212727272727266
0.0402690909090909
0.043556363636363636
0.03698181818181818
0.13847636363636362
-0.013354545454545456
0.012943636363636362
0.12779272727272725
-0.09142727272727272
0.027736363636363635
0.061841818181818185
-0.16189818181818183
0.02075090909090909
0.19477090909090908
-0.12388909090909091
0.07314181818181818
0.013149090909090907
-0.03533818181818182
0.19271636363636363
-0.06759454545454545
0.03533818181818182
0.18326545454545454
0.015409090909090907
-0.10026181818181817
0.2052490909090909
-0.0113
-0.09944
0.2562018181818182
0.03944727272727273
0.04602181818181818
0.12306727272727273
0.07992181818181819
0.09307090909090908
0.0895781818181818
-0.11135636363636363
0.031845454545454545
0.043350909090909086
-0.14402363636363635
0.10539818181818181
-0.04294
-0.10334363636363636
0.09533090909090909
0.0918381818181818
-0.05485636363636363
0.06369090909090909
0.09861818181818181
0.03554363636363636
0.16662363636363633
0.001849090909090909
0.028763636363636363
0.10539818181818181
-0.06800545454545455
0.002876363636363636
0.11402727272727273
-0.15142
0.025065454545454544
0.14669454545454544
-0.11464363636363636
0.06143090909090909
0.054034545454545446
0.044994545454545454
0.12882
0.1017
-0.008834545454545454
0.030407272727272724
0.07396363636363636
-0.08937272727272727
-0.034310909090909086
-0.057527272727272726
-0.08300363636363636
0.0764290909090909
0.019518181818181816
-0.07519636363636363
0.12491636363636363
-0.006574545454545454
0.012327272727272727
0.15717272727272727
-0.07047090909090908
-0.0008218181818181817
0.07232
0.00862909090909091
0.0024654545454545454
0.07622363636363635
-0.002670909090909091
0.010889090909090909
0.13231272727272728
0.016847272727272728
0.07088181818181817
0.12142363636363637
-0.030612727272727274
0.038625454545454546
0.12902545454545453
-0.1247109090909091
0.05177454545454545
0.18901818181818184
-0.04437818181818182
0.09738545454545454
0.0764290909090909
-0.04109090909090909
0.08896181818181817
0.06985454545454545
-0.030818181818181814
0.12779272727272725
0.032667272727272725
0.010272727272727272
0.20134545454545455
-0.0470490909090909
-0.005136363636363636
0.12121818181818181
-0.03821454545454545
-0.015819999999999997
0.026298181818181814
-0.10930181818181818
0.004725454545454545
0.10457636363636363
-0.08505818181818181
0.07108727272727272
0.1608709090909091
-0.021778181818181818
0.05218545454545454
0.18531999999999998
0.005752727272727272
0.10683636363636365
0.10108363636363636
-0.1479272727272727
0.15080363636363636
0.003698181818181818
-0.13087454545454547
0.15819999999999998
0.05691090909090909
-0.03821454545454545
0.06369090909090909
0.07211454545454546
-0.029174545454545453
0.09450909090909092
-0.028352727272727273
-0.08177090909090909
0.08300363636363636
-0.14422909090909092
-0.03944727272727273
0.09492
-0.10396
0.01664181818181818
0.08772909090909091
0.013765454545454546
0.16436363636363635
0.07375818181818182
0.026298181818181814
0.1633363636363636
0.04109090909090909
0.019312727272727273
0.12532727272727273
-0.0402690909090909
-0.09882363636363636
0.16888363636363635
-0.06636181818181817
-0.16395272727272728
0.13991454545454546
0.025065454545454544
0.03307818181818182
0.10375454545454545
0.013149090909090907
0.09635818181818182
0.18614181818181816
0.02342181818181818
0.027530909090909092
0.06204727272727273
-0.10786363636363637
0.027120000000000002
0.05876
-0.07211454545454546
0.053212727272727266
0.10786363636363637
-0.0113
0.08855090909090908
0.14443454545454545
-0.06307454545454545
0.01849090909090909
0.08731818181818181
-0.13231272727272728
-0.012327272727272727
0.06410181818181818
-0.042734545454545456
0.11053454545454545
0.09368727272727272
0.02218909090909091
0.11115090909090909
0.08978363636363636
0.00904
0.10272727272727272
0.007396363636363636
-0.1419690909090909
0.04725454545454546
-0.08012727272727273
-0.10272727272727272
0.1351890909090909
-0.01725818181818182
0.03225636363636363
0.1686781818181818
-0.0628690909090909
0.047665454545454546
0.18552545454545455
-0.02527090909090909
0.08197636363636364
0.1148490909090909
-0.08485272727272727
0.005136363636363636
0.038419999999999996
-0.1454618181818182
0.00862909090909091
0.04746
-0.14505090909090906
0.06307454545454545
0.07622363636363635
0.029585454545454543
0.17525272727272728
0.1125890909090909
0.02938
0.17258181818181817
0.12142363636363637
-0.09286545454545453
0.15532363636363636
0.005136363636363636
-0.15881636363636362
0.06430727272727273
-0.10108363636363636
0.025065454545454544
0.113
0.010272727272727272
0.2783909090909091
0.21264545454545453
-0.06677272727272728
0.16046
0.14053090909090907
-0.15265272727272727
-0.05547272727272727
-0.0447890909090909
-0.15429636363636362
-0.032667272727272725
0.05999272727272727
-0.029996363636363634
0.11526
0.12655999999999998
0.07992181818181819
0.1957981818181818
0.015409090909090907
-0.031229090909090908
0.11361636363636363
-0.031229090909090908
-0.1499818181818182
0.04314545454545454
-0.01623090909090909
-0.028558181818181816
0.08362
-0.05341818181818182
0.017874545454545452
0.14340727272727272
0.032872727272727276
0.08094909090909091
0.14361272727272725
-0.03328363636363636
0.10437090909090908
0.10416545454545453
-0.06923818181818181
0.02157272727272727
-0.04787090909090909
-0.07560727272727272
-0.038625454545454546
-0.11731454545454545
-0.15450181818181818
0.031229090909090908
0.07683999999999999
0.02301090909090909
0.16251454545454544
0.08629090909090908
0.009656363636363637
0.20730363636363636
0.03554363636363636
-0.14587272727272727
0.12039636363636362
-0.08855090909090908
-0.06759454545454545
0.12594363636363634
-0.08485272727272727
0.09450909090909092
0.2023727272727273
0.0727309090909091
0.12203999999999998
0.13169636363636364
-0.03739272727272727
0.04889818181818182
-0.030407272727272724
-0.13724363636363635
0.1148490909090909
0.04294
-0.06738909090909091
0.1637472727272727
0.17771818181818183
-0.03225636363636363
0.27243272727272727
0.16189818181818183
-0.1012890909090909
0.10930181818181818
-0.04622727272727272
-0.028352727272727273
0.10930181818181818
-0.03328363636363636
-0.10046727272727272
0.05958181818181818
-0.13046363636363634
-0.08526363636363636
0.1758690909090909
-0.14402363636363635
0.06512909090909091
0.17895090909090908
-0.09861818181818181
0.12491636363636363
0.20401636363636363
0.040063636363636364
0.1415581818181818
0.08218181818181818
-0.1314909090909091
-0.013560000000000001
0.029174545454545453
-0.08115454545454545
0.02527090909090909
0.10149454545454545
0.0008218181818181817
0.21038545454545451
0.08998909090909091
0.014381818181818181
0.2455181818181818
-0.07745636363636363
-0.015819999999999997
0.040885454545454544
-0.26791272727272725
-0.11895818181818181
0.08279818181818181
-0.12286181818181818
-0.01992909090909091
0.09368727272727272
-0.06327999999999999
0.18244363636363634
0.08896181818181817
-0.05793818181818181
0.07067636363636363
-0.0039036363636363635
-0.0786890909090909
0.11546545454545454
0.08567454545454545
-0.08608545454545455
0.1686781818181818
0.07560727272727272
0.033694545454545456
0.1939490909090909
0.05773272727272727
0.047665454545454546
0.10848000000000001
0.008012727272727272
0.01890181818181818
0.056705454545454545
-0.04540545454545454
0.11115090909090909
0.07540181818181818
-0.08896181818181817
0.033489090909090906
0.03328363636363636
-0.06656727272727272
0.04437818181818182
0.0012327272727272727
-0.07334727272727272
0.12409454545454546
0.1088909090909091
0.025065454545454544
0.08341454545454545
0.08259272727272728
-0.05013090909090909
0.05711636363636363
-0.08505818181818181
-0.1721709090909091
0.15183090909090907
-0.051569090909090905
-0.03780363636363636
0.15758363636363634
0.04807636363636364
0.03328363636363636
0.20216727272727272
0.13909272727272726
-0.06266363636363637
0.11587636363636362
0.09019454545454544
0.035954545454545454
0.04889818181818182
-0.07334727272727272
0.07458
0.14217454545454544
-0.11875272727272726
-0.027325454545454545
0.0967690909090909
-0.13005272727272726
0.0020545454545454547
0.05485636363636363
-0.06738909090909091
0.055883636363636364
0.1035490909090909
0.01766909090909091
0.10334363636363636
0.08588
-0.0452
0.1479272727272727
-0.02239454545454545
-0.17977272727272728
0.09759090909090909
-0.00904
-0.10067272727272727
0.10334363636363636
0.04540545454545454
0.0063690909090909084
0.20052363636363635
0.03739272727272727
-0.0113
0.17422545454545454
-0.0113
0.025065454545454544
0.0786890909090909
-0.1366272727272727
0.06862181818181817
0.11731454545454545
-0.10950727272727273
0.09307090909090908
0.15840545454545454
-0.025887272727272724
0.09841272727272728
0.11546545454545454
-0.04889818181818182
0.09759090909090909
0.03800909090909091
-0.055883636363636364
0.08033272727272728
-0.03513272727272727
-0.05793818181818181
0.10334363636363636
-0.01808
-0.11854727272727272
0.08588
-0.05198
0.01171090909090909
0.22127454545454545
0.03698181818181818
0.05629454545454545
0.10149454545454545
0.07848363636363635
0.07232
0.054034545454545446
-0.06697818181818181
-0.035749090909090904
0.011505454545454544
-0.05362363636363636
0.07992181818181819
0.024654545454545453
0.008012727272727272
0.15450181818181818
0.09861818181818181
-0.010272727272727272
0.13025818181818183
0.09779636363636364
0.0069854545454545456
0.014792727272727272
-0.11752
-0.043556363636363636
-0.005136363636363636
0.03533818181818182
-0.025476363636363634
0.028147272727272726
0.02938
0.04211818181818182
0.2255890909090909
-0.05608909090909091
-0.012532727272727272
0.12265636363636362
-0.04807636363636364
-0.028352727272727273
0.1193690909090909
-0.02691454545454545
0.0
0.1499818181818182
-0.054034545454545446
0.06204727272727273
0.08834545454545455
-0.020956363636363638
0.06718363636363636
0.05300727272727272
-0.10087818181818181
0.11772545454545454
0.14813272727272728
-0.13128545454545454
0.17607454545454546
0.059170909090909087
-0.1645690909090909
0.1035490909090909
0.047665454545454546
-0.11752
0.08978363636363636
0.06800545454545455
-0.025065454545454544
0.18347090909090907
-0.05177454545454545
0.04807636363636364
0.1836763636363636
-0.14032545454545453
-0.005136363636363636
0.12429999999999998
-0.16272
-0.10724727272727272
0.16929454545454545
-0.09224909090909092
0.008834545454545454
0.1284090909090909
-0.031845454545454545
0.14525636363636363
0.1058090909090909
0.049925454545454544
0.19415454545454544
0.09081090909090908
-0.11135636363636363
0.16210363636363637
0.06533454545454545
-0.1296418181818182
0.20052363636363635
0.04951454545454545
-0.07827818181818182
0.14279090909090908
0.0041090909090909095
-0.034927272727272723
0.15018727272727272
-0.035954545454545454
0.016025454545454544
0.04211818181818182
-0.15306363636363635
0.1171090909090909
0.08115454545454545
-0.13642181818181817
0.01766909090909091
0.08629090909090908
-0.011916363636363636
0.05814363636363636
0.14053090909090907
0.02938
0.13334
0.15039272727272726
0.04211818181818182
0.15039272727272726
0.07560727272727272
-0.012121818181818182
0.07149818181818181
-0.14381818181818182
-0.12019090909090908
0.07355272727272727
-0.15655636363636363
-0.011094545454545454
0.07601818181818182
-0.11423272727272726
0.10971272727272725
0.19456545454545454
0.019723636363636363
0.047665454545454546
0.06266363636363637
-0.029996363636363634
-0.005958181818181818
-0.040063636363636364
-0.07170363636363636
0.0012327272727272727
0.00452
-0.0764290909090909
0.07683999999999999
0.05814363636363636
-0.07560727272727272
0.2120290909090909
0.07663454545454546
-0.11628727272727273
0.07478545454545454
0.02013454545454545
0.04930909090909091
0.12019090909090908
-0.0069854545454545456
0.04869272727272727
0.1148490909090909
0.03225636363636363
0.02342181818181818
0.08711272727272727
-0.013560000000000001
-0.008834545454545454
0.1356
-0.11217818181818182
-0.06266363636363637
0.15142
-0.05177454545454545
0.040063636363636364
0.07190909090909091
-0.08136
0.10950727272727273
0.11834181818181817
0.04047454545454546
0.18758
0.06225272727272727
0.010478181818181819
0.1826490909090909
0.10642545454545453
-0.028763636363636363
0.031229090909090908
0.02157272727272727
-0.1088909090909091
0.05465090909090909
-0.04972
-0.13169636363636364
0.20134545454545455
0.051569090909090905
-0.01808
0.19374363636363634
0.026298181818181814
0.08320909090909091
0.13827090909090908
-0.08670181818181817
0.06697818181818181
-0.020956363636363638
-0.09820727272727273
0.0895781818181818
0.08896181818181817
-0.010683636363636364
-0.010478181818181819
0.17299272727272727
0.031845454545454545
0.14032545454545453
0.07786727272727272
-0.1306690909090909
0.09738545454545454
-0.15943272727272728
-0.19682545454545455
0.06944363636363636
-0.13313454545454545
-0.005958181818181818
0.19251090909090907
-0.14854363636363635
0.04746
0.22928727272727273
-0.030612727272727274
0.048487272727272726
0.0786890909090909
-0.03451636363636364
0.030612727272727274
0.10313818181818181
-0.05362363636363636
0.09286545454545453
0.07088181818181817
-0.1637472727272727
0.0940981818181818
0.06800545454545455
-0.07478545454545454
0.16354181818181818
0.14607818181818183
-0.0024654545454545454
0.11690363636363636
0.06821090909090909
0.001849090909090909
0.09286545454545453
0.08197636363636364
-0.04622727272727272
-0.050747272727272724
-0.06143090909090909
-0.0967690909090909
0.03821454545454545
-0.06985454545454545
0.034927272727272723
0.12717636363636362
0.014998181818181817
0.17484181818181818
0.16929454545454545
-0.003698181818181818
0.04376181818181818
0.08896181818181817
-0.09800181818181818
0.012532727272727272
0.05691090909090909
-0.05444545454545455
0.03985818181818182
0.16189818181818183
0.05362363636363636
0.03020181818181818
0.17648545454545456
-0.04314545454545454
0.08834545454545455
0.03903636363636363
-0.21675454545454545
0.04211818181818182
0.012327272727272727
-0.11649272727272726
0.14977636363636362
0.09964545454545454
-0.04376181818181818
0.20792
0.11074
0.07211454545454546
0.06903272727272727
-0.06040363636363636
-0.06451272727272726
0.002876363636363636
-0.03554363636363636
-0.03328363636363636
0.12553272727272727
-0.14176363636363634
-0.06677272727272728
0.07314181818181818
-0.06019818181818181
0.003287272727272727
0.0628690909090909
0.010067272727272725
0.07766181818181818
0.12121818181818181
-0.055883636363636364
0.2504490909090909
0.12758727272727272
-0.13785999999999998
0.14217454545454544
-0.02116181818181818
-0.13888727272727272
0.14279090909090908
0.07232
-0.0402690909090909
0.14751636363636364
0.034310909090909086
0.1261490909090909
0.16189818181818183
0.008218181818181819
0.1035490909090909
0.08711272727272727
-0.0741690909090909
-0.1076581818181818
0.05198
-0.13827090909090908
-0.023832727272727273
0.14443454545454545
-0.09204363636363636
0.03246181818181818
0.10971272727272725
0.02198363636363636
0.11176727272727273
-0.0063690909090909084
-0.12779272727272725
0.13107999999999997
0.0034927272727272728
0.029174545454545453
0.17196545454545456
0.001438181818181818
0.15224181818181817
0.08588
-0.032667272727272725
0.10375454545454545
0.12368363636363637
0.040063636363636364
0.032667272727272725
-0.01849090909090909
-0.03513272727272727
0.09964545454545454
0.09553636363636364
-0.040885454545454544
0.014998181818181817
-0.02218909090909091
-0.1524472727272727
0.09492
-0.038625454545454546
-0.12943636363636363
0.14895454545454545
0.055883636363636364
0.053212727272727266
0.13313454545454545
0.012327272727272727
0.05855454545454545
0.10745272727272726
-0.13190181818181818
-0.14217454545454544
-0.03451636363636364
-0.03780363636363636
0.027530909090909092
0.09450909090909092
0.02568181818181818
0.07540181818181818
0.28373272727272725
0.08711272727272727
0.12635454545454544
0.17607454545454546
-0.055678181818181814
0.08752363636363636
0.03554363636363636
-0.16128181818181817
-0.02157272727272727
0.07909999999999999
-0.0764290909090909
0.027736363636363635
0.10149454545454545
-0.08772909090909091
0.06533454545454545
0.14340727272727272
-0.06553999999999999
0.058349090909090906
0.028763636363636363
-0.07211454545454546
0.19888
0.0034927272727272728
-0.020545454545454544
0.1645690909090909
-0.02157272727272727
-0.02609272727272727
0.08012727272727273
-0.06944363636363636
-0.09122181818181817
0.12984727272727273
-0.12142363636363637
0.013149090909090907
0.16908909090909088
-0.11793090909090909
0.09060545454545453
0.16744545454545454
-0.062458181818181815
0.018285454545454546
0.14669454545454544
-0.029585454545454543
0.09759090909090909
0.053212727272727266
-0.06471818181818181
0.18901818181818184
0.04458363636363636
-0.02691454545454545
0.25476363636363636
0.02650363636363636
-0.1623090909090909
0.20607090909090908
-0.02403818181818182
-0.15018727272727272
0.09224909090909092
0.0069854545454545456
-0.008834545454545454
0.014587272727272727
-0.0339
-0.024654545454545453
0.11053454545454545
-0.012943636363636362
0.08588
0.15984363636363638
-0.02362727272727273
0.17977272727272728
0.18203272727272726
-0.00862909090909091
0.052390909090909085
0.10067272727272727
-0.0538290909090909
-0.009656363636363637
-0.009656363636363637
-0.09594727272727273
0.06101999999999999
-0.0030818181818181817
-0.034310909090909086
0.13498363636363636
0.10293272727272727
0.0628690909090909
0.17032181818181816
0.04746
-0.04828181818181818
0.08772909090909091
-0.055883636363636364
-0.15902181818181815
0.043556363636363636
-0.0016436363636363634
-0.1076581818181818
0.07314181818181818
0.07088181818181817
-0.02979090909090909
0.07170363636363636
0.06697818181818181
-0.02013454545454545
-0.002876363636363636
-0.025887272727272724
0.03636545454545455
0.06122545454545455
-0.06759454545454545
0.05608909090909091
0.09081090909090908
-0.03636545454545455
0.08649636363636364
0.12758727272727272
-0.014587272727272727
0.008012727272727272
0.041912727272727275
-0.018696363636363636
-0.033694545454545456
0.023216363636363632
0.09882363636363636
0.07848363636363635
0.013765454545454546
0.008012727272727272
0.12738181818181818
-0.012121818181818182
-0.06389636363636363
0.1894290909090909
-0.0041090909090909095
-0.05033636363636364
0.12347818181818182
0.02938
0.043350909090909086
0.04150181818181818
0.028558181818181816
0.058349090909090906
0.0016436363636363634
-0.003698181818181818
0.04869272727272727
0.004725454545454545
-0.03513272727272727
0.05362363636363636
0.1035490909090909
-0.005136363636363636
0.10457636363636363
0.1939490909090909
0.02979090909090909
0.1826490909090909
0.09512545454545453
0.020545454545454544
0.09861818181818181
-0.12635454545454544
0.07314181818181818
0.10786363636363637
-0.11875272727272726
0.06410181818181818
0.1035490909090909
-0.05691090909090909
0.027120000000000002
0.08731818181818181
-0.06225272727272727
0.03616
0.10067272727272727
-0.0904
-0.023216363636363632
0.02403818181818182
-0.09430363636363637
0.037598181818181815
-0.0016436363636363634
-0.040885454545454544
0.19107272727272728
0.016847272727272728
-0.008218181818181819
0.17771818181818183
0.023216363636363632
0.051569090909090905
0.16354181818181818
-0.013970909090909091
-0.04684363636363636
0.09060545454545453
-0.005341818181818182
-0.08464727272727272
-0.017463636363636362
-0.033694545454545456
-0.03657090909090909
0.052390909090909085
0.015409090909090907
0.07848363636363635
0.12450545454545454
-0.028558181818181816
0.13991454545454546
0.08916727272727272
-0.14628363636363637
0.07581272727272727
0.031639999999999995
-0.09718
0.011916363636363636
0.011916363636363636
-0.006163636363636363
0.08341454545454545
0.1766909090909091
0.032872727272727276
0.07170363636363636
0.08279818181818181
-0.04437818181818182
0.11916363636363636
-0.026298181818181814
-0.11793090909090909
0.21675454545454545
-0.0010272727272727274
-0.07663454545454546
0.2640090909090909
-0.001849090909090909
0.02486
0.19045636363636362
-0.007601818181818181
0.05033636363636364
0.04211818181818182
-0.031229090909090908
-0.03718727272727273
0.04807636363636364
-0.07786727272727272
-0.024243636363636363
0.20442727272727274
-0.1284090909090909
0.0538290909090909
0.18737454545454543
-0.11772545454545454
0.19600363636363635
0.11135636363636363
-0.09718
0.17463636363636362
-0.02527090909090909
-0.06492363636363636
0.0727309090909091
-0.13888727272727272
-0.034310909090909086
0.04787090909090909
-0.12717636363636362
-0.041707272727272725
0.12738181818181818
-0.019518181818181816
0.09450909090909092
0.3001690909090909
0.012532727272727272
0.08608545454545455
0.21264545454545453
-0.11977999999999998
-0.007396363636363636
0.1035490909090909
-0.2181927272727273
-0.006574545454545454
0.04828181818181818
-0.12080727272727272
0.2194254545454545
0.11608181818181817
0.09450909090909092
0.2843490909090909
0.015614545454545454
-0.009656363636363637
0.09594727272727273
-0.05876
-0.19415454545454544
-0.05362363636363636
-0.1076581818181818
-0.12306727272727273
0.12635454545454544
-0.005752727272727272
0.13683272727272727
0.2029890909090909
0.038419999999999996
0.23339636363636362
0.05855454545454545
-0.013765454545454546
0.15943272727272728
0.0024654545454545454
-0.09615272727272728
0.03780363636363636
0.038419999999999996
-0.08464727272727272
0.06266363636363637
0.07519636363636363
-0.10539818181818181
0.12409454545454546
0.11731454545454545
0.006574545454545454
0.15121454545454543
-0.03205090909090909
0.08115454545454545
0.10539818181818181
-0.08300363636363636
0.027530909090909092
0.0010272727272727274
-0.07766181818181818
-0.07807272727272727
-0.04376181818181818
-0.08937272727272727
0.029996363636363634
0.07190909090909091
0.00862909090909091
0.20052363636363635
0.09820727272727273
-0.0006163636363636364
0.1608709090909091
-0.019518181818181816
-0.12697090909090908
0.053212727272727266
-0.01766909090909091
-0.11731454545454545
0.04602181818181818
0.09492
-0.03718727272727273
0.15676181818181817
0.16066545454545456
-0.031639999999999995
0.1370381818181818
-0.060609090909090904
-0.05218545454545454
0.14628363636363637
-0.08444181818181817
-0.004314545454545455
0.10252181818181817
0.02650363636363636
0.035954545454545454
0.1411472727272727
0.1058090909090909
0.048487272727272726
0.15819999999999998
-0.003698181818181818
-0.07355272727272727
0.08752363636363636
0.005752727272727272
0.023832727272727273
0.0024654545454545454
-0.1682672727272727
0.01725818181818182
0.03246181818181818
-0.10478181818181817
0.037598181818181815
0.05465090909090909
-0.027120000000000002
0.11238363636363637
0.11608181818181817
0.007190909090909091
0.21634363636363635
0.18141636363636363
0.06081454545454545
0.15018727272727272
-0.0016436363636363634
-0.08177090909090909
0.06677272727272728
0.04787090909090909
-0.05485636363636363
0.06307454545454545
0.030818181818181814
0.06533454545454545
0.22312363636363636
0.0034927272727272728
0.07930545454545455
0.13929818181818182
-0.13457272727272726
-0.0020545454545454547
-0.033489090909090906
-0.1608709090909091
0.0012327272727272727
-0.012943636363636362
0.04129636363636364
0.030407272727272724
-0.02444909090909091
0.09327636363636364
0.10334363636363636
0.014792727272727272
-0.07663454545454546
0.03533818181818182
0.02075090909090909
-0.038419999999999996
0.1325181818181818
0.04437818181818182
0.007190909090909091
0.08875636363636363
0.03307818181818182
0.1411472727272727
0.035749090909090904
-0.010067272727272725
0.17052727272727272
-0.040063636363636364
-0.01623090909090909
0.1329290909090909
0.034927272727272723
-0.011505454545454544
0.02362727272727273
0.014998181818181817
-0.10478181818181817
-0.031845454545454545
-0.009656363636363637
-0.04396727272727272
0.006574545454545454
-0.04417272727272727
0.059787272727272724
0.19230545454545456
0.03739272727272727
0.0452
0.10046727272727272
0.035749090909090904
0.010067272727272725
-0.03513272727272727
0.03800909090909091
-0.02444909090909091
0.1035490909090909
0.05691090909090909
-0.05341818181818182
0.15491272727272726
0.05054181818181818
0.19045636363636362
0.10005636363636364
-0.09327636363636364
0.09204363636363636
0.05259636363636363
-0.031229090909090908
0.027941818181818182
0.06369090909090909
-0.01890181818181818
0.038625454545454546
0.042734545454545456
0.004930909090909091
0.06821090909090909
0.04047454545454546
-0.08444181818181817
0.05814363636363636
0.06718363636363636
-0.1076581818181818
0.23195818181818179
0.11567090909090909
-0.07725090909090909
0.20155090909090906
-0.006163636363636363
-0.029996363636363634
0.14176363636363634
-0.13765454545454545
-0.10498727272727272
0.058349090909090906
-0.09553636363636364
-0.013149090909090907
0.1103290909090909
0.03020181818181818
0.10663090909090908
0.12635454545454544
-0.027736363636363635
0.14422909090909092
0.11854727272727272
-0.1397090909090909
0.10149454545454545
0.05485636363636363
-0.13806545454545455
0.09450909090909092
0.04869272727272727
0.02075090909090909
0.21634363636363635
0.036776363636363635
0.00041090909090909085
0.14977636363636362
-0.033694545454545456
-0.03533818181818182
0.0628690909090909
-0.12306727272727273
-0.08690727272727272
0.11916363636363636
-0.0904
-0.005547272727272727
0.15881636363636362
-0.14073636363636363
0.03554363636363636
0.13005272727272726
-0.012532727272727272
0.13827090909090908
0.10067272727272727
0.06410181818181818
0.13580545454545453
-0.005136363636363636
0.0226
0.1125890909090909
-0.05465090909090909
-0.03883090909090909
-0.03636545454545455
-0.05259636363636363
-0.005752727272727272
0.07375818181818182
0.04930909090909091
0.004930909090909091
0.19189454545454546
0.03410545454545454
0.005136363636363636
0.12820363636363635
-0.03780363636363636
-0.03903636363636363
0.02198363636363636
-0.10971272727272725
0.021367272727272728
0.11217818181818182
-0.07088181818181817
0.17607454545454546
0.12717636363636362
-0.0727309090909091
0.034310909090909086
0.06862181818181817
-0.011094545454545454
-0.008218181818181819
0.08136
-0.07560727272727272
0.10704181818181817
0.07006
-0.02568181818181818
0.1916890909090909
0.0452
0.02218909090909091
0.12594363636363634
-0.00862909090909091
-0.027120000000000002
0.20894727272727273
-0.011916363636363636
-0.01808
0.14566727272727273
-0.06553999999999999
0.06882727272727272
0.10786363636363637
-0.1076581818181818
-0.054034545454545446
0.04622727272727272
-0.12532727272727273
0.08218181818181818
0.14340727272727272
-0.10231636363636364
0.14895454545454545
0.12409454545454546
-0.09348181818181817
0.09533090909090909
0.12861454545454545
-0.11587636363636362
0.054034545454545446
0.010683636363636364
-0.16436363636363635
0.07560727272727272
0.03739272727272727
0.06533454545454545
0.06081454545454545
-0.009245454545454545
0.08772909090909091
0.12861454545454545
0.06677272727272728
0.016025454545454544
0.12388909090909091
-0.01808
-0.03225636363636363
0.11608181818181817
-0.05547272727272727
-0.002670909090909091
0.16066545454545456
-0.050747272727272724
0.024243636363636363
0.05814363636363636
-0.12820363636363635
0.12224545454545453
-0.027120000000000002
-0.10498727272727272
0.15142
-0.06759454545454545
-0.05526727272727273
0.1678563636363636
0.028147272727272726
-0.031229090909090908
0.13005272727272726
0.07786727272727272
0.037598181818181815
0.08916727272727272
0.09430363636363637
0.11094545454545454
0.15491272727272726
0.09492
0.03883090909090909
0.09553636363636364
-0.040885454545454544
0.08382545454545455
0.04150181818181818
-0.22476727272727273
0.04437818181818182
0.07560727272727272
-0.06841636363636364
0.06327999999999999
0.0452
0.09245454545454544
0.15881636363636362
-0.004314545454545455
0.06307454545454545
0.11135636363636363
-0.034927272727272723
-0.028352727272727273
0.002876363636363636
-0.11074
-0.05814363636363636
0.15676181818181817
-0.014792727272727272
-0.035749090909090904
0.10375454545454545
-0.021778181818181818
-0.007601818181818181
0.02075090909090909
-0.01808
0.012738181818181817
0.04910363636363636
0.013354545454545456
0.05937636363636363
0.05999272727272727
0.01992909090909091
0.11094545454545454
0.13827090909090908
-0.040063636363636364
-0.09368727272727272
0.10457636363636363
-0.06862181818181817
-0.035749090909090904
0.05691090909090909
-0.18141636363636363
0.06225272727272727
0.10539818181818181
-0.04437818181818182
0.10313818181818181
0.02239454545454545
0.07909999999999999
0.14299636363636362
-0.00452
0.015409090909090907
0.11053454545454545
0.12553272727272727
-0.05547272727272727
0.09471454545454545
0.019723636363636363
-0.12121818181818181
0.18306
-0.027120000000000002
-0.033694545454545456
0.0967690909090909
-0.03410545454545454
0.11752
0.12717636363636362
0.005136363636363636
0.14751636363636364
0.12491636363636363
-0.016436363636363638
0.1454618181818182
0.09553636363636364
-0.05732181818181818
0.045610909090909084
0.06081454545454545
-0.061841818181818185
0.039241818181818176
0.05465090909090909
0.02218909090909091
0.19271636363636363
0.04376181818181818
0.06574545454545455
0.12224545454545453
-0.04068
0.02362727272727273
-0.014792727272727272
-0.17730727272727273
-0.0470490909090909
0.09327636363636364
-0.042529090909090905
0.034310909090909086
0.06738909090909091
0.011094545454545454
0.09759090909090909
0.027736363636363635
-0.07725090909090909
0.10293272727272727
-0.0010272727272727274
-0.10087818181818181
0.17792363636363634
-0.08403090909090909
-0.055061818181818184
0.15902181818181815
-0.016436363636363638
-0.027736363636363635
0.045610909090909084
0.04150181818181818
-0.027530909090909092
0.0678
0.012738181818181817
0.015409090909090907
0.12861454545454545
0.012327272727272727
0.02157272727272727
0.07211454545454546
-0.09142727272727272
0.00862909090909091
0.04930909090909091
-0.23216363636363635
-0.015409090909090907
0.10519272727272726
-0.05732181818181818
0.10930181818181818
0.19066181818181818
0.027325454545454545
0.13190181818181818
0.10498727272727272
-0.00945090909090909
0.10683636363636365
-0.04807636363636364
-0.040063636363636364
0.03451636363636364
0.05814363636363636
-0.03225636363636363
0.1600490909090909
0.20011272727272728
-0.06903272727272727
0.21552181818181818
-0.001849090909090909
-0.05259636363636363
0.13642181818181817
-0.05054181818181818
-0.0741690909090909
0.07108727272727272
0.03698181818181818
0.04972
0.24469636363636363
-0.009245454545454545
0.16744545454545454
0.15902181818181815
-0.12327272727272726
0.05629454545454545
0.008834545454545454
-0.12347818181818182
-0.020956363636363638
0.010478181818181819
-0.1577890909090909
0.015614545454545454
0.006574545454545454
-0.004314545454545455
0.12553272727272727
0.0067800000000000004
-0.04540545454545454
0.14279090909090908
0.07170363636363636
-0.040885454545454544
0.27284363636363634
-0.04068
-0.06492363636363636
0.18573090909090906
0.0020545454545454547
-0.03821454545454545
0.012532727272727272
-0.02670909090909091
-0.03800909090909091
0.1645690909090909
-0.05115818181818182
0.06595090909090909
0.13642181818181817
-0.02979090909090909
0.2387381818181818
0.014792727272727272
-0.12265636363636362
0.12039636363636362
-0.015203636363636362
-0.22476727272727273
0.02444909090909091
0.029585454545454543
-0.0786890909090909
0.06964909090909091
0.0764290909090909
0.060609090909090904
0.01664181818181818
0.00041090909090909085
0.02362727272727273
0.10457636363636363
-0.09964545454545454
0.005547272727272727
0.2251781818181818
-0.039241818181818176
0.13683272727272727
0.20319454545454546
0.008218181818181819
0.0990290909090909
0.16703454545454544
0.040885454545454544
0.002670909090909091
-0.03513272727272727
-0.05115818181818182
0.05773272727272727
-0.035954545454545454
0.014381818181818181
0.09368727272727272
-0.02527090909090909
-0.029585454545454543
0.1397090909090909
-0.05485636363636363
-0.12861454545454545
0.1171090909090909
-0.02075090909090909
-0.06471818181818181
0.030818181818181814
0.1337509090909091
0.09923454545454545
0.07745636363636363
0.03903636363636363
-0.03739272727272727
0.04458363636363636
-0.02116181818181818
0.02650363636363636
-0.0067800000000000004
-0.10930181818181818
0.10272727272727272
0.18182727272727273
0.02527090909090909
0.09122181818181817
0.13765454545454545
0.09635818181818182
0.1076581818181818
-0.022805454545454542
-0.034927272727272723
0.06492363636363636
0.011094545454545454
-0.08998909090909091
0.04725454545454546
-0.008834545454545454
-0.07971636363636364
0.18059454545454545
-0.019312727272727273
-0.12635454545454544
0.11690363636363636
0.04869272727272727
0.01705272727272727
0.13457272727272726
-0.012121818181818182
0.003698181818181818
0.2829109090909091
-0.004314545454545455
-0.0538290909090909
0.14279090909090908
-0.1337509090909091
-0.015203636363636362
0.04294
-0.17525272727272728
-0.03965272727272728
0.10375454545454545
-0.02609272727272727
0.030407272727272724
0.14422909090909092
-0.03903636363636363
0.19127818181818182
0.1586109090909091
-0.054240000000000003
0.11669818181818181
0.015819999999999997
0.03903636363636363
0.06512909090909091
-0.05300727272727272
-0.02301090909090909
0.1623090909090909
-0.013560000000000001
0.009245454545454545
0.19559272727272728
-0.08916727272727272
-0.012532727272727272
0.06348545454545454
0.0034927272727272728
-0.11094545454545454
0.0
0.012532727272727272
0.048487272727272726
0.07601818181818182
-0.14977636363636362
0.18100545454545455
0.03944727272727273
0.013149090909090907
0.20874181818181817
0.04828181818181818
0.09923454545454545
0.18203272727272726
0.09820727272727273
-0.002670909090909091
0.03205090909090909
-0.06225272727272727
0.03965272727272728
-0.08033272727272728
-0.10396
0.03965272727272728
-0.028558181818181816
0.06553999999999999
0.09533090909090909
0.18675818181818182
0.09307090909090908
0.11957454545454545
0.13539454545454546
-0.03739272727272727
0.01849090909090909
-0.014998181818181817
-0.14628363636363637
-0.010067272727272725
0.04376181818181818
-0.07314181818181818
0.12224545454545453
0.031023636363636364
0.03616
0.16908909090909088
-0.02301090909090909
-0.031845454545454545
0.06122545454545455
-0.024654545454545453
-0.08978363636363636
0.046432727272727264
-0.03800909090909091
-0.010683636363636364
0.19826363636363634
0.010683636363636364
-0.07355272727272727
0.20771454545454546
0.027120000000000002
-0.0895781818181818
0.13909272727272726
0.02568181818181818
-0.044994545454545454
0.042734545454545456
0.026298181818181814
0.011505454545454544
0.13909272727272726
-0.05013090909090909
0.03636545454545455
0.12327272727272726
-0.17936181818181818
0.09081090909090908
0.08444181818181817
-0.07807272727272727
0.1415581818181818
0.09122181818181817
-0.09656363636363637
0.07519636363636363
0.06101999999999999
-0.06081454545454545
0.09574181818181818
-0.029585454545454543
-0.08444181818181817
0.03328363636363636
0.06451272727272726
-0.010067272727272725
0.20381090909090907
0.12450545454545454
-0.0067800000000000004
0.28825272727272727
-0.012943636363636362
0.06697818181818181
0.17730727272727273
-0.05033636363636364
0.057527272727272726
0.012943636363636362
-0.062458181818181815
0.03020181818181818
0.12409454545454546
0.017874545454545452
0.07622363636363635
0.05300727272727272
-0.05855454545454545
0.08218181818181818
0.05711636363636363
-0.048487272727272726
0.08444181818181817
-0.029585454545454543
-0.0786890909090909
0.113
-0.15224181818181817
0.013560000000000001
0.12717636363636362
-0.09163272727272727
0.0918381818181818
0.15347454545454545
0.04787090909090909
0.060609090909090904
0.17956727272727271
0.02403818181818182
0.07190909090909091
0.1464890909090909
-0.07314181818181818
0.05896545454545454
0.043350909090909086
-0.1366272727272727
-0.00020545454545454542
-0.041912727272727275
-0.12594363636363634
0.12060181818181817
0.018285454545454546
-0.06759454545454545
0.15922727272727272
0.034310909090909086
-0.00226
0.08793454545454545
-0.03780363636363636
-0.015819999999999997
0.029996363636363634
-0.10991818181818182
0.03616
0.04910363636363636
-0.03020181818181818
0.17176
0.1035490909090909
-0.02609272727272727
0.08588
0.1247109090909091
-0.09348181818181817
0.06656727272727272
0.09861818181818181
-0.1577890909090909
0.12060181818181817
0.12388909090909091
-0.04047454545454546
0.14073636363636363
0.10087818181818181
0.017463636363636362
0.11217818181818182
-0.014998181818181817
-0.08300363636363636
0.14566727272727273
0.02362727272727273
-0.1341618181818182
0.1012890909090909
-0.02670909090909091
-0.09635818181818182
0.23257454545454545
0.028763636363636363
-0.02691454545454545
0.18490909090909088
0.06677272727272728
0.11731454545454545
0.12655999999999998
0.03698181818181818
0.08341454545454545
0.13477818181818182
-0.12080727272727272
-0.08526363636363636
0.04889818181818182
-0.1836763636363636
0.04437818181818182
0.012532727272727272
-0.2120290909090909
0.08793454545454545
0.1314909090909091
-0.015819999999999997
0.2165490909090909
0.1088909090909091
-0.03328363636363636
0.20792
-0.04314545454545454
-0.07149818181818181
0.12450545454545454
-0.11895818181818181
-0.10190545454545454
0.1479272727272727
-0.04150181818181818
-0.07663454545454546
0.26606363636363634
0.12142363636363637
0.0226
0.1608709090909091
-0.06143090909090909
-0.038419999999999996
0.027120000000000002
-0.2364781818181818
-0.08978363636363636
-0.06595090909090909
-0.07971636363636364
0.14073636363636363
0.08670181818181817
0.09142727272727272
0.1608709090909091
0.2052490909090909
0.036776363636363635
0.10416545454545453
0.12060181818181817
-0.036776363636363635
0.09882363636363636
-0.02013454545454545
-0.019107272727272726
0.02650363636363636
-0.033489090909090906
0.019723636363636363
0.08279818181818181
-0.03718727272727273
0.0447890909090909
0.18901818181818184
-0.012738181818181817
0.12697090909090908
0.18531999999999998
-0.009245454545454545
-0.07067636363636363
0.1623090909090909
0.05198
-0.17011636363636362
0.05732181818181818
-0.041707272727272725
-0.056705454545454545
-0.06019818181818181
-0.06348545454545454
0.0967690909090909
0.07889454545454545
0.02670909090909091
0.17710181818181817
0.08670181818181817
-0.11813636363636362
0.11443818181818181
0.06595090909090909
-0.06019818181818181
-0.05218545454545454
0.0339
0.04602181818181818
0.08115454545454545
0.09224909090909092
0.021367272727272728
0.17628
-0.06656727272727272
0.0006163636363636364
0.1329290909090909
-0.2052490909090909
-0.09800181818181818
0.12943636363636363
-0.10786363636363637
-0.05013090909090909
0.15819999999999998
-0.028558181818181816
0.1321072727272727
0.1524472727272727
0.01890181818181818
0.049925454545454544
0.036776363636363635
-0.07149818181818181
-0.01664181818181818
0.0786890909090909
-0.17730727272727273
0.07458
0.06451272727272726
-0.1935381818181818
0.10806909090909089
0.07745636363636363
-0.06759454545454545
0.08998909090909091
0.07540181818181818
0.10642545454545453
0.12347818181818182
0.04129636363636364
0.19970181818181817
0.09861818181818181
0.052390909090909085
0.03451636363636364
0.013765454545454546
-0.054034545454545446
-0.02670909090909091
0.19107272727272728
-0.10478181818181817
0.06163636363636363
0.17689636363636363
-0.028969090909090906
0.1577890909090909
0.10683636363636365
0.029996363636363634
0.06512909090909091
-0.04232363636363636
-0.027941818181818182
0.06595090909090909
-0.17689636363636363
-0.023216363636363632
0.17545818181818182
-0.05033636363636364
0.017463636363636362
0.11074
0.012738181818181817
-0.013354545454545456
0.11094545454545454
-0.07848363636363635
-0.040885454545454544
0.05691090909090909
-0.007396363636363636
0.16662363636363633
-0.004725454545454545
-0.0113
0.1836763636363636
0.09759090909090909
0.019723636363636363
0.13642181818181817
0.0012327272727272727
-0.05999272727272727
0.11053454545454545
-0.06595090909090909
-0.01705272727272727
0.11053454545454545
-0.042529090909090905
-0.08916727272727272
0.04602181818181818
-0.04622727272727272
-0.06964909090909091
0.02362727272727273
-0.08998909090909091
0.045816363636363634
0.031639999999999995
-0.014176363636363636
0.21922
0.1499818181818182
-0.06266363636363637
0.054240000000000003
0.07314181818181818
-0.08916727272727272
-0.015409090909090907
0.0034927272727272728
-0.04787090909090909
0.09697454545454545
0.15018727272727272
0.0020545454545454547
0.10663090909090908
0.13847636363636362
0.05259636363636363
0.20442727272727274
-0.009245454545454545
-0.1148490909090909
0.17196545454545456
-0.03800909090909091
-0.09265999999999999
0.12882
0.0010272727272727274
-0.013560000000000001
0.06512909090909091
-0.014998181818181817
-0.03698181818181818
0.1216290909090909
-0.0069854545454545456
-0.00226
0.10334363636363636
-0.14094181818181817
0.06821090909090909
0.19148363636363636
0.004930909090909091
0.08279818181818181
0.04930909090909091
-0.056705454545454545
0.11402727272727273
0.025887272727272724
-0.12882
0.07478545454545454
-0.01705272727272727
-0.07006
0.08485272727272727
0.02157272727272727
-0.01171090909090909
0.24058727272727273
0.043556363636363636
-0.11977999999999998
0.18758
-0.04396727272727272
0.013354545454545456
0.17628
-0.0741690909090909
-0.015203636363636362
0.13436727272727272
0.04437818181818182
0.04047454545454546
0.10950727272727273
-0.014587272727272727
0.10519272727272726
0.029585454545454543
-0.11320545454545454
0.10005636363636364
-0.011916363636363636
-0.15491272727272726
0.09923454545454545
0.0339
-0.12943636363636363
0.1321072727272727
0.028969090909090906
-0.011916363636363636
0.1261490909090909
0.06348545454545454
0.12861454545454545
0.13107999999999997
0.08546909090909091
0.08937272727272727
0.042734545454545456
-0.09738545454545454
0.04129636363636364
0.09430363636363637
-0.16703454545454544
-0.08156545454545455
0.02403818181818182
-0.09964545454545454
0.03307818181818182
0.1419690909090909
0.046432727272727264
0.11793090909090909
0.07006
0.013354545454545456
0.10930181818181818
-0.013765454545454546
-0.0447890909090909
0.059787272727272724
-0.047665454545454546
-0.08937272727272727
0.05300727272727272
0.027941818181818182
0.011094545454545454
0.11012363636363637
0.001849090909090909
-0.015614545454545454
0.04930909090909091
-0.025476363636363634
-0.027530909090909092
0.06985454545454545
0.008012727272727272
-0.056705454545454545
0.11895818181818181
0.08279818181818181
0.08505818181818181
0.16641818181818183
0.04068
0.10046727272727272
0.06553999999999999
-0.05485636363636363
0.09204363636363636
0.13025818181818183
-0.0447890909090909
0.015203636363636362
0.07951090909090908
-0.06738909090909091
0.041912727272727275
0.051569090909090905
-0.034927272727272723
0.029585454545454543
-0.013765454545454546
0.05341818181818182
0.14751636363636364
0.027736363636363635
-0.035954545454545454
0.16354181818181818
0.03410545454545454
-0.11957454545454545
0.14813272727272728
0.031229090909090908
-0.10252181818181817
0.09204363636363636
-0.04930909090909091
-0.06225272727272727
0.15758363636363634
-0.0008218181818181817
0.06718363636363636
0.1569672727272727
-0.013560000000000001
0.11854727272727272
0.1341618181818182
-0.03739272727272727
0.01992909090909091
0.028352727272727273
-0.09122181818181817
0.00041090909090909085
0.024243636363636363
-0.06821090909090909
0.09594727272727273
0.08320909090909091
-0.054034545454545446
0.10046727272727272
0.002876363636363636
-0.031229090909090908
0.14094181818181817
-0.05958181818181818
-0.07006
0.02691454545454545
-0.06738909090909091
0.00226
0.07683999999999999
0.02527090909090909
0.07232
0.12368363636363637
0.06348545454545454
0.09985090909090909
0.05547272727272727
0.08362
0.10375454545454545
0.05608909090909091
0.03985818181818182
0.016436363636363638
0.02444909090909091
-0.06923818181818181
0.08403090909090909
-0.007807272727272727
-0.05958181818181818
0.05855454545454545
-0.00041090909090909085
0.14340727272727272
0.04602181818181818
0.027736363636363635
0.15347454545454545
0.07478545454545454
-0.04458363636363636
0.03985818181818182
0.046432727272727264
-0.08526363636363636
-0.001438181818181818
0.021367272727272728
-0.028147272727272726
0.016847272727272728
0.14484545454545456
0.07745636363636363
0.14299636363636362
0.06964909090909091
-0.0470490909090909
0.10539818181818181
-0.031845454545454545
0.005341818181818182
0.07026545454545453
-0.00020545454545454542
-0.08012727272727273
0.12265636363636362
0.1370381818181818
-0.1257381818181818
0.1610763636363636
0.045816363636363634
-0.14094181818181817
0.10868545454545453
-0.042529090909090905
-0.13395636363636362
0.07560727272727272
-0.08752363636363636
-0.08711272727272727
0.12902545454545453
-0.04150181818181818
0.08464727272727272
0.2368890909090909
-0.01849090909090909
0.030407272727272724
0.1962090909090909
-0.033489090909090906
0.03821454545454545
0.15162545454545454
-0.13724363636363635
-0.0226
0.011916363636363636
-0.12183454545454545
0.032667272727272725
0.02301090909090909
-0.12101272727272726
0.1017
0.07560727272727272
-0.062458181818181815
0.32400181818181817
0.10231636363636364
0.02403818181818182
0.2562018181818182
-0.028352727272727273
-0.04622727272727272
0.11423272727272726
0.0041090909090909095
-0.0749909090909091
0.08218181818181818
-0.09800181818181818
0.03513272727272727
0.22230181818181818
-0.041912727272727275
0.24449090909090906
0.23545090909090907
-0.15039272727272726
0.02650363636363636
0.14340727272727272
-0.14381818181818182
-0.1499818181818182
-0.02568181818181818
-0.061841818181818185
0.02650363636363636
0.010272727272727272
0.06266363636363637
0.29462181818181815
0.12882
0.05937636363636363
0.21182363636363635
-0.06964909090909091
-0.02034
0.1645690909090909
-0.0447890909090909
-0.12101272727272726
0.01664181818181818
0.04376181818181818
0.005958181818181818
0.05937636363636363
-0.07951090909090908
0.08341454545454545
0.12368363636363637
-0.12265636363636362
0.08711272727272727
0.06759454545454545
-0.09738545454545454
0.11176727272727273
0.07334727272727272
-0.15162545454545454
0.02938
0.04211818181818182
-0.09635818181818182
-0.05547272727272727
-0.04396727272727272
-0.06512909090909091
0.007807272727272727
0.1103290909090909
0.03739272727272727
0.1781290909090909
0.09101636363636363
0.0226
0.12697090909090908
-0.043350909090909086
0.005341818181818182
0.01623090909090909
-0.1479272727272727
-0.029585454545454543
0.14237999999999998
-0.05793818181818181
0.16744545454545454
0.24613454545454547
0.0012327272727272727
0.1341618181818182
0.043556363636363636
-0.02013454545454545
0.05629454545454545
0.017463636363636362
-0.10313818181818181
0.05691090909090909
-0.00226
-0.03143454545454545
0.24757272727272725
0.12080727272727272
0.04746
0.10806909090909089
0.06944363636363636
-0.0904
0.03554363636363636
0.04211818181818182
-0.04663818181818182
-0.014792727272727272
-0.13785999999999998
0.0339
0.05876
0.01890181818181818
0.07848363636363635
0.12409454545454546
-0.03533818181818182
0.030407272727272724
0.1727872727272727
-0.02034
0.17381454545454544
0.13827090909090908
0.009245454545454545
0.04889818181818182
-0.033489090909090906
-0.034927272727272723
0.11669818181818181
-0.042529090909090905
-0.16600727272727273
0.12902545454545453
0.029174545454545453
-0.011916363636363636
0.16395272727272728
0.13642181818181817
0.012943636363636362
0.11053454545454545
-0.041912727272727275
-0.1551181818181818
0.09779636363636364
-0.1351890909090909
-0.1419690909090909
0.037598181818181815
-0.06985454545454545
-0.027736363636363635
0.17607454545454546
0.07026545454545453
0.0008218181818181817
0.1058090909090909
-0.05259636363636363
0.09348181818181817
0.04951454545454545
-0.08670181818181817
0.13231272727272728
0.05218545454545454
-0.019312727272727273
0.14710545454545454
0.13765454545454545
0.07704545454545454
0.15922727272727272
0.0113
-0.04910363636363636
0.045816363636363634
-0.010067272727272725
0.04807636363636364
0.01705272727272727
-0.09368727272727272
0.014587272727272727
0.07909999999999999
-0.001849090909090909
-0.0030818181818181817
0.05054181818181818
-0.04314545454545454
-0.05814363636363636
0.062458181818181815
0.012943636363636362
0.12429999999999998
0.1125890909090909
-0.0067800000000000004
0.13847636363636362
0.004930909090909091
-0.039241818181818176
0.08444181818181817
-0.0402690909090909
-0.0226
0.021778181818181818
0.019107272727272726
0.029585454545454543
0.11772545454545454
0.14669454545454544
0.006574545454545454
0.15018727272727272
0.07581272727272727
-0.006163636363636363
0.05115818181818182
-0.04746
0.035954545454545454
0.04910363636363636
-0.050747272727272724
-0.004314545454545455
0.1292309090909091
-0.041912727272727275
0.0226
0.12594363636363634
-0.12697090909090908
0.020545454545454544
0.10375454545454545
-0.045610909090909084
0.010683636363636364
0.09615272727272728
0.045610909090909084
0.11916363636363636
0.08916727272727272
-0.08629090909090908
0.09101636363636363
0.008834545454545454
-0.15080363636363636
0.08875636363636363
-0.07786727272727272
-0.18162181818181816
0.22045272727272727
0.08279818181818181
-0.044994545454545454
0.1871690909090909
0.09718
0.12019090909090908
0.12388909090909091
-0.001849090909090909
0.003698181818181818
0.059170909090909087
-0.05732181818181818
-0.04458363636363636
0.0990290909090909
-0.1216290909090909
0.11526
0.17566363636363633
-0.09861818181818181
0.09861818181818181
0.031023636363636364
-0.017463636363636362
0.06369090909090909
-0.04746
-0.05937636363636363
0.09492
-0.016847272727272728
-0.028352727272727273
0.09759090909090909
-0.06985454545454545
0.02403818181818182
0.11526
0.02075090909090909
0.05054181818181818
0.10231636363636364
0.019312727272727273
0.0741690909090909
0.09327636363636364
0.0034927272727272728
0.11443818181818181
-0.027941818181818182
-0.08403090909090909
0.028763636363636363
-0.011505454545454544
-0.08546909090909091
0.054034545454545446
0.10868545454545453
-0.04109090909090909
0.16970545454545455
0.1148490909090909
0.0918381818181818
0.17360909090909088
-0.039241818181818176
0.010067272727272725
0.06800545454545455
-0.10478181818181817
-0.047665454545454546
0.06204727272727273
-0.08033272727272728
0.05115818181818182
0.09533090909090909
0.010683636363636364
0.05547272727272727
0.16148727272727273
0.025065454545454544
-0.05814363636363636
0.1676509090909091
-0.07889454545454545
0.001438181818181818
0.08711272727272727
-0.06553999999999999
0.13621636363636364
0.03225636363636363
0.0063690909090909084
0.16046
0.028763636363636363
-0.07006
0.11238363636363637
0.0764290909090909
-0.09882363636363636
0.07601818181818182
0.1035490909090909
-0.08403090909090909
0.11690363636363636
0.029585454545454543
-0.14402363636363635
0.11320545454545454
-0.0764290909090909
-0.03143454545454545
0.07992181818181819
-0.10971272727272725
0.05444545454545455
0.13683272727272727
-0.034927272727272723
0.006574545454545454
0.15429636363636362
-0.030612727272727274
0.027325454545454545
0.0918381818181818
-0.11176727272727273
-0.006163636363636363
0.12224545454545453
-0.06697818181818181
0.024243636363636363
0.16189818181818183
0.006574545454545454
0.17258181818181817
0.08629090909090908
0.02444909090909091
0.16436363636363635
-0.027736363636363635
-0.08464727272727272
0.08115454545454545
-0.014176363636363636
-0.08033272727272728
0.1569672727272727
0.002876363636363636
-0.00452
0.14381818181818182
0.027325454545454545
0.04129636363636364
0.03451636363636364
0.020545454545454544
0.044994545454545454
-0.02034
-0.05136363636363636
0.11279454545454545
0.014176363636363636
-0.10046727272727272
0.14381818181818182
0.09512545454545453
-0.04068
0.16436363636363635
0.10745272727272726
0.027120000000000002
0.18059454545454545
0.024243636363636363
0.10724727272727272
0.15819999999999998
-0.06369090909090909
0.05855454545454545
0.08382545454545455
-0.15491272727272726
-0.05896545454545454
0.08320909090909091
-0.19127818181818182
-0.05485636363636363
0.14422909090909092
-0.016436363636363638
0.05773272727272727
0.07622363636363635
0.04663818181818182
0.07971636363636364
-0.02670909090909091
-0.07971636363636364
0.045610909090909084
-0.0063690909090909084
-0.10683636363636365
0.03903636363636363
0.0452
-0.055883636363636364
0.13765454545454545
0.17607454545454546
-0.05814363636363636
0.06903272727272727
0.09697454545454545
-0.0024654545454545454
0.0678
-0.004314545454545455
0.013765454545454546
0.05608909090909091
0.009656363636363637
0.06656727272727272
0.07683999999999999
-0.012532727272727272
-0.00226
0.14710545454545454
-0.042529090909090905
-0.14381818181818182
0.1551181818181818
-0.06738909090909091
-0.08094909090909091
0.13642181818181817
-0.05054181818181818
0.03739272727272727
0.13909272727272726
0.036776363636363635
0.059787272727272724
0.0904
0.008012727272727272
0.12635454545454544
0.14032545454545453
-0.03533818181818182
0.13539454545454546
0.1329290909090909
-0.07951090909090908
0.09060545454545453
0.06410181818181818
-0.18326545454545454
0.07293636363636363
0.01171090909090909
-0.13580545454545453
0.11772545454545454
0.060609090909090904
0.0904
0.13231272727272728
0.05691090909090909
0.07006
0.16662363636363633
0.02198363636363636
-0.01992909090909091
0.06615636363636364
-0.19929090909090907
-0.0226
0.10272727272727272
-0.07704545454545454
0.057527272727272726
0.18388181818181817
0.04622727272727272
0.10231636363636364
0.008834545454545454
-0.13190181818181818
0.11977999999999998
-0.1171090909090909
-0.1836763636363636
0.028763636363636363
-0.04396727272727272
0.004930909090909091
0.15717272727272727
0.0741690909090909
0.022805454545454542
0.19723636363636363
0.10087818181818181
0.039241818181818176
0.04869272727272727
-0.010067272727272725
-0.00452
0.09265999999999999
-0.03883090909090909
0.02403818181818182
0.09389272727272728
-0.15224181818181817
0.1261490909090909
0.07683999999999999
-0.05033636363636364
0.04951454545454545
0.06348545454545454
0.07704545454545454
0.051569090909090905
0.09245454545454544
0.02979090909090909
0.12820363636363635
0.04232363636363636
-0.04068
-0.012943636363636362
-0.0741690909090909
-0.07088181818181817
0.06882727272727272
-0.04109090909090909
-0.07211454545454546
0.22415090909090907
0.04437818181818182
0.06307454545454545
0.08752363636363636
0.057527272727272726
0.06944363636363636
0.010067272727272725
0.015409090909090907
-0.10005636363636364
0.05177454545454545
-0.0041090909090909095
0.1148490909090909
0.1216290909090909
-0.017463636363636362
0.19908545454545457
0.10848000000000001
-0.03328363636363636
0.07088181818181817
-0.02527090909090909
-0.2251781818181818
0.1088909090909091
0.013765454545454546
-0.10930181818181818
0.13272363636363635
0.06266363636363637
0.06677272727272728
0.10724727272727272
0.04663818181818182
-0.00862909090909091
0.08731818181818181
-0.12779272727272725
-0.08896181818181817
0.061841818181818185
-0.10478181818181817
-0.01808
0.07190909090909091
-0.08300363636363636
-0.05362363636363636
0.17730727272727273
-0.034310909090909086
0.10375454545454545
0.17011636363636362
-0.04828181818181818
0.10806909090909089
0.11690363636363636
0.09389272727272728
0.15902181818181815
0.07909999999999999
-0.10252181818181817
0.08998909090909091
-0.029174545454545453
-0.15573454545454543
0.09635818181818182
0.011505454545454544
0.025476363636363634
0.14053090909090907
0.013970909090909091
0.04047454545454546
0.2301090909090909
-0.019518181818181816
0.04294
0.05855454545454545
-0.2029890909090909
0.030407272727272724
0.06718363636363636
-0.08444181818181817
0.0008218181818181817
0.15265272727272727
0.0067800000000000004
0.05280181818181818
0.10560363636363636
-0.0226
0.05937636363636363
0.009656363636363637
0.03410545454545454
0.05054181818181818
0.001438181818181818
0.03554363636363636
0.17607454545454546
0.07149818181818181
0.04047454545454546
0.21326181818181816
-0.001438181818181818
0.008218181818181819
0.05814363636363636
-0.0565
-0.028352727272727273
-0.02403818181818182
-0.045610909090909084
0.11998545454545453
0.012532727272727272
-0.12512181818181817
0.10498727272727272
0.0067800000000000004
-0.009656363636363637
0.017874545454545452
-0.06903272727272727
-0.035954545454545454
0.10930181818181818
0.08588
-0.011505454545454544
0.15018727272727272
0.08279818181818181
0.005752727272727272
0.06718363636363636
-0.04047454545454546
-0.13046363636363634
0.08444181818181817
-0.0069854545454545456
-0.06697818181818181
0.16949999999999998
-0.031845454545454545
0.08937272727272727
0.23052
0.010067272727272725
0.060609090909090904
0.10149454545454545
-0.005958181818181818
-0.016025454545454544
0.060609090909090904
-0.013354545454545456
0.0226
0.16025454545454546
-0.03225636363636363
-0.02239454545454545
0.14237999999999998
-0.01725818181818182
0.05711636363636363
0.05855454545454545
-0.12039636363636362
0.040063636363636364
0.06800545454545455
-0.07971636363636364
0.12368363636363637
0.09430363636363637
-0.10211090909090909
0.19127818181818182
0.007807272727272727
-0.058349090909090906
0.09861818181818181
-0.06327999999999999
0.007396363636363636
0.03307818181818182
0.01890181818181818
-0.05937636363636363
0.17566363636363633
0.08916727272727272
-0.05855454545454545
0.1999072727272727
0.031023636363636364
0.03965272727272728
0.10334363636363636
-0.05136363636363636
0.019723636363636363
0.042529090909090905
-0.04396727272727272
0.10252181818181817
0.00862909090909091
-0.0010272727272727274
0.13929818181818182
0.04129636363636364
-0.03451636363636364
-0.014176363636363636
0.06512909090909091
-0.10026181818181817
0.06451272727272726
0.03965272727272728
-0.06471818181818181
0.11526
-0.06738909090909091
0.09101636363636363
0.13539454545454546
-0.06019818181818181
0.08608545454545455
0.1296418181818182
0.06923818181818181
0.13477818181818182
0.04889818181818182
0.031023636363636364
0.08793454545454545
-0.005547272727272727
-0.05218545454545454
-0.03472181818181818
0.013149090909090907
-0.11156181818181818
0.053212727272727266
0.005752727272727272
-0.09923454545454545
0.2331909090909091
0.11156181818181818
0.06512909090909091
0.12491636363636363
0.04725454545454546
0.04725454545454546
0.053212727272727266
-0.05999272727272727
-0.08978363636363636
0.03657090909090909
-0.02075090909090909
-0.025476363636363634
0.07786727272727272
0.015409090909090907
0.01992909090909091
0.14464
-0.09574181818181818
0.013970909090909091
0.10642545454545453
-0.11916363636363636
0.03883090909090909
0.05896545454545454
-0.02403818181818182
0.023832727272727273
0.16662363636363633
0.05691090909090909
0.05691090909090909
0.12820363636363635
-0.01766909090909091
0.11012363636363637
0.04869272727272727
-0.09882363636363636
0.09081090909090908
0.029585454545454543
-0.13313454545454545
0.1569672727272727
-0.010889090909090909
-0.07355272727272727
0.13231272727272728
-0.08238727272727273
0.05136363636363636
0.05711636363636363
-0.011094545454545454
0.03780363636363636
0.08012727272727273
0.011916363636363636
0.03616
0.17895090909090908
-0.05999272727272727
0.060609090909090904
0.14895454545454545
-0.09368727272727272
0.07108727272727272
0.13005272727272726
-0.12902545454545453
0.11649272727272726
0.08526363636363636
-0.07601818181818182
0.2278490909090909
0.031639999999999995
0.06677272727272728
0.1999072727272727
-0.04211818181818182
-0.0039036363636363635
0.14505090909090906
-0.0727309090909091
-0.12779272727272725
0.13457272727272726
-0.07293636363636363
-0.04951454545454545
0.1193690909090909
-0.04828181818181818
0.05608909090909091
0.08238727272727273
-0.07601818181818182
0.10868545454545453
0.06369090909090909
-0.14731090909090908
0.10067272727272727
-0.028969090909090906
-0.09718
0.15429636363636362
0.027736363636363635
-0.05259636363636363
0.1341618181818182
0.14505090909090906
-0.005752727272727272
0.16066545454545456
0.06492363636363636
0.0041090909090909095
0.16600727272727273
-0.03739272727272727
0.007190909090909091
0.11916363636363636
-0.16395272727272728
-0.02403818181818182
0.09944
-0.20894727272727273
0.012943636363636362
0.10642545454545453
-0.06718363636363636
0.11382181818181818
0.11772545454545454
-0.0039036363636363635
0.11279454545454545
0.08690727272727272
-0.023832727272727273
0.02444909090909091
-0.06163636363636363
-0.06143090909090909
0.08074363636363636
0.05033636363636364
-0.02342181818181818
0.14731090909090908
0.15799454545454544
0.036776363636363635
0.1727872727272727
0.029996363636363634
0.010683636363636364
0.1555290909090909
-0.09224909090909092
-0.03636545454545455
0.17093818181818182
-0.024654545454545453
0.02650363636363636
0.1284090909090909
-0.016025454545454544
0.05629454545454545
0.0918381818181818
0.03780363636363636
0.0041090909090909095
-0.027736363636363635
-0.11772545454545454
0.007396363636363636
0.021367272727272728
-0.15080363636363636
0.18018363636363635
0.10683636363636365
-0.10560363636363636
0.17792363636363634
0.14566727272727273
-0.04910363636363636
0.13991454545454546
0.059170909090909087
-0.08464727272727272
0.11793090909090909
-0.11587636363636362
-0.07355272727272727
0.10930181818181818
-0.08978363636363636
-0.09553636363636364
0.04746
-0.08772909090909091
-0.031023636363636364
0.2514763636363636
-0.04889818181818182
0.05177454545454545
0.26277636363636364
-0.007601818181818181
0.055678181818181814
0.18018363636363635
-0.007396363636363636
0.025065454545454544
0.01766909090909091
-0.14237999999999998
0.05300727272727272
-0.06985454545454545
-0.04047454545454546
0.13025818181818183
0.07930545454545455
0.06348545454545454
0.14012
0.11731454545454545
-0.04540545454545454
0.08382545454545455
-0.18162181818181816
-0.09060545454545453
0.0538290909090909
-0.13169636363636364
0.038625454545454546
0.07663454545454546
0.10231636363636364
0.1510090909090909
0.25969454545454546
0.10231636363636364
0.11834181818181817
0.12203999999999998
-0.04684363636363636
0.05033636363636364
0.0034927272727272728
-0.02013454545454545
0.00041090909090909085
0.04910363636363636
-0.03451636363636364
0.04663818181818182
0.09224909090909092
0.03020181818181818
0.08012727272727273
0.019723636363636363
0.002876363636363636
0.043350909090909086
0.06903272727272727
-0.012121818181818182
0.11505454545454545
0.034310909090909086
-0.005136363636363636
0.01849090909090909
-0.07601818181818182
-0.0339
-0.10724727272727272
0.0041090909090909095
-0.032667272727272725
0.01849090909090909
0.0470490909090909
0.031639999999999995
0.18593636363636362
0.04930909090909091
0.028352727272727273
0.05013090909090909
-0.12984727272727273
-0.003698181818181818
0.10005636363636364
-0.1321072727272727
0.05773272727272727
0.11423272727272726
0.041912727272727275
0.1479272727272727
0.07047090909090908
0.06451272727272726
0.05444545454545455
0.024243636363636363
-0.11669818181818181
0.013354545454545456
0.02403818181818182
-0.10622
0.12306727272727273
0.05814363636363636
0.06040363636363636
0.19908545454545457
0.013765454545454546
0.018285454545454546
0.1012890909090909
-0.11341090909090909
-0.034310909090909086
0.015614545454545454
-0.08567454545454545
0.05300727272727272
0.031023636363636364
-0.0741690909090909
0.042734545454545456
0.24243636363636362
0.00452
0.028147272727272726
0.17340363636363634
-0.06266363636363637
0.07314181818181818
0.0904
0.04725454545454546
0.17504727272727272
0.06430727272727273
-0.08403090909090909
0.15080363636363636
0.0470490909090909
-0.12491636363636363
0.12594363636363634
-0.08156545454545455
-0.04889818181818182
0.11279454545454545
0.05300727272727272
0.07540181818181818
0.1633363636363636
0.12080727272727272
0.02116181818181818
0.07601818181818182
-0.10930181818181818
-0.01808
0.08896181818181817
-0.1826490909090909
-0.08177090909090909
0.08649636363636364
-0.07067636363636363
0.13457272727272726
0.12984727272727273
-0.08772909090909091
0.1366272727272727
0.008218181818181819
0.00452
0.1637472727272727
-0.04396727272727272
-0.07786727272727272
0.13025818181818183
0.08588
0.05095272727272727
0.1370381818181818
0.021367272727272728
0.11546545454545454
0.03821454545454545
-0.09081090909090908
0.03616
-0.018696363636363636
-0.07129272727272727
0.09759090909090909
0.028558181818181816
-0.11423272727272726
0.1356
0.06738909090909091
-0.043350909090909086
0.004725454545454545
-0.06738909090909091
0.004314545454545455
0.05054181818181818
0.010889090909090909
-0.0010272727272727274
0.10334363636363636
0.07170363636363636
0.007601818181818181
0.11587636363636362
-0.029585454545454543
-0.0538290909090909
0.13025818181818183
-0.06266363636363637
-0.016025454545454544
0.09471454545454545
-0.0020545454545454547
0.11156181818181818
0.16498
0.10375454545454545
0.044994545454545454
0.10190545454545454
-0.026298181818181814
-0.005958181818181818
0.0940981818181818
-0.1321072727272727
0.05013090909090909
0.1419690909090909
-0.09882363636363636
0.09533090909090909
0.13909272727272726
-0.038419999999999996
0.09635818181818182
0.007396363636363636
-0.11526
0.09245454545454544
0.06656727272727272
-0.06574545454545455
0.08362
0.0402690909090909
0.005136363636363636
0.20874181818181817
0.017463636363636362
-0.03944727272727273
0.18203272727272726
-0.08546909090909091
-0.11053454545454545
0.10663090909090908
-0.12697090909090908
0.03533818181818182
0.14484545454545456
-0.015819999999999997
0.20093454545454545
0.14566727272727273
0.007807272727272727
0.16518545454545455
0.13005272727272726
-0.14258545454545454
0.02013454545454545
0.05198
-0.1610763636363636
0.10313818181818181
0.026298181818181814
-0.04930909090909091
0.14258545454545454
-0.0010272727272727274
0.019107272727272726
0.11238363636363637
-0.11217818181818182
0.012738181818181817
0.12142363636363637
-0.11341090909090909
0.04725454545454546
0.08279818181818181
-0.008012727272727272
0.10827454545454546
0.09019454545454544
-0.03410545454545454
0.11752
0.06430727272727273
-0.08937272727272727
0.14936545454545455
-0.014381818181818181
-0.06101999999999999
0.13457272727272726
0.03307818181818182
-0.03821454545454545
0.041707272727272725
-0.0741690909090909
-0.07396363636363636
0.09964545454545454
-0.1125890909090909
0.005547272727272727
0.15388545454545455
0.0538290909090909
0.08629090909090908
0.12429999999999998
0.06964909090909091
0.05526727272727273
0.09533090909090909
-0.07725090909090909
0.007396363636363636
-0.0565
-0.09779636363636364
0.09368727272727272
0.002876363636363636
-0.02527090909090909
0.1017
0.09615272727272728
-0.017874545454545452
0.16847272727272727
0.06903272727272727
-0.03451636363636364
0.07190909090909091
-0.03328363636363636
0.037598181818181815
0.13785999999999998
0.05958181818181818
0.03225636363636363
0.2677072727272727
0.06348545454545454
-0.0565
0.19703090909090906
0.025887272727272724
-0.08464727272727272
0.06143090909090909
-0.001438181818181818
-0.05793818181818181
0.15676181818181817
0.008423636363636364
-0.021778181818181818
0.10663090909090908
-0.07067636363636363
0.007190909090909091
0.07745636363636363
-0.1012890909090909
0.02301090909090909
0.13107999999999997
-0.07622363636363635
0.08444181818181817
0.11238363636363637
-0.014381818181818181
0.10396
0.07683999999999999
-0.027530909090909092
0.001849090909090909
0.04746
-0.08608545454545455
0.07909999999999999
0.031845454545454545
-0.07704545454545454
0.21079636363636362
0.06369090909090909
0.0069854545454545456
0.15635090909090907
-0.0113
-0.0452
0.05608909090909091
-0.10991818181818182
-0.04746
0.06718363636363636
-0.05732181818181818
0.0678
0.11690363636363636
-0.023832727272727273
0.08731818181818181
0.11341090909090909
-0.05793818181818181
0.07396363636363636
-0.02670909090909091
-0.09656363636363637
0.09348181818181817
-0.05259636363636363
0.003287272727272727
0.17299272727272727
0.029585454545454543
0.03698181818181818
0.20689272727272728
0.03616
0.06019818181818181
0.23380727272727272
-0.035749090909090904
-0.009656363636363637
0.18121090909090906
-0.002876363636363636
0.028558181818181816
0.10211090909090909
-0.07396363636363636
0.04622727272727272
0.024654545454545453
-0.08772909090909091
0.06636181818181817
-0.014176363636363636
-0.04211818181818182
0.08588
0.055883636363636364
-0.023832727272727273
0.1360109090909091
0.13827090909090908
-0.011916363636363636
0.08505818181818181
0.012121818181818182
-0.06923818181818181
0.08259272727272728
0.041912727272727275
-0.04068
0.1415581818181818
0.005752727272727272
0.02362727272727273
0.1532690909090909
-0.12491636363636363
-0.03554363636363636
0.08916727272727272
-0.016025454545454544
-0.04396727272727272
0.06225272727272727
0.038419999999999996
0.007190909090909091
0.15265272727272727
-0.031023636363636364
0.02116181818181818
0.21182363636363635
-0.11176727272727273
0.003698181818181818
0.10190545454545454
-0.20689272727272728
0.07108727272727272
-0.002876363636363636
-0.17093818181818182
0.1325181818181818
0.0967690909090909
-0.0030818181818181817
0.08834545454545455
0.14012
-0.07108727272727272
0.13477818181818182
0.12080727272727272
-0.0967690909090909
0.17093818181818182
-0.06122545454545455
-0.04602181818181818
0.14710545454545454
-0.08382545454545455
-0.02362727272727273
0.1296418181818182
-0.0447890909090909
-0.055678181818181814
0.17422545454545454
0.08793454545454545
0.04869272727272727
0.1894290909090909
0.08649636363636364
0.08875636363636363
0.16806181818181817
-0.029585454545454543
0.09738545454545454
0.05896545454545454
-0.16415818181818181
0.11731454545454545
-0.005547272727272727
-0.12080727272727272
0.14813272727272728
0.05958181818181818
0.019107272727272726
0.18059454545454545
0.03205090909090909
-0.014381818181818181
0.07293636363636363
-0.10560363636363636
-0.08916727272727272
-0.05814363636363636
-0.12429999999999998
-0.005958181818181818
0.12450545454545454
-0.0034927272727272728
0.13868181818181818
0.2841436363636364
0.003698181818181818
0.13334
0.13190181818181818
-0.049925454545454544
-0.0008218181818181817
-0.01766909090909091
-0.10642545454545453
-0.02218909090909091
-0.019518181818181816
-0.08115454545454545
0.12594363636363634
0.0008218181818181817
-0.03451636363636364
0.13313454545454545
-0.01766909090909091
-0.00020545454545454542
0.15717272727272727
-0.0447890909090909
0.05115818181818182
0.13231272727272728
-0.059787272727272724
0.08300363636363636
0.019723636363636363
-0.013354545454545456
-0.08094909090909091
0.0012327272727272727
-0.01808
-0.10539818181818181
0.0940981818181818
-0.005136363636363636
0.113
0.11074
0.08115454545454545
0.08382545454545455
0.08588
0.02075090909090909
0.04951454545454545
0.10930181818181818
-0.11546545454545454
0.14237999999999998
0.009245454545454545
0.0447890909090909
0.20812545454545453
0.07211454545454546
0.16169272727272727
0.07108727272727272
0.007601818181818181
-0.05341818181818182
0.02670909090909091
-0.13477818181818182
-0.04396727272727272
0.038625454545454546
-0.055678181818181814
0.15203636363636364
0.1088909090909091
0.03554363636363636
0.07930545454545455
0.1980581818181818
-0.08998909090909091
-0.034310909090909086
0.055678181818181814
-0.1791563636363636
0.04807636363636364
0.00226
-0.16703454545454544
0.06985454545454545
0.11094545454545454
-0.06019818181818181
0.1791563636363636
0.019723636363636363
-0.004725454545454545
0.2194254545454545
-0.018285454545454546
0.016436363636363638
0.12039636363636362
0.07170363636363636
-0.034927272727272723
0.06882727272727272
-0.004314545454545455
-0.06636181818181817
0.05608909090909091
-0.12183454545454545
-0.028147272727272726
0.09101636363636363
0.015614545454545454
0.09923454545454545
0.1337509090909091
-0.007601818181818181
0.06040363636363636
0.09779636363636364
-0.013970909090909091
0.08362
-0.0538290909090909
-0.09265999999999999
0.06800545454545455
-0.03718727272727273
-0.008012727272727272
0.11546545454545454
0.059787272727272724
0.05033636363636364
0.10868545454545453
-0.039241818181818176
-0.010478181818181819
0.18100545454545455
-0.01890181818181818
-0.010067272727272725
0.10067272727272727
-0.00862909090909091
0.1555290909090909
0.12861454545454545
0.08731818181818181
0.16169272727272727
0.07026545454545453
0.05896545454545454
-0.04437818181818182
-0.04109090909090909
-0.06204727272727273
-0.02938
0.0764290909090909
-0.10293272727272727
0.037598181818181815
0.08218181818181818
-0.06533454545454545
0.10663090909090908
-0.033489090909090906
-0.06389636363636363
0.058349090909090906
-0.04068
0.09307090909090908
0.08464727272727272
0.01849090909090909
0.15655636363636363
0.07909999999999999
0.0069854545454545456
0.07047090909090908
0.005958181818181818
-0.07930545454545455
-0.03657090909090909
0.08218181818181818
-0.08608545454545455
-0.05198
0.19025090909090905
0.007601818181818181
0.08814
0.10848000000000001
0.050747272727272724
0.14587272727272727
-0.010067272727272725
0.009245454545454545
0.08505818181818181
-0.018696363636363636
-0.08834545454545455
0.13190181818181818
0.05896545454545454
-0.1415581818181818
0.09759090909090909
0.04437818181818182
-0.10539818181818181
0.07786727272727272
0.005752727272727272
-0.039241818181818176
0.14361272727272725
-0.02239454545454545
0.06143090909090909
0.10868545454545453
-0.014176363636363636
0.1686781818181818
0.13539454545454546
-0.13847636363636362
-0.07314181818181818
0.13868181818181818
-0.13621636363636364
0.027941818181818182
0.11320545454545454
-0.07786727272727272
0.17381454545454544
0.12101272727272726
0.013765454545454546
0.1351890909090909
0.11094545454545454
-0.11793090909090909
0.09307090909090908
-0.03410545454545454
-0.19230545454545456
0.16518545454545455
-0.017874545454545452
0.032872727272727276
0.17093818181818182
-0.014792727272727272
0.029996363636363634
0.19682545454545455
-0.07375818181818182
-0.03143454545454545
0.12820363636363635
-0.14422909090909092
0.024243636363636363
0.02301090909090909
-0.05773272727272727
0.08300363636363636
0.10149454545454545
-0.0805381818181818
0.11382181818181818
0.11238363636363637
-0.08403090909090909
0.2658581818181818
0.06266363636363637
0.03020181818181818
0.11423272727272726
0.004930909090909091
0.03657090909090909
0.04376181818181818
-0.010683636363636364
-0.11977999999999998
0.05136363636363636
-0.11977999999999998
-0.06923818181818181
0.11628727272727273
-0.033489090909090906
0.09224909090909092
0.2562018181818182
0.043556363636363636
0.03410545454545454
0.23093090909090908
0.0039036363636363635
-0.02486
-0.04396727272727272
-0.09594727272727273
-0.05773272727272727
-0.027530909090909092
-0.024654545454545453
0.05526727272727273
0.09348181818181817
-0.06143090909090909
0.17114363636363633
0.05773272727272727
-0.08629090909090908
0.113
0.009656363636363637
-0.12183454545454545
0.07848363636363635
0.09635818181818182
-0.02116181818181818
0.21100181818181818
0.06327999999999999
0.06040363636363636
0.1727872727272727
-0.012121818181818182
0.02301090909090909
0.07971636363636364
-0.12594363636363634
-0.05608909090909091
0.12882
-0.16641818181818183
0.05855454545454545
0.08546909090909091
-0.13642181818181817
0.04663818181818182
0.044994545454545454
-0.015409090909090907
-0.009861818181818182
0.1296418181818182
0.04396727272727272
0.06533454545454545
0.0447890909090909
0.017874545454545452
0.15491272727272726
0.041707272727272725
0.0041090909090909095
0.09594727272727273
-0.005341818181818182
-0.04663818181818182
0.17422545454545454
-0.05280181818181818
-0.019312727272727273
0.17484181818181818
0.02670909090909091
0.0940981818181818
0.09594727272727273
0.09307090909090908
0.10046727272727272
0.045610909090909084
-0.1088909090909091
0.04889818181818182
0.00862909090909091
-0.1321072727272727
0.17525272727272728
0.046432727272727264
-0.0764290909090909
0.08875636363636363
0.08998909090909091
-0.012738181818181817
0.12984727272727273
0.05013090909090909
-0.10005636363636364
0.08341454545454545
-0.04930909090909091
-0.02979090909090909
0.09861818181818181
-0.07006
0.03451636363636364
0.17648545454545456
-0.09779636363636364
0.058349090909090906
0.27633636363636366
-0.041912727272727275
0.11772545454545454
0.1727872727272727
-0.09430363636363637
0.04807636363636364
0.1088909090909091
-0.04930909090909091
-0.02691454545454545
-0.051569090909090905
-0.1321072727272727
0.06163636363636363
-0.007601818181818181
-0.054240000000000003
0.08978363636363636
0.02568181818181818
0.055678181818181814
0.0918381818181818
0.06122545454545455
0.039241818181818176
0.022805454545454542
-0.019312727272727273
-0.0764290909090909
-0.025476363636363634
-0.026298181818181814
0.00020545454545454542
0.11567090909090909
0.07026545454545453
0.09944
0.14607818181818183
0.07375818181818182
0.11382181818181818
0.05300727272727272
-0.04396727272727272
0.055061818181818184
-0.010067272727272725
-0.04663818181818182
0.06307454545454545
0.03985818181818182
0.06821090909090909
0.08998909090909091
0.10005636363636364
0.09656363636363637
0.05300727272727272
0.043556363636363636
-0.02527090909090909
0.034927272727272723
-0.02075090909090909
-0.13087454545454547
0.06369090909090909
0.014792727272727272
0.011505454545454544
0.20894727272727273
0.01705272727272727
-0.023832727272727273
0.23195818181818179
0.06307454545454545
0.02157272727272727
0.16498
-0.009656363636363637
0.05608909090909091
0.01664181818181818
-0.11649272727272726
-0.038625454545454546
-0.02362727272727273
-0.05526727272727273
-0.007396363636363636
0.053212727272727266
-0.08033272727272728
0.1171090909090909
0.24181999999999998
0.02075090909090909
0.09389272727272728
0.12943636363636363
0.016025454545454544
0.09348181818181817
-0.02444909090909091
-0.15902181818181815
0.02342181818181818
-0.11957454545454545
-0.10416545454545453
0.06677272727272728
-0.0805381818181818
0.06430727272727273
0.24983272727272726
0.07951090909090908
0.06759454545454545
0.14566727272727273
-0.038419999999999996
-0.04602181818181818
-0.034927272727272723
-0.16641818181818183
-0.039241818181818176
0.03307818181818182
-0.07540181818181818
0.11957454545454545
0.09430363636363637
0.03698181818181818
0.2798290909090909
0.12697090909090908
0.043350909090909086
0.11608181818181817
0.09019454545454544
-0.08156545454545455
0.07766181818181818
0.05095272727272727
-0.1682672727272727
0.15367999999999998
-0.01725818181818182
0.024243636363636363
0.04129636363636364
-0.04828181818181818
0.2194254545454545
0.09265999999999999
-0.010889090909090909
0.12450545454545454
0.17463636363636362
-0.07704545454545454
0.09265999999999999
0.12080727272727272
-0.1088909090909091
0.028147272727272726
-0.00226
-0.1224509090909091
-0.0039036363636363635
0.04746
-0.06656727272727272
0.18490909090909088
0.047665454545454546
-0.0113
0.21572727272727274
0.06410181818181818
-0.010683636363636364
0.05608909090909091
0.005958181818181818
-0.11567090909090909
0.14525636363636363
-0.07478545454545454
-0.07560727272727272
0.2414090909090909
-0.047665454545454546
0.11957454545454545
0.23216363636363635
-0.05095272727272727
-0.06225272727272727
0.05177454545454545
-0.09368727272727272
-0.10396
-0.019312727272727273
-0.10005636363636364
0.06821090909090909
0.05300727272727272
-0.11341090909090909
0.15203636363636364
0.1637472727272727
-0.12060181818181817
0.1826490909090909
0.050747272727272724
-0.2149054545454545
0.1623090909090909
0.06615636363636364
-0.06923818181818181
0.06327999999999999
-0.030818181818181814
-0.06656727272727272
0.18922363636363634
0.041912727272727275
-0.08629090909090908
0.27633636363636366
0.02486
-0.11752
0.21059090909090908
0.04663818181818182
0.03903636363636363
0.23236909090909091
-0.00020545454545454542
-0.02403818181818182
0.03246181818181818
-0.07971636363636364
0.06615636363636364
0.049925454545454544
-0.055061818181818184
0.12861454545454545
0.14751636363636364
0.017463636363636362
0.15655636363636363
0.09492
0.02013454545454545
0.13046363636363634
-0.08752363636363636
-0.04951454545454545
0.014381818181818181
-0.12532727272727273
0.011094545454545454
0.07088181818181817
-0.017463636363636362
0.07252545454545453
0.1727872727272727
0.010889090909090909
0.08197636363636364
0.1374490909090909
-0.07560727272727272
0.05937636363636363
0.10848000000000001
-0.04540545454545454
0.05896545454545454
0.04047454545454546
0.012532727272727272
0.13231272727272728
0.008423636363636364
0.008218181818181819
0.08711272727272727
-0.003698181818181818
-0.03636545454545455
-0.048487272727272726
-0.04622727272727272
0.07047090909090908
0.12142363636363637
-0.06122545454545455
0.011094545454545454
0.08012727272727273
-0.02403818181818182
-0.0226
-0.019312727272727273
0.00020545454545454542
-0.02239454545454545
0.06225272727272727
-0.003698181818181818
0.10005636363636364
0.18203272727272726
-0.030818181818181814
0.05855454545454545
-0.00041090909090909085
-0.08320909090909091
0.06718363636363636
0.045610909090909084
-0.04109090909090909
0.12019090909090908
0.06122545454545455
-0.006163636363636363
0.21552181818181818
0.13498363636363636
0.06348545454545454
0.060609090909090904
0.022805454545454542
-0.03636545454545455
0.02527090909090909
-0.02568181818181818
-0.07889454545454545
0.1600490909090909
-0.09327636363636364
0.010683636363636364
0.20956363636363634
-0.05033636363636364
0.061841818181818185
0.1555290909090909
-0.03883090909090909
-0.10909636363636364
0.08526363636363636
-0.028558181818181816
0.07807272727272727
0.08444181818181817
-0.07149818181818181
0.15347454545454545
0.09964545454545454
-0.010272727272727272
0.034927272727272723
0.04746
-0.09348181818181817
0.07252545454545453
0.0226
-0.03451636363636364
0.1397090909090909
0.08218181818181818
0.1469
0.05115818181818182
0.06389636363636363
0.015409090909090907
0.12820363636363635
-0.016025454545454544
-0.1247109090909091
0.07622363636363635
-0.16169272727272727
0.06636181818181817
0.10416545454545453
-0.0226
0.10046727272727272
0.10046727272727272
-0.03554363636363636
0.11094545454545454
0.11957454545454545
-0.18306
0.1171090909090909
0.04109090909090909
-0.07396363636363636
0.08814
0.11320545454545454
0.021778181818181818
0.02691454545454545
0.08156545454545455
-0.03698181818181818
0.12943636363636363
0.01705272727272727
0.06122545454545455
0.15224181818181817
-0.06471818181818181
-0.014792727272727272
0.12121818181818181
-0.0041090909090909095
-0.061841818181818185
0.08362
-0.1148490909090909
-0.03533818181818182
0.0470490909090909
-0.03883090909090909
0.08978363636363636
0.07766181818181818
0.04294
0.10149454545454545
0.1193690909090909
-0.027120000000000002
0.05896545454545454
0.0452
-0.1366272727272727
-0.010067272727272725
-0.0067800000000000004
-0.07375818181818182
0.05362363636363636
0.056705454545454545
0.05711636363636363
0.12676545454545454
-0.01849090909090909
0.05547272727272727
0.15676181818181817
-0.07252545454545453
-0.039241818181818176
0.1411472727272727
0.025065454545454544
-0.020956363636363638
0.11464363636363636
0.05526727272727273
0.10868545454545453
0.14607818181818183
-0.0016436363636363634
0.09245454545454544
0.05465090909090909
-0.06040363636363636
0.08259272727272728
0.03821454545454545
-0.08300363636363636
0.12820363636363635
0.0967690909090909
-0.11731454545454545
0.08505818181818181
0.10046727272727272
-0.13190181818181818
0.06841636363636364
0.07478545454545454
-0.11382181818181818
0.15943272727272728
0.07540181818181818
0.01766909090909091
0.21120727272727272
-0.005958181818181818
0.058349090909090906
0.15491272727272726
-0.055678181818181814
0.024243636363636363
0.08855090909090908
-0.15121454545454543
-0.027941818181818182
0.22641090909090908
-0.0628690909090909
-0.050747272727272724
0.21305636363636363
-0.008218181818181819
0.05465090909090909
0.1314909090909091
-0.1321072727272727
0.029585454545454543
-0.02527090909090909
-0.21285090909090906
0.14217454545454544
0.004314545454545455
-0.14607818181818183
0.24962727272727273
0.09533090909090909
-0.0678
0.16498
0.03636545454545455
-0.05608909090909091
0.09265999999999999
-0.10601454545454544
-0.1247109090909091
0.03636545454545455
-0.06081454545454545
0.07622363636363635
0.10704181818181817
0.0008218181818181817
0.11197272727272727
0.15922727272727272
0.06533454545454545
0.09656363636363637
0.18347090909090907
0.027325454545454545
0.13354545454545455
0.05999272727272727
-0.11402727272727273
0.16436363636363635
-0.03246181818181818
-0.10046727272727272
0.08649636363636364
-0.11012363636363637
-0.07437454545454546
0.0940981818181818
0.003287272727272727
-0.0030818181818181817
0.12820363636363635
0.08464727272727272
0.06430727272727273
0.11772545454545454
0.05711636363636363
0.032872727272727276
0.07725090909090909
-0.08279818181818181
-0.003287272727272727
0.0967690909090909
-0.041707272727272725
0.14361272727272725
0.11217818181818182
0.04376181818181818
0.09718
0.032872727272727276
0.028352727272727273
0.045610909090909084
0.05280181818181818
-0.08670181818181817
0.02362727272727273
0.08485272727272727
-0.02650363636363636
0.1216290909090909
0.042734545454545456
0.027941818181818182
0.1678563636363636
-0.042529090909090905
0.010889090909090909
0.07971636363636364
-0.14710545454545454
-0.1337509090909091
-0.0447890909090909
-0.0339
-0.03965272727272728
0.09553636363636364
0.055678181818181814
0.08978363636363636
0.1623090909090909
-0.07232
0.17422545454545454
0.21018
-0.14237999999999998
0.07827818181818182
0.12594363636363634
-0.20648181818181818
0.07909999999999999
0.11423272727272726
-0.19271636363636363
0.042734545454545456
-0.012121818181818182
-0.017874545454545452
0.13354545454545455
0.06451272727272726
0.10231636363636364
0.18799090909090907
0.11690363636363636
0.0447890909090909
0.14669454545454544
0.028969090909090906
-0.040885454545454544
0.04211818181818182
-0.050747272727272724
-0.12409454545454546
-0.03965272727272728
-0.012738181818181817
0.08197636363636364
0.12265636363636362
0.027120000000000002
0.24716181818181818
0.1171090909090909
-0.08094909090909091
0.13580545454545453
-0.040063636363636364
-0.12779272727272725
0.009245454545454545
-0.1370381818181818
0.006163636363636363
0.16395272727272728
0.011916363636363636
0.21223454545454545
0.2533254545454545
0.055678181818181814
0.06862181818181817
0.17771818181818183
0.028147272727272726
-0.11217818181818182
0.05526727272727273
-0.11772545454545454
-0.08464727272727272
-0.00041090909090909085
-0.08834545454545455
0.054240000000000003
0.06143090909090909
0.032667272727272725
0.10519272727272726
0.10149454545454545
0.012327272727272727
0.08423636363636364
0.07622363636363635
0.02116181818181818
0.0452
0.0020545454545454547
-0.021778181818181818
0.012327272727272727
-0.08896181818181817
-0.12553272727272727
-0.001438181818181818
-0.1292309090909091
-0.042529090909090905
0.07047090909090908
0.08608545454545455
0.08998909090909091
0.10149454545454545
0.17463636363636362
0.01992909090909091
0.11402727272727273
0.02403818181818182
0.031229090909090908
0.07334727272727272
-0.08629090909090908
0.05115818181818182
0.10868545454545453
0.05115818181818182
0.04150181818181818
0.21120727272727272
-0.00452
0.004930909090909091
0.14443454545454545
-0.07807272727272727
-0.05773272727272727
-0.06574545454545455
-0.00041090909090909085
0.02116181818181818
0.010683636363636364
0.034927272727272723
0.1791563636363636
0.1261490909090909
0.020545454545454544
0.18881272727272727
0.06348545454545454
-0.05218545454545454
0.0034927272727272728
0.08074363636363636
-0.027736363636363635
0.00862909090909091
-0.05732181818181818
-0.04622727272727272
0.17854
-0.10313818181818181
0.030818181818181814
0.21264545454545453
-0.016847272727272728
0.002670909090909091
0.17093818181818182
0.043350909090909086
0.056705454545454545
0.18984
-0.03636545454545455
-0.00226
0.001849090909090909
-0.026298181818181814
-0.02239454545454545
-0.08670181818181817
-0.05937636363636363
0.10272727272727272
0.07232
-0.09923454545454545
0.2449018181818182
0.15491272727272726
-0.028969090909090906
0.12758727272727272
-0.03246181818181818
-0.08814
-0.003698181818181818
-0.0967690909090909
-0.05691090909090909
0.05465090909090909
-0.09882363636363636
0.09820727272727273
0.1356
0.02218909090909091
0.14669454545454544
0.013149090909090907
0.0012327272727272727
0.12655999999999998
0.10211090909090909
-0.05198
0.05444545454545455
0.12039636363636362
0.030818181818181814
0.09286545454545453
0.07560727272727272
0.11135636363636363
0.11443818181818181
-0.007601818181818181
0.0
-0.03328363636363636
-0.09122181818181817
0.09492
0.02362727272727273
-0.07725090909090909
0.04294
0.027736363636363635
0.04211818181818182
0.1035490909090909
0.005136363636363636
-0.07108727272727272
0.08341454545454545
0.08012727272727273
0.05465090909090909
0.08629090909090908
0.09265999999999999
0.06122545454545455
-0.010889090909090909
0.05465090909090909
-0.05198
-0.01623090909090909
0.010272727272727272
-0.09368727272727272
0.08259272727272728
-0.034310909090909086
-0.04437818181818182
0.2093581818181818
0.1306690909090909
0.08875636363636363
0.10437090909090908
0.031229090909090908
0.1171090909090909
0.12635454545454544
-0.06327999999999999
0.010272727272727272
0.10478181818181817
-0.06964909090909091
-0.04437818181818182
0.06492363636363636
-0.06040363636363636
-0.05465090909090909
0.08136
-0.10108363636363636
-0.05259636363636363
0.10827454545454546
-0.11074
0.14176363636363634
0.13724363636363635
-0.10745272727272726
0.24120363636363634
0.10087818181818181
-0.030407272727272724
0.21593272727272728
0.026298181818181814
-0.09820727272727273
0.09286545454545453
0.05876
-0.06944363636363636
0.029585454545454543
0.01890181818181818
0.06143090909090909
0.19230545454545456
-0.02034
0.0226
0.2153163636363636
-0.08197636363636364
-0.010067272727272725
0.11094545454545454
-0.12347818181818182
0.05177454545454545
0.05033636363636364
-0.06615636363636364
0.09122181818181817
0.08526363636363636
0.001438181818181818
0.11546545454545454
0.0538290909090909
-0.060609090909090904
0.12758727272727272
0.001438181818181818
-0.07108727272727272
0.11341090909090909
0.0069854545454545456
0.013149090909090907
0.12019090909090908
-0.01766909090909091
-0.008218181818181819
0.060609090909090904
-0.012327272727272727
0.1125890909090909
0.10375454545454545
-0.08320909090909091
0.09635818181818182
0.14073636363636363
-0.056705454545454545
0.07622363636363635
0.04068
-0.12635454545454544
-0.0452
-0.05341818181818182
-0.07807272727272727
0.04972
0.10087818181818181
0.024243636363636363
0.15635090909090907
0.13498363636363636
0.05033636363636364
0.15819999999999998
0.03307818181818182
-0.034310909090909086
0.06862181818181817
-0.02609272727272727
-0.14237999999999998
0.050747272727272724
-0.0452
-0.07704545454545454
0.14299636363636362
0.04807636363636364
0.035954545454545454
0.13909272727272726
0.09656363636363637
-0.012738181818181817
0.1314909090909091
0.06553999999999999
0.019107272727272726
0.10457636363636363
-0.015819999999999997
0.08238727272727273
0.11423272727272726
0.005958181818181818
0.02403818181818182
0.06574545454545455
-0.10683636363636365
0.029174545454545453
0.08793454545454545
-0.08526363636363636
0.09964545454545454
0.026298181818181814
-0.03410545454545454
0.024654545454545453
0.04951454545454545
0.02157272727272727
0.018285454545454546
0.040885454545454544
-0.011505454545454544
0.10437090909090908
0.03554363636363636
0.013560000000000001
0.13950363636363636
0.07971636363636364
-0.029996363636363634
0.1171090909090909
0.010272727272727272
-0.03985818181818182
0.13621636363636364
-0.13785999999999998
-0.005958181818181818
0.04787090909090909
-0.043350909090909086
0.11053454545454545
0.05198
0.06574545454545455
0.13457272727272726
0.11608181818181817
-0.018696363636363636
0.10293272727272727
0.08423636363636364
-0.07437454545454546
0.048487272727272726
-0.02938
-0.06841636363636364
0.10991818181818182
0.016025454545454544
-0.017874545454545452
0.13621636363636364
-0.04684363636363636
0.07375818181818182
0.17155454545454543
-0.07848363636363635
0.016025454545454544
0.06595090909090909
-0.06163636363636363
0.034927272727272723
0.09348181818181817
-0.06964909090909091
0.1360109090909091
0.16251454545454544
-0.03020181818181818
0.14977636363636362
0.09656363636363637
0.07088181818181817
0.18675818181818182
0.01664181818181818
-0.0030818181818181817
0.15635090909090907
-0.0628690909090909
-0.06410181818181818
0.11669818181818181
-0.19004545454545455
-0.13827090909090908
0.05958181818181818
-0.09820727272727273
-0.03821454545454545
0.13642181818181817
0.01890181818181818
0.01705272727272727
0.13313454545454545
0.004725454545454545
0.0628690909090909
0.09081090909090908
-0.05033636363636364
-0.043556363636363636
0.04376181818181818
-0.06718363636363636
0.02527090909090909
0.2138781818181818
-0.030407272727272724
0.10396
0.12594363636363634
-0.040063636363636364
0.15799454545454544
0.02218909090909091
-0.012943636363636362
0.018285454545454546
-0.012943636363636362
0.02301090909090909
0.03903636363636363
0.10539818181818181
-0.020956363636363638
0.13498363636363636
0.013765454545454546
-0.07026545454545453
0.2138781818181818
-0.01623090909090909
-0.0030818181818181817
0.10622
-0.08177090909090909
-0.03328363636363636
0.08855090909090908
0.011505454545454544
0.06204727272727273
0.09759090909090909
-0.03554363636363636
0.13169636363636364
0.13272363636363635
-0.06615636363636364
0.13334
0.16518545454545455
-0.07458
0.11443818181818181
0.1088909090909091
-0.06327999999999999
0.12265636363636362
0.02362727272727273
-0.03739272727272727
0.059787272727272724
-0.020956363636363638
-0.01664181818181818
0.18984
0.0008218181818181817
-0.038625454545454546
0.2794181818181818
-0.07458
-0.00020545454545454542
0.1524472727272727
-0.13354545454545455
0.017874545454545452
0.019518181818181816
-0.2097690909090909
0.001438181818181818
0.09841272727272728
-0.10005636363636364
0.19025090909090905
0.08711272727272727
-0.02691454545454545
0.23401272727272723
0.026298181818181814
-0.11813636363636362
0.05198
-0.0470490909090909
-0.2093581818181818
0.02938
-0.03205090909090909
0.027120000000000002
0.17525272727272728
0.06101999999999999
0.1058090909090909
0.14751636363636364
0.04910363636363636
0.050747272727272724
0.15614545454545453
-0.07355272727272727
0.011916363636363636
0.03472181818181818
-0.06143090909090909
0.08074363636363636
0.010889090909090909
-0.02403818181818182
0.040885454545454544
0.07149818181818181
-0.03328363636363636
0.08505818181818181
0.06266363636363637
0.06656727272727272
0.14237999999999998
0.03780363636363636
0.05054181818181818
0.04787090909090909
0.07704545454545454
-0.05958181818181818
0.04889818181818182
-0.07786727272727272
-0.11834181818181817
0.12984727272727273
-0.04437818181818182
0.07293636363636363
0.09122181818181817
0.14587272727272727
0.13929818181818182
0.05033636363636364
0.09841272727272728
0.06944363636363636
0.0904
-0.06738909090909091
0.04787090909090909
0.06800545454545455
-0.03903636363636363
0.12203999999999998
0.16477454545454545
-0.0063690909090909084
0.08320909090909091
0.10457636363636363
-0.11772545454545454
0.009245454545454545
-0.05300727272727272
-0.1370381818181818
0.006163636363636363
-0.00226
-0.07190909090909091
0.07992181818181819
0.05711636363636363
-0.008218181818181819
0.2194254545454545
0.003698181818181818
-0.010683636363636364
0.1479272727272727
-0.09820727272727273
-0.044994545454545454
0.13107999999999997
-0.028352727272727273
-0.055061818181818184
0.08156545454545455
-0.02034
0.02362727272727273
0.07129272727272727
-0.02670909090909091
0.06081454545454545
0.07252545454545453
-0.040063636363636364
0.13025818181818183
0.11875272727272726
-0.04684363636363636
0.17093818181818182
0.046432727272727264
-0.12429999999999998
0.05300727272727272
-0.006163636363636363
-0.07088181818181817
0.09759090909090909
0.008218181818181819
0.01766909090909091
0.20627636363636362
0.025887272727272724
0.0967690909090909
0.10396
-0.02034
0.10930181818181818
0.01992909090909091
-0.12697090909090908
-0.03246181818181818
0.0764290909090909
-0.01766909090909091
0.032667272727272725
0.10272727272727272
0.030407272727272724
0.10252181818181817
0.16744545454545454
0.011916363636363636
0.09224909090909092
0.033694545454545456
-0.11567090909090909
0.18840181818181817
-0.014381818181818181
0.014998181818181817
0.16703454545454544
-0.0010272727272727274
0.15039272727272726
0.06307454545454545
0.06266363636363637
0.032667272727272725
0.006163636363636363
0.03225636363636363
-0.09060545454545453
-0.007601818181818181
0.003698181818181818
0.0452
0.10005636363636364
-0.08485272727272727
-0.035954545454545454
0.10724727272727272
-0.039241818181818176
-0.01890181818181818
0.007396363636363636
-0.00226
0.09122181818181817
0.12080727272727272
0.09964545454545454
0.037598181818181815
0.012121818181818182
0.008012727272727272
0.0628690909090909
-0.11115090909090909
-0.09861818181818181
0.08341454545454545
-0.07601818181818182
0.027120000000000002
0.17381454545454544
0.07108727272727272
0.08896181818181817
0.1586109090909091
0.07786727272727272
0.036776363636363635
0.048487272727272726
-0.05485636363636363
0.019723636363636363
0.0678
-0.10231636363636364
-0.02568181818181818
0.06492363636363636
0.005136363636363636
0.11423272727272726
0.06266363636363637
-0.10642545454545453
0.1415581818181818
0.1148490909090909
-0.1374490909090909
0.12532727272727273
-0.011505454545454544
-0.03739272727272727
0.16046
-0.0226
-0.0041090909090909095
0.09307090909090908
0.07889454545454545
-0.021367272727272728
0.13128545454545454
-0.03205090909090909
-0.0039036363636363635
0.21264545454545453
-0.04889818181818182
0.10416545454545453
0.11546545454545454
-0.07560727272727272
0.023832727272727273
0.09471454545454545
-0.07149818181818181
-0.01623090909090909
0.0628690909090909
-0.07786727272727272
0.05896545454545454
0.04725454545454546
-0.041707272727272725
0.21264545454545453
0.16559636363636362
-0.04889818181818182
0.1999072727272727
0.031639999999999995
-0.05937636363636363
0.16888363636363635
-0.09450909090909092
-0.059170909090909087
0.09800181818181818
-0.06266363636363637
0.02239454545454545
0.12532727272727273
-0.07601818181818182
0.034927272727272723
0.13313454545454545
0.016436363636363638
0.10108363636363636
0.09615272727272728
0.01992909090909091
0.08855090909090908
0.09224909090909092
-0.05711636363636363
0.045610909090909084
0.012943636363636362
-0.03657090909090909
0.11423272727272726
-0.05136363636363636
-0.09450909090909092
0.12347818181818182
0.02670909090909091
-0.008834545454545454
0.15306363636363635
-0.04889818181818182
0.0727309090909091
0.12224545454545453
-0.10622
0.014998181818181817
-0.001849090909090909
-0.12203999999999998
-0.01623090909090909
0.12368363636363637
-0.07047090909090908
0.017874545454545452
0.15470727272727272
0.04068
0.060609090909090904
0.021778181818181818
0.010067272727272725
0.11916363636363636
0.09533090909090909
-0.1469
0.06348545454545454
0.1058090909090909
-0.02034
0.14012
0.02670909090909091
0.05198
0.11546545454545454
0.0006163636363636364
-0.04807636363636364
0.10642545454545453
-0.037598181818181815
-0.10498727272727272
0.12142363636363637
-0.06553999999999999
-0.01766909090909091
0.11382181818181818
-0.005341818181818182
0.02670909090909091
0.0990290909090909
-0.08670181818181817
0.04602181818181818
0.2142890909090909
-0.06369090909090909
0.08978363636363636
0.14361272727272725
-0.06492363636363636
0.10991818181818182
0.17176
-0.08772909090909091
0.09492
0.16806181818181817
-0.07930545454545455
0.09081090909090908
0.05465090909090909
-0.02403818181818182
0.10868545454545453
0.04889818181818182
-0.06101999999999999
0.1325181818181818
0.09101636363636363
-0.012943636363636362
0.18758
-0.08197636363636364
-0.08156545454545455
0.1871690909090909
-0.07704545454545454
-0.07375818181818182
0.10375454545454545
-0.040885454545454544
0.07006
0.09307090909090908
-0.05362363636363636
0.0918381818181818
0.08094909090909091
-0.060609090909090904
0.033694545454545456
0.038625454545454546
-0.16662363636363633
0.07560727272727272
0.10745272727272726
-0.1356
0.1224509090909091
0.06862181818181817
0.003287272727272727
0.2331909090909091
0.11053454545454545
0.044994545454545454
0.16148727272727273
-0.033489090909090906
0.011916363636363636
0.07006
-0.1610763636363636
0.01992909090909091
0.06882727272727272
-0.13334
-0.08156545454545455
0.04663818181818182
-0.018696363636363636
0.03821454545454545
0.09471454545454545
-0.03636545454545455
0.07006
0.13128545454545454
0.05033636363636364
0.06759454545454545
0.06738909090909091
-0.03698181818181818
-0.015819999999999997
-0.0030818181818181817
-0.02116181818181818
0.1148490909090909
0.025065454545454544
0.06369090909090909
0.17710181818181817
0.027325454545454545
0.06841636363636364
0.09779636363636364
0.06122545454545455
0.07909999999999999
-0.01623090909090909
-0.03451636363636364
0.07519636363636363
0.07026545454545453
0.012327272727272727
0.06307454545454545
0.13334
0.02403818181818182
0.06862181818181817
0.16436363636363635
-0.07951090909090908
-0.0030818181818181817
0.02444909090909091
-0.17730727272727273
0.0024654545454545454
0.03698181818181818
-0.04869272727272727
0.08834545454545455
0.025476363636363634
-0.006574545454545454
0.1871690909090909
0.1419690909090909
0.02218909090909091
0.10149454545454545
0.07704545454545454
-0.08012727272727273
0.07108727272727272
0.005341818181818182
-0.17340363636363634
0.05177454545454545
-0.031845454545454545
-0.08711272727272727
0.07170363636363636
0.02075090909090909
0.11834181818181817
0.16724
-0.011505454545454544
0.07170363636363636
0.17093818181818182
0.02116181818181818
0.07560727272727272
0.07930545454545455
-0.1586109090909091
-0.0470490909090909
0.04889818181818182
-0.15409090909090908
0.0
0.04047454545454546
-0.06327999999999999
0.21613818181818178
0.11772545454545454
-0.0010272727272727274
0.19292181818181817
0.07088181818181817
-0.02938
0.007190909090909091
-0.07725090909090909
-0.11649272727272726
0.06266363636363637
-0.012738181818181817
-0.005136363636363636
0.21716545454545452
0.055678181818181814
0.15963818181818182
0.2494218181818182
0.05732181818181818
0.06081454545454545
0.05896545454545454
-0.04068
-0.039241818181818176
-0.00904
-0.12327272727272726
0.04150181818181818
0.08136
-0.05280181818181818
0.15203636363636364
0.07560727272727272
0.01705272727272727
0.17340363636363634
0.053212727272727266
-0.020956363636363638
0.07766181818181818
0.004314545454545455
-0.03451636363636364
0.1058090909090909
-0.044994545454545454
-0.13025818181818183
0.043556363636363636
-0.04828181818181818
-0.08382545454545455
0.06964909090909091
-0.09800181818181818
0.034310909090909086
0.1962090909090909
-0.0741690909090909
0.17771818181818183
0.19477090909090908
-0.02034
0.14053090909090907
0.04376181818181818
-0.05896545454545454
0.04150181818181818
0.009656363636363637
-0.13498363636363636
0.0628690909090909
0.12861454545454545
-0.039241818181818176
0.1935381818181818
0.10601454545454544
-0.11423272727272726
0.11977999999999998
-0.04232363636363636
-0.15943272727272728
0.10149454545454545
-0.0967690909090909
-0.003698181818181818
0.17176
-0.07766181818181818
0.15758363636363634
0.16744545454545454
-0.007601818181818181
0.14340727272727272
0.11772545454545454
-0.06081454545454545
-0.054240000000000003
0.15635090909090907
-0.1058090909090909
-0.04807636363636364
0.07190909090909091
-0.16128181818181817
0.15573454545454543
0.10087818181818181
-0.028352727272727273
0.20586545454545455
0.029996363636363634
-0.018696363636363636
0.22394545454545453
-0.033694545454545456
0.023832727272727273
0.2603109090909091
-0.09533090909090909
-0.0226
0.07026545454545453
-0.06101999999999999
-0.03965272727272728
0.06595090909090909
-0.05547272727272727
-0.06964909090909091
0.19559272727272728
-0.05629454545454545
0.13888727272727272
0.20956363636363634
-0.10745272727272726
0.1499818181818182
0.054240000000000003
-0.16272
0.030612727272727274
0.00041090909090909085
-0.12368363636363637
0.07108727272727272
-0.015203636363636362
-0.02670909090909091
0.12388909090909091
0.09471454545454545
0.12450545454545454
0.10375454545454545
-0.02609272727272727
-0.031845454545454545
0.16128181818181817
0.011094545454545454
-0.02362727272727273
0.011916363636363636
0.016025454545454544
0.15306363636363635
0.04417272727272727
-0.005547272727272727
0.08772909090909091
0.06903272727272727
-0.08916727272727272
0.03307818181818182
-0.056705454545454545
-0.04458363636363636
0.17628
-0.007807272727272727
-0.00226
0.02301090909090909
0.06738909090909091
0.018285454545454546
0.08649636363636364
-0.007807272727272727
-0.12717636363636362
0.19107272727272728
-0.05958181818181818
0.039241818181818176
0.2149054545454545
-0.06492363636363636
0.043350909090909086
0.09368727272727272
0.033694545454545456
-0.06451272727272726
-0.003287272727272727
0.07458
0.0010272727272727274
0.03554363636363636
0.015614545454545454
0.045610909090909084
0.22456181818181817
0.10498727272727272
0.0741690909090909
0.10293272727272727
-0.10519272727272726
0.12943636363636363
-0.0041090909090909095
-0.14669454545454544
0.09923454545454545
-0.08526363636363636
-0.0727309090909091
0.10498727272727272
-0.010683636363636364
0.020545454545454544
0.10519272727272726
-0.024654545454545453
-0.022805454545454542
0.04437818181818182
0.06492363636363636
-0.015409090909090907
0.14607818181818183
0.014381818181818181
-0.00862909090909091
0.25989999999999996
-0.12738181818181818
0.10437090909090908
0.19682545454545455
-0.19600363636363635
-0.013560000000000001
0.08156545454545455
-0.05136363636363636
0.059170909090909087
0.12203999999999998
-0.035954545454545454
0.1321072727272727
0.09430363636363637
-0.01664181818181818
0.13087454545454547
0.05814363636363636
-0.06944363636363636
0.03698181818181818
-0.04540545454545454
-0.10909636363636364
0.14710545454545454
0.08526363636363636
0.06800545454545455
0.11402727272727273
0.014176363636363636
0.024654545454545453
0.1314909090909091
-0.035954545454545454
-0.04232363636363636
0.10642545454545453
-0.1916890909090909
0.0339
0.16354181818181818
-0.02301090909090909
0.11998545454545453
0.08279818181818181
0.03410545454545454
0.1088909090909091
0.03821454545454545
-0.06636181818181817
0.16436363636363635
0.013970909090909091
-0.15388545454545455
0.09574181818181818
0.017874545454545452
0.0067800000000000004
0.0678
-0.014176363636363636
-0.09492
0.020545454545454544
0.03328363636363636
-0.0063690909090909084
0.10334363636363636
0.00452
0.05526727272727273
0.13991454545454546
0.02198363636363636
-0.02979090909090909
0.06369090909090909
-0.050747272727272724
-0.07663454545454546
0.030612727272727274
-0.13334
0.038419999999999996
0.0727309090909091
-0.00904
0.16189818181818183
0.09019454545454544
0.01725818181818182
0.14422909090909092
0.16292545454545454
-0.07108727272727272
0.03739272727272727
0.11423272727272726
-0.024243636363636363
0.029174545454545453
0.06348545454545454
0.08834545454545455
0.09964545454545454
0.053212727272727266
-0.00452
0.07807272727272727
-0.060609090909090904
-0.007601818181818181
0.1469
-0.17648545454545456
-0.04787090909090909
0.2147
-0.04314545454545454
-0.02157272727272727
0.18778545454545456
-0.023216363636363632
0.04314545454545454
0.1257381818181818
-0.027736363636363635
0.12121818181818181
0.03410545454545454
-0.05629454545454545
0.13765454545454545
0.10950727272727273
-0.08464727272727272
0.11156181818181818
0.09615272727272728
-0.17114363636363633
0.1510090909090909
0.059787272727272724
-0.19066181818181818
0.1510090909090909
0.07396363636363636
-0.08464727272727272
0.18799090909090907
0.038419999999999996
0.027941818181818182
0.15470727272727272
-0.09060545454545453
0.07683999999999999
0.045610909090909084
-0.14217454545454544
-0.002670909090909091
0.05033636363636364
-0.06821090909090909
-0.010067272727272725
0.14217454545454544
-0.06492363636363636
0.06430727272727273
0.11115090909090909
-0.10026181818181817
0.09985090909090909
0.013970909090909091
-0.10457636363636363
0.11361636363636363
-0.07807272727272727
0.004314545454545455
0.27859636363636364
-0.033489090909090906
0.09882363636363636
0.2149054545454545
0.07149818181818181
0.14381818181818182
0.0990290909090909
0.07355272727272727
0.02218909090909091
-0.007601818181818181
-0.017874545454545452
0.025887272727272724
-0.021778181818181818
-0.10704181818181817
0.04684363636363636
0.05691090909090909
-0.12491636363636363
0.03965272727272728
0.09245454545454544
-0.05547272727272727
0.15039272727272726
0.09265999999999999
-0.03739272727272727
0.10272727272727272
0.09163272727272727
0.1058090909090909
0.06677272727272728
-0.16949999999999998
0.003287272727272727
0.1645690909090909
-0.06903272727272727
0.0012327272727272727
0.15758363636363634
0.04951454545454545
0.039241818181818176
0.09307090909090908
-0.12142363636363637
-0.03985818181818182
0.07170363636363636
-0.027941818181818182
0.04930909090909091
-0.038625454545454546
0.0226
0.16724
0.11217818181818182
-0.021778181818181818
0.12676545454545454
0.12347818181818182
-0.11135636363636363
0.1058090909090909
-0.03328363636363636
-0.21059090909090908
-0.0067800000000000004
0.02650363636363636
-0.08505818181818181
0.014792727272727272
0.0447890909090909
0.05691090909090909
0.27695272727272724
-0.008012727272727272
0.03533818181818182
0.22209636363636362
-0.035749090909090904
0.05547272727272727
0.12943636363636363
-0.05937636363636363
-0.011094545454545454
0.13888727272727272
-0.032872727272727276
0.02403818181818182
0.13190181818181818
-0.05136363636363636
0.08033272727272728
0.15470727272727272
-0.07252545454545453
0.11608181818181817
0.2029890909090909
-0.11793090909090909
0.1374490909090909
0.11772545454545454
-0.1791563636363636
0.09553636363636364
0.09327636363636364
-0.15367999999999998
-0.0008218181818181817
0.036776363636363635
-0.015614545454545454
0.19559272727272728
0.057527272727272726
0.08238727272727273
0.21305636363636363
0.042734545454545456
-0.001438181818181818
0.09779636363636364
-0.08094909090909091
-0.17895090909090908
-0.01766909090909091
-0.12738181818181818
0.019723636363636363
0.07293636363636363
0.03718727272727273
0.11628727272727273
0.15367999999999998
0.05937636363636363
0.07170363636363636
0.13169636363636364
-0.10724727272727272
0.09800181818181818
-0.09656363636363637
-0.1314909090909091
0.1292309090909091
-0.1528581818181818
0.028969090909090906
0.13929818181818182
-0.014176363636363636
0.020545454545454544
0.10067272727272727
0.05465090909090909
0.03246181818181818
0.03698181818181818
0.009861818181818182
-0.0063690909090909084
0.054034545454545446
0.031845454545454545
-0.04047454545454546
0.07930545454545455
-0.08074363636363636
0.005136363636363636
-0.01664181818181818
-0.08300363636363636
0.06348545454545454
0.0447890909090909
0.11649272727272726
0.09450909090909092
0.1325181818181818
0.056705454545454545
0.1727872727272727
0.05629454545454545
0.004930909090909091
0.14237999999999998
-0.05218545454545454
0.01664181818181818
0.04376181818181818
0.10005636363636364
0.07581272727272727
0.17011636363636362
0.07745636363636363
0.007396363636363636
0.08115454545454545
-0.12265636363636362
0.02013454545454545
-0.034927272727272723
-0.1366272727272727
-0.031845454545454545
0.09512545454545453
-0.007807272727272727
0.07108727272727272
0.24284727272727274
0.03657090909090909
0.12635454545454544
0.10868545454545453
-0.07026545454545453
0.025887272727272724
0.09985090909090909
-0.113
0.04232363636363636
0.012327272727272727
-0.11115090909090909
0.11834181818181817
-0.05629454545454545
0.0452
0.14669454545454544
0.02444909090909091
0.02650363636363636
0.09779636363636364
0.042734545454545456
-0.031845454545454545
0.09060545454545453
0.02362727272727273
-0.031639999999999995
0.05773272727272727
-0.06759454545454545
-0.12717636363636362
0.09594727272727273
-0.06841636363636364
0.03472181818181818
0.1296418181818182
-0.1261490909090909
0.13621636363636364
0.12738181818181818
0.052390909090909085
0.08444181818181817
0.046432727272727264
0.02403818181818182
-0.06841636363636364
-0.018696363636363636
-0.034310909090909086
0.06122545454545455
0.005958181818181818
0.07334727272727272
0.1577890909090909
-0.057527272727272726
0.1058090909090909
0.18285454545454544
-0.06553999999999999
0.05054181818181818
0.12080727272727272
-0.09142727272727272
0.10724727272727272
0.06677272727272728
0.007601818181818181
0.12491636363636363
-0.010889090909090909
0.0565
0.1637472727272727
0.03698181818181818
-0.09656363636363637
0.1058090909090909
-0.02034
-0.12347818181818182
0.10519272727272726
0.03451636363636364
0.029996363636363634
0.11464363636363636
-0.021778181818181818
-0.033694545454545456
0.12327272727272726
-0.032872727272727276
0.0565
0.07889454545454545
-0.13827090909090908
0.10498727272727272
0.13436727272727272
0.02198363636363636
0.0805381818181818
0.05485636363636363
0.004930909090909091
0.03307818181818182
-0.002670909090909091
-0.1296418181818182
0.05937636363636363
0.05896545454545454
-0.0678
0.16272
0.07519636363636363
-0.01808
0.22826000000000002
0.13642181818181817
-0.04150181818181818
0.0805381818181818
0.03307818181818182
-0.08464727272727272
0.08012727272727273
0.010889090909090909
-0.16128181818181817
0.08752363636363636
0.014792727272727272
-0.14258545454545454
0.11156181818181818
-0.057527272727272726
-0.01623090909090909
0.15306363636363635
-0.1682672727272727
0.06327999999999999
0.19189454545454546
0.01623090909090909
0.1723763636363636
0.1397090909090909
0.020545454545454544
0.08567454545454545
0.16272
-0.08238727272727273
-0.06656727272727272
0.11402727272727273
-0.1586109090909091
-0.0402690909090909
0.12758727272727272
-0.09122181818181817
0.13683272727272727
0.06677272727272728
-0.0805381818181818
0.20463272727272727
-0.03554363636363636
-0.005547272727272727
0.12491636363636363
-0.09163272727272727
-0.06307454545454545
0.07663454545454546
0.028763636363636363
0.035954545454545454
0.20011272727272728
0.05300727272727272
0.07683999999999999
0.12882
0.055883636363636364
0.06923818181818181
0.008012727272727272
-0.08998909090909091
0.02938
0.01890181818181818
-0.1193690909090909
0.17381454545454544
0.03739272727272727
-0.013765454545454546
0.16744545454545454
0.03718727272727273
0.03246181818181818
0.12943636363636363
0.17011636363636362
0.014587272727272727
0.08115454545454545
0.02013454545454545
-0.025476363636363634
0.09697454545454545
-0.07375818181818182
-0.0764290909090909
0.005136363636363636
-0.09841272727272728
-0.005547272727272727
0.12183454545454545
-0.016436363636363638
0.15018727272727272
0.12738181818181818
-0.00020545454545454542
0.10498727272727272
-0.005752727272727272
0.012121818181818182
0.009245454545454545
-0.05711636363636363
-0.12265636363636362
-0.006574545454545454
0.08341454545454545
-0.041707272727272725
0.08279818181818181
0.14484545454545456
0.008218181818181819
0.1415581818181818
0.08485272727272727
-0.06553999999999999
0.12799818181818182
-0.07930545454545455
-0.07663454545454546
0.0402690909090909
-0.06040363636363636
0.09861818181818181
0.1171090909090909
0.06964909090909091
-0.0113
0.09841272727272728
0.0339
-0.0967690909090909
0.11834181818181817
-0.04746
-0.08608545454545455
0.1341618181818182
-0.06471818181818181
-0.027325454545454545
0.16292545454545454
-0.039241818181818176
0.028763636363636363
0.09964545454545454
-0.0006163636363636364
0.08094909090909091
0.07745636363636363
0.07909999999999999
0.10724727272727272
0.06225272727272727
-0.0016436363636363634
0.12429999999999998
0.08505818181818181
-0.06225272727272727
0.07334727272727272
0.010683636363636364
-0.04376181818181818
0.03451636363636364
0.02691454545454545
0.10560363636363636
0.11669818181818181
0.0678
0.1012890909090909
0.08300363636363636
0.025887272727272724
0.06451272727272726
0.09430363636363637
-0.08218181818181818
-0.041707272727272725
0.05814363636363636
-0.06656727272727272
0.08341454545454545
0.08362
-0.007807272727272727
0.10087818181818181
-0.022805454545454542
0.009245454545454545
0.12409454545454546
-0.03944727272727273
0.007601818181818181
-0.0113
-0.10252181818181817
0.07560727272727272
0.0470490909090909
-0.029585454545454543
0.15162545454545454
0.15018727272727272
0.002876363636363636
0.1370381818181818
0.11854727272727272
0.01849090909090909
0.10211090909090909
-0.002876363636363636
-0.04068
0.02362727272727273
-0.04746
-0.047665454545454546
0.019107272727272726
-0.113
-0.13498363636363636
0.05033636363636364
-0.05115818181818182
-0.027530909090909092
0.1555290909090909
0.05013090909090909
0.0452
0.1351890909090909
0.016436363636363638
0.07170363636363636
0.08937272727272727
-0.10827454545454546
0.02239454545454545
0.02527090909090909
-0.05958181818181818
0.060609090909090904
0.13868181818181818
0.08793454545454545
0.11341090909090909
0.1314909090909091
-0.04437818181818182
0.09368727272727272
0.03451636363636364
-0.0940981818181818
0.08937272727272727
0.004725454545454545
-0.06101999999999999
0.0918381818181818
0.14525636363636363
-0.0024654545454545454
0.13436727272727272
0.19415454545454544
-0.05136363636363636
0.13868181818181818
0.06718363636363636
-0.14176363636363634
0.08711272727272727
-0.08423636363636364
-0.12676545454545454
0.14217454545454544
-0.07663454545454546
0.016436363636363638
0.24757272727272725
0.010478181818181819
0.0226
0.2029890909090909
0.12265636363636362
0.03903636363636363
0.1723763636363636
-0.009861818181818182
-0.050747272727272724
0.09019454545454544
-0.1499818181818182
0.0226
0.11176727272727273
-0.1586109090909091
0.07807272727272727
0.09635818181818182
-0.13498363636363636
0.24572363636363637
0.16580181818181816
-0.0727309090909091
0.15902181818181815
0.009861818181818182
-0.07190909090909091
0.08341454545454545
-0.07170363636363636
-0.22661636363636362
0.08156545454545455
-0.08567454545454545
-0.14854363636363635
0.22764363636363635
-0.009656363636363637
0.05958181818181818
0.23709454545454545
0.04376181818181818
0.045816363636363634
0.11238363636363637
-0.11217818181818182
-0.01849090909090909
0.0447890909090909
-0.23298545454545452
0.0010272727272727274
0.06410181818181818
0.03472181818181818
0.1637472727272727
0.1495709090909091
0.0727309090909091
0.2278490909090909
0.1351890909090909
-0.016436363636363638
0.1608709090909091
-0.13683272727272727
-0.04294
0.0339
-0.08444181818181817
-0.002876363636363636
0.045610909090909084
0.07745636363636363
0.030818181818181814
0.16415818181818181
-0.05629454545454545
0.18531999999999998
0.23031454545454547
-0.15594
0.09964545454545454
0.07519636363636363
-0.06019818181818181
-0.00020545454545454542
0.06553999999999999
-0.042529090909090905
-0.06101999999999999
-0.0008218181818181817
-0.02075090909090909
0.02650363636363636
-0.015819999999999997
0.059787272727272724
0.20771454545454546
0.10683636363636365
0.0006163636363636364
0.20833090909090907
0.09574181818181818
0.043556363636363636
0.13765454545454545
-0.02301090909090909
-0.049925454545454544
-0.0538290909090909
0.02034
0.046432727272727264
0.05115818181818182
-0.02362727272727273
0.05444545454545455
0.09615272727272728
-0.14484545454545456
-0.003698181818181818
0.043556363636363636
-0.1727872727272727
-0.07478545454545454
0.03657090909090909
-0.05033636363636364
0.045610909090909084
0.07889454545454545
0.06862181818181817
0.2023727272727273
0.12019090909090908
0.00041090909090909085
0.11895818181818181
0.053212727272727266
-0.1216290909090909
0.058349090909090906
0.0069854545454545456
-0.07601818181818182
0.04458363636363636
-0.0016436363636363634
-0.04930909090909091
0.07170363636363636
0.13909272727272726
0.04232363636363636
0.13457272727272726
-0.06430727272727273
0.014176363636363636
0.22805454545454545
-0.04622727272727272
0.13395636363636362
0.12635454545454544
-0.05855454545454545
0.04972
-0.016025454545454544
-0.062458181818181815
0.01171090909090909
0.05937636363636363
0.023216363636363632
0.03554363636363636
0.13683272727272727
0.06944363636363636
0.06821090909090909
0.1306690909090909
0.008834545454545454
0.05732181818181818
-0.06553999999999999
-0.08629090909090908
0.07314181818181818
-0.11649272727272726
0.05198
0.11895818181818181
0.00452
0.15635090909090907
0.09450909090909092
0.04910363636363636
0.11957454545454545
0.08608545454545455
-0.0452
0.056705454545454545
0.03965272727272728
-0.10087818181818181
0.10190545454545454
0.004930909090909091
-0.0727309090909091
0.15984363636363638
0.07622363636363635
-0.012532727272727272
0.046432727272727264
-0.04437818181818182
-0.013970909090909091
0.06923818181818181
-0.03821454545454545
-0.016025454545454544
0.04787090909090909
-0.02013454545454545
-0.001438181818181818
0.08546909090909091
-0.027941818181818182
-0.020956363636363638
0.07807272727272727
-0.03205090909090909
0.02403818181818182
0.050747272727272724
0.036776363636363635
0.09389272727272728
0.12512181818181817
-0.017463636363636362
0.04047454545454546
0.08916727272727272
-0.07704545454545454
0.14279090909090908
-0.05485636363636363
-0.07232
0.1865527272727273
0.057527272727272726
0.06327999999999999
0.11464363636363636
0.09471454545454545
0.037598181818181815
0.20586545454545455
-0.004725454545454545
-0.11793090909090909
0.09060545454545453
-0.08998909090909091
-0.08403090909090909
0.050747272727272724
-0.06800545454545455
-0.04787090909090909
0.17093818181818182
-0.05814363636363636
0.01664181818181818
0.20011272727272728
-0.004314545454545455
-0.005341818181818182
0.12429999999999998
0.05054181818181818
-0.004725454545454545
0.16806181818181817
-0.060609090909090904
0.1653909090909091
0.12203999999999998
-0.21059090909090908
0.1645690909090909
0.05177454545454545
-0.1524472727272727
0.028969090909090906
0.09635818181818182
-0.11916363636363636
0.07190909090909091
0.09635818181818182
-0.028352727272727273
0.1744309090909091
0.016847272727272728
0.05937636363636363
0.09635818181818182
-0.0741690909090909
-0.05280181818181818
0.13827090909090908
-0.08033272727272728
-0.0030818181818181817
0.2564072727272727
-0.06143090909090909
0.09841272727272728
0.15655636363636363
0.010067272727272725
0.061841818181818185
0.014998181818181817
-0.08608545454545455
0.024243636363636363
-0.003287272727272727
-0.08403090909090909
0.15306363636363635
0.00452
-0.00226
0.19127818181818182
0.07334727272727272
0.03739272727272727
0.18552545454545455
0.02116181818181818
-0.008834545454545454
0.12183454545454545
-0.05362363636363636
0.04437818181818182
0.02157272727272727
-0.02157272727272727
0.015614545454545454
-0.02403818181818182
-0.040885454545454544
-0.035749090909090904
0.028558181818181816
-0.08177090909090909
0.10108363636363636
0.12347818181818182
-0.03800909090909091
0.17854
0.06307454545454545
-0.09471454545454545
0.11752
-0.019518181818181816
-0.13025818181818183
0.07786727272727272
-0.008423636363636364
-0.07396363636363636
0.05855454545454545
0.06964909090909091
0.05341818181818182
0.14135272727272727
0.05691090909090909
0.05814363636363636
0.13827090909090908
-0.05218545454545454
-0.00862909090909091
0.13477818181818182
-0.031023636363636364
-0.09019454545454544
0.11628727272727273
0.03307818181818182
0.028969090909090906
0.15183090909090907
-0.00452
0.02157272727272727
0.02670909090909091
-0.07375818181818182
0.017463636363636362
0.10375454545454545
-0.028352727272727273
0.06574545454545455
0.09265999999999999
-0.031845454545454545
0.09820727272727273
0.056705454545454545
0.036776363636363635
0.06266363636363637
0.05013090909090909
0.029996363636363634
0.08259272727272728
0.014381818181818181
0.05814363636363636
0.2029890909090909
-0.06759454545454545
0.030818181818181814
0.14320181818181818
-0.06595090909090909
-0.0041090909090909095
0.09450909090909092
-0.05362363636363636
-0.011094545454545454
0.1103290909090909
-0.020956363636363638
0.10724727272727272
0.15429636363636362
0.07909999999999999
0.11628727272727273
0.02342181818181818
-0.05773272727272727
0.01890181818181818
-0.09081090909090908
-0.19600363636363635
0.08362
0.007601818181818181
-0.07211454545454546
0.15183090909090907
0.09081090909090908
0.016025454545454544
0.10519272727272726
0.025887272727272724
0.02527090909090909
0.06040363636363636
-0.13272363636363635
0.040063636363636364
0.04663818181818182
-0.08526363636363636
0.1374490909090909
0.12655999999999998
0.052390909090909085
0.1216290909090909
0.14073636363636363
0.10416545454545453
0.13128545454545454
0.0113
-0.013765454545454546
0.07971636363636364
-0.08711272727272727
-0.08238727272727273
0.07375818181818182
-0.08834545454545455
-0.10334363636363636
0.14895454545454545
-0.07375818181818182
-0.08259272727272728
0.12512181818181817
0.033694545454545456
0.11895818181818181
0.13827090909090908
0.04746
0.09882363636363636
0.12080727272727272
-0.014587272727272727
-0.01623090909090909
0.03020181818181818
-0.02075090909090909
0.02486
0.05054181818181818
-0.035749090909090904
0.1419690909090909
0.20689272727272728
-0.040063636363636364
0.07375818181818182
0.031845454545454545
-0.06553999999999999
0.07396363636363636
-0.01705272727272727
-0.07725090909090909
0.050747272727272724
0.0678
-0.0010272727272727274
0.07437454545454546
0.07971636363636364
0.07889454545454545
0.12861454545454545
0.03246181818181818
-0.09944
-0.013354545454545456
-0.06081454545454545
-0.15142
0.1035490909090909
-0.09019454545454544
-0.039241818181818176
0.22579454545454544
-0.023216363636363632
0.10930181818181818
0.1653909090909091
0.006574545454545454
0.13231272727272728
0.15429636363636362
-0.046432727272727264
0.01766909090909091
0.07519636363636363
-0.014176363636363636
0.03554363636363636
0.019107272727272726
-0.03718727272727273
0.04294
0.14731090909090908
-0.007190909090909091
0.08998909090909091
0.06471818181818181
-0.008012727272727272
0.1678563636363636
0.01623090909090909
-0.005547272727272727
0.08362
0.002876363636363636
-0.11752
0.02938
0.00452
-0.05198
0.056705454545454545
-0.02157272727272727
0.18696363636363633
0.18306
0.041707272727272725
0.24469636363636363
0.1610763636363636
-0.14135272727272727
-0.004725454545454545
0.031639999999999995
-0.17381454545454544
-0.06225272727272727
0.005958181818181818
-0.06348545454545454
0.04314545454545454
0.12861454545454545
0.14710545454545454
0.29133454545454546
0.06369090909090909
-0.01705272727272727
0.14607818181818183
-0.05280181818181818
-0.054240000000000003
0.03616
-0.07601818181818182
-0.09861818181818181
0.024243636363636363
0.009861818181818182
0.029996363636363634
0.06636181818181817
0.03020181818181818
0.08115454545454545
0.046432727272727264
-0.08772909090909091
0.10457636363636363
0.10149454545454545
-0.14854363636363635
0.10272727272727272
-0.04622727272727272
-0.08546909090909091
0.052390909090909085
-0.0447890909090909
-0.05691090909090909
-0.028763636363636363
0.0538290909090909
-0.027325454545454545
0.18984
0.027736363636363635
0.07375818181818182
0.24839454545454545
0.00945090909090909
0.06903272727272727
0.13128545454545454
0.052390909090909085
-0.1035490909090909
0.08115454545454545
-0.06369090909090909
0.007190909090909091
0.16148727272727273
-0.029996363636363634
0.15943272727272728
0.16272
0.003287272727272727
-0.03718727272727273
0.06759454545454545
-0.1088909090909091
0.02034
-0.013560000000000001
-0.15491272727272726
0.15922727272727272
0.023832727272727273
0.07355272727272727
0.2387381818181818
0.1356
-0.05608909090909091
0.18511454545454545
0.07314181818181818
-0.15265272727272727
0.18162181818181816
-0.07129272727272727
-0.03328363636363636
0.07622363636363635
-0.11238363636363637
-0.0039036363636363635
0.1727872727272727
0.028147272727272726
0.053212727272727266
0.20689272727272728
-0.10622
0.04602181818181818
0.17319818181818183
-0.0016436363636363634
0.08464727272727272
0.11875272727272726
-0.1341618181818182
0.050747272727272724
0.05300727272727272
-0.21120727272727272
0.14135272727272727
-0.08546909090909091
-0.10622
0.1495709090909091
-0.054034545454545446
0.02013454545454545
0.21346727272727273
0.04150181818181818
-0.057527272727272726
0.10087818181818181
-0.08772909090909091
0.001438181818181818
0.07314181818181818
-0.15306363636363635
0.04047454545454546
0.1058090909090909
-0.08629090909090908
0.15984363636363638
0.19271636363636363
-0.05629454545454545
0.18162181818181816
0.07232
-0.11156181818181818
0.08608545454545455
0.00862909090909091
-0.1148490909090909
0.05711636363636363
0.031639999999999995
-0.0010272727272727274
0.19703090909090906
0.04047454545454546
0.08362
0.1623090909090909
-0.08341454545454545
0.005136363636363636
0.08629090909090908
-0.07375818181818182
0.028558181818181816
0.03533818181818182
-0.01664181818181818
0.11998545454545453
0.04869272727272727
0.00020545454545454542
0.016436363636363638
0.07334727272727272
-0.031229090909090908
0.014381818181818181
0.15121454545454543
-0.028147272727272726
0.14443454545454545
0.09348181818181817
-0.05177454545454545
0.1374490909090909
0.00452
-0.007396363636363636
0.0727309090909091
-0.10642545454545453
-0.033489090909090906
0.14135272727272727
0.02444909090909091
0.0067800000000000004
0.12080727272727272
0.09964545454545454
0.005136363636363636
0.12203999999999998
0.07683999999999999
-0.08238727272727273
0.06964909090909091
-0.00226
0.011094545454545454
0.06636181818181817
-0.12388909090909091
0.020545454545454544
0.13683272727272727
-0.15532363636363636
-0.019312727272727273
0.15039272727272726
-0.11752
0.04725454545454546
0.06122545454545455
-0.07252545454545453
0.1495709090909091
0.15162545454545454
0.03472181818181818
0.11094545454545454
0.08629090909090908
-0.0402690909090909
0.14977636363636362
0.030818181818181814
-0.14813272727272728
0.0940981818181818
-0.06019818181818181
-0.08403090909090909
0.12902545454545453
-0.034927272727272723
0.08362
0.16744545454545454
-0.07437454545454546
0.05444545454545455
0.07683999999999999
-0.054240000000000003
0.019107272727272726
0.028763636363636363
-0.06451272727272726
0.022805454545454542
0.12738181818181818
0.04068
0.17545818181818182
0.12224545454545453
-0.03800909090909091
0.15491272727272726
0.02403818181818182
-0.09327636363636364
0.10991818181818182
-0.07971636363636364
-0.014792727272727272
0.09964545454545454
-0.1411472727272727
0.06985454545454545
0.08711272727272727
-0.015203636363636362
0.13313454545454545
0.07478545454545454
0.00452
0.12429999999999998
0.1637472727272727
0.028763636363636363
0.05547272727272727
0.13272363636363635
-0.0041090909090909095
-0.046432727272727264
0.05362363636363636
-0.11977999999999998
-0.005547272727272727
-0.02568181818181818
-0.12080727272727272
0.13025818181818183
-0.012532727272727272
0.08793454545454545
0.12450545454545454
0.041912727272727275
0.037598181818181815
0.06019818181818181
0.045610909090909084
-0.062458181818181815
0.059170909090909087
-0.03657090909090909
-0.027941818181818182
0.031229090909090908
0.06821090909090909
0.09944
0.12594363636363634
0.019107272727272726
0.022805454545454542
0.14237999999999998
-0.03554363636363636
0.07334727272727272
0.005752727272727272
-0.09861818181818181
0.03739272727272727
0.07540181818181818
-0.05115818181818182
0.05732181818181818
0.16908909090909088
-0.08526363636363636
0.05773272727272727
0.023832727272727273
-0.0749909090909091
0.042529090909090905
0.058349090909090906
0.03903636363636363
0.0067800000000000004
-0.016436363636363638
-0.008423636363636364
0.1921
-0.015614545454545454
-0.0764290909090909
0.11690363636363636
-0.04458363636363636
0.01664181818181818
0.14402363636363635
-0.042529090909090905
0.09882363636363636
0.2274381818181818
-0.10991818181818182
0.09327636363636364
0.12758727272727272
-0.08341454545454545
0.1370381818181818
0.03020181818181818
-0.16641818181818183
0.06595090909090909
0.08793454545454545
-0.10950727272727273
0.15758363636363634
0.10724727272727272
-0.08197636363636364
0.18758
0.11135636363636363
-0.04417272727272727
0.14381818181818182
0.013560000000000001
-0.14340727272727272
0.1125890909090909
-0.011916363636363636
-0.07149818181818181
0.17176
-0.02403818181818182
0.026298181818181814
0.10950727272727273
-0.08382545454545455
0.15121454545454543
0.15039272727272726
-0.08464727272727272
0.016436363636363638
0.03739272727272727
-0.0226
0.14751636363636364
0.17484181818181818
-0.02527090909090909
0.113
0.15635090909090907
-0.008218181818181819
0.17319818181818183
0.09738545454545454
-0.059787272727272724
0.1586109090909091
-0.08752363636363636
-0.09718
0.1370381818181818
-0.16744545454545454
-0.07951090909090908
0.036776363636363635
-0.11649272727272726
-0.08814
0.03718727272727273
0.00945090909090909
-0.0030818181818181817
0.1586109090909091
-0.02362727272727273
0.053212727272727266
0.22353454545454546
-0.06410181818181818
0.08136
0.05999272727272727
-0.17710181818181817
0.10005636363636364
-0.037598181818181815
-0.10313818181818181
0.11854727272727272
0.018285454545454546
0.14217454545454544
0.07971636363636364
0.013354545454545456
0.09718
0.046432727272727264
0.11094545454545454
-0.08218181818181818
0.0764290909090909
0.11505454545454545
-0.11628727272727273
0.15614545454545453
-0.016436363636363638
-0.008012727272727272
0.16415818181818181
-0.12388909090909091
0.08711272727272727
0.06492363636363636
-0.15347454545454545
0.08629090909090908
0.02034
-0.08074363636363636
0.032667272727272725
0.08444181818181817
0.02444909090909091
0.10087818181818181
0.19086727272727272
0.03739272727272727
0.15819999999999998
0.17854
-0.033694545454545456
0.17771818181818183
0.1479272727272727
-0.09574181818181818
0.14073636363636363
0.030407272727272724
-0.1586109090909091
0.13765454545454545
-0.033694545454545456
-0.08177090909090909
0.17196545454545456
-0.03883090909090909
-0.015409090909090907
0.15717272727272727
-0.003698181818181818
0.035954545454545454
0.18326545454545454
-0.08382545454545455
-0.0034927272727272728
0.12676545454545454
-0.14361272727272725
0.02157272727272727
0.027736363636363635
-0.13272363636363635
0.05711636363636363
0.1088909090909091
0.030818181818181814
0.12861454545454545
0.08115454545454545
0.025887272727272724
0.16066545454545456
-0.05033636363636364
-0.1686781818181818
0.04376181818181818
-0.06327999999999999
-0.17792363636363634
0.12717636363636362
0.04314545454545454
-0.017463636363636362
0.22148
0.08567454545454545
0.08546909090909091
0.05547272727272727
0.042734545454545456
0.05691090909090909
-0.02403818181818182
-0.061841818181818185
-0.010067272727272725
0.028969090909090906
-0.03554363636363636
0.11628727272727273
0.0628690909090909
0.016436363636363638
0.09265999999999999
0.06964909090909091
-0.007601818181818181
0.07683999999999999
0.0741690909090909
-0.04972
0.1012890909090909
-0.039241818181818176
-0.030818181818181814
0.06656727272727272
-0.03143454545454545
0.011505454545454544
0.022805454545454542
-0.03657090909090909
-0.03205090909090909
0.1479272727272727
0.09861818181818181
0.10396
0.18326545454545454
0.08978363636363636
0.0990290909090909
0.11649272727272726
0.040063636363636364
0.008012727272727272
0.06677272727272728
-0.05198
-0.006163636363636363
-0.0039036363636363635
-0.06225272727272727
0.10950727272727273
0.12368363636363637
0.038625454545454546
0.06677272727272728
-0.02034
-0.15409090909090908
0.05547272727272727
-0.06759454545454545
-0.08382545454545455
0.12594363636363634
-0.07807272727272727
0.001849090909090909
0.22127454545454545
0.0805381818181818
0.07766181818181818
0.21120727272727272
-0.10108363636363636
-0.05485636363636363
0.13005272727272726
-0.11423272727272726
-0.033694545454545456
0.1103290909090909
-0.06266363636363637
-0.07683999999999999
0.12265636363636362
0.01171090909090909
0.10663090909090908
0.1727872727272727
-0.02301090909090909
0.11895818181818181
0.040063636363636364
-0.0786890909090909
0.16888363636363635
0.08115454545454545
-0.17196545454545456
0.10087818181818181
0.02198363636363636
-0.15121454545454543
0.1148490909090909
0.001438181818181818
-0.033694545454545456
0.05259636363636363
-0.01992909090909091
0.1103290909090909
0.17833454545454544
-0.005341818181818182
0.11238363636363637
0.17422545454545454
-0.11731454545454545
0.015409090909090907
0.15450181818181818
-0.10087818181818181
-0.02218909090909091
0.15265272727272727
-0.07375818181818182
0.05115818181818182
0.18696363636363633
0.055678181818181814
0.15183090909090907
-0.024654545454545453
-0.015203636363636362
0.13929818181818182
-0.05280181818181818
-0.028147272727272726
0.11361636363636363
-0.015819999999999997
-0.045610909090909084
0.17360909090909088
0.03965272727272728
-0.02691454545454545
0.1723763636363636
0.03205090909090909
-0.027736363636363635
-0.028969090909090906
-0.10416545454545453
0.08567454545454545
0.054240000000000003
-0.037598181818181815
0.10745272727272726
0.030818181818181814
-0.05300727272727272
0.08978363636363636
0.05773272727272727
-0.07827818181818182
0.028558181818181816
0.027120000000000002
-0.008423636363636364
0.09841272727272728
0.024654545454545453
0.03410545454545454
0.17402
0.00041090909090909085
-0.10991818181818182
0.04889818181818182
-0.01623090909090909
-0.05876
0.08546909090909091
-0.025476363636363634
0.02198363636363636
0.23586181818181817
0.08855090909090908
0.12532727272727273
0.14751636363636364
-0.0067800000000000004
0.1171090909090909
0.06225272727272727
-0.17011636363636362
-0.08279818181818181
0.09327636363636364
-0.09533090909090909
-0.06964909090909091
0.07971636363636364
-0.030407272727272724
0.16744545454545454
0.13005272727272726
-0.018696363636363636
0.042734545454545456
0.03616
0.042734545454545456
0.06101999999999999
0.08711272727272727
-0.010683636363636364
0.14936545454545455
0.06800545454545455
0.019312727272727273
0.20175636363636362
-0.10313818181818181
-0.028558181818181816
0.10519272727272726
-0.17525272727272728
-0.07129272727272727
0.12121818181818181
-0.06307454545454545
0.08300363636363636
0.13354545454545455
-0.1076581818181818
0.1035490909090909
0.15265272727272727
0.0006163636363636364
0.04787090909090909
-0.0226
-0.10334363636363636
0.10601454545454544
0.04622727272727272
-0.06553999999999999
0.19045636363636362
0.09389272727272728
-0.05485636363636363
0.17751272727272727
0.035954545454545454
-0.07663454545454546
0.13765454545454545
-0.04376181818181818
-0.03513272727272727
0.05855454545454545
-0.07581272727272727
0.07725090909090909
0.16210363636363637
-0.029996363636363634
0.06677272727272728
0.19230545454545456
0.0034927272727272728
0.14566727272727273
0.10272727272727272
-0.06307454545454545
0.14525636363636363
0.032872727272727276
-0.07704545454545454
0.06821090909090909
0.00041090909090909085
-0.11361636363636363
0.033489090909090906
-0.018696363636363636
-0.11875272727272726
0.06862181818181817
0.1370381818181818
0.07170363636363636
0.06266363636363637
0.06656727272727272
0.04417272727272727
0.09594727272727273
-0.055883636363636364
-0.048487272727272726
0.031229090909090908
-0.1088909090909091
-0.0024654545454545454
0.11793090909090909
0.008423636363636364
-0.007601818181818181
0.17196545454545456
0.08218181818181818
0.08731818181818181
0.08218181818181818
-0.002670909090909091
0.05547272727272727
-0.07971636363636364
-0.035749090909090904
0.05136363636363636
-0.001438181818181818
-0.0067800000000000004
0.09492
0.04211818181818182
-0.04930909090909091
0.07293636363636363
0.04314545454545454
-0.06964909090909091
-0.001849090909090909
0.02301090909090909
-0.05362363636363636
0.11977999999999998
0.035954545454545454
0.03985818181818182
0.17607454545454546
-0.07704545454545454
0.0727309090909091
0.12655999999999998
-0.06389636363636363
0.0727309090909091
0.08423636363636364
-0.05341818181818182
0.12512181818181817
0.07252545454545453
-0.055678181818181814
0.14977636363636362
0.05711636363636363
-0.01808
0.08444181818181817
0.06800545454545455
-0.09348181818181817
0.09533090909090909
0.10005636363636364
-0.08156545454545455
0.1586109090909091
0.08115454545454545
0.05855454545454545
0.20381090909090907
0.041707272727272725
-0.042529090909090905
0.14443454545454545
-0.061841818181818185
-0.08772909090909091
0.08916727272727272
-0.20196181818181816
-0.02013454545454545
0.13868181818181818
-0.03307818181818182
0.03307818181818182
0.05958181818181818
-0.027120000000000002
0.11423272727272726
0.11834181818181817
-0.10334363636363636
0.07992181818181819
0.07190909090909091
-0.06410181818181818
0.047665454545454546
0.014381818181818181
0.043556363636363636
0.2274381818181818
0.06348545454545454
0.02075090909090909
0.22682181818181818
0.004930909090909091
0.054034545454545446
0.09594727272727273
-0.07088181818181817
-0.031229090909090908
0.036776363636363635
-0.08464727272727272
-0.15203636363636364
0.0538290909090909
-0.13313454545454545
-0.0452
0.09430363636363637
-0.07293636363636363
0.07745636363636363
0.0538290909090909
0.02239454545454545
0.16169272727272727
0.08485272727272727
0.02301090909090909
0.0904
0.03739272727272727
-0.012532727272727272
0.042529090909090905
0.07314181818181818
-0.010889090909090909
0.0940981818181818
0.10950727272727273
0.005752727272727272
0.19004545454545455
0.038419999999999996
-0.0063690909090909084
0.09759090909090909
-0.04458363636363636
0.006163636363636363
0.06389636363636363
-0.03513272727272727
-0.0226
0.1415581818181818
0.012327272727272727
0.0727309090909091
0.18244363636363634
-0.0565
0.052390909090909085
0.18223818181818183
-0.1499818181818182
-0.08896181818181817
0.08834545454545455
-0.2136727272727273
-0.0113
0.05115818181818182
-0.10108363636363636
0.13087454545454547
0.11690363636363636
0.06800545454545455
0.1791563636363636
0.1528581818181818
0.0226
0.17833454545454544
0.07458
-0.11977999999999998
0.11669818181818181
-0.0741690909090909
-0.17360909090909088
0.09697454545454545
-0.0628690909090909
-0.05814363636363636
0.15203636363636364
-0.007396363636363636
0.012943636363636362
0.13334
0.0008218181818181817
0.07396363636363636
0.1415581818181818
-0.1088909090909091
0.06636181818181817
0.08855090909090908
-0.1744309090909091
0.07252545454545453
0.011094545454545454
-0.07889454545454545
0.12224545454545453
0.12532727272727273
-0.00041090909090909085
0.17710181818181817
0.1569672727272727
-0.006163636363636363
0.19127818181818182
-0.09574181818181818
-0.08403090909090909
0.07540181818181818
-0.16477454545454545
-0.055678181818181814
0.04376181818181818
-0.03698181818181818
0.08320909090909091
0.22682181818181818
0.13169636363636364
0.2034
0.17011636363636362
0.1035490909090909
0.13313454545454545
-0.030407272727272724
-0.08238727272727273
0.04150181818181818
-0.07745636363636363
-0.20771454545454546
0.11505454545454545
-0.01766909090909091
-0.051569090909090905
0.14669454545454544
-0.02527090909090909
0.030407272727272724
0.13190181818181818
0.03533818181818182
-0.0034927272727272728
0.12060181818181817
-0.10786363636363637
-0.012121818181818182
0.1035490909090909
-0.1713490909090909
0.04417272727272727
0.06964909090909091
-0.14566727272727273
0.030818181818181814
0.08423636363636364
-0.08444181818181817
0.15819999999999998
0.17771818181818183
0.005136363636363636
0.11793090909090909
0.1035490909090909
0.007396363636363636
0.0764290909090909
0.03903636363636363
-0.1397090909090909
0.10313818181818181
-0.017463636363636362
-0.14299636363636362
0.1758690909090909
0.013149090909090907
0.01849090909090909
0.15881636363636362
0.011916363636363636
-0.021778181818181818
-0.005341818181818182
-0.08834545454545455
-0.05958181818181818
0.08978363636363636
-0.003287272727272727
-0.017874545454545452
0.15676181818181817
0.006163636363636363
0.10560363636363636
0.3468072727272727
-0.03718727272727273
0.07458
0.18737454545454543
-0.12224545454545453
0.10252181818181817
0.03533818181818182
-0.0447890909090909
-0.02362727272727273
-0.06266363636363637
0.009656363636363637
0.03246181818181818
0.10190545454545454
-0.0020545454545454547
0.19518181818181818
0.06985454545454545
-0.10683636363636365
0.22086363636363635
0.07786727272727272
0.023832727272727273
0.17114363636363633
-0.02444909090909091
-0.09594727272727273
0.045816363636363634
-0.010478181818181819
-0.06163636363636363
-0.027530909090909092
0.005341818181818182
0.033694545454545456
0.04047454545454546
0.04663818181818182
0.15080363636363636
0.14669454545454544
-0.08711272727272727
0.11135636363636363
0.08526363636363636
-0.1586109090909091
0.01890181818181818
0.05937636363636363
0.009656363636363637
-0.05855454545454545
0.009656363636363637
0.19415454545454544
0.08978363636363636
0.010683636363636364
0.08793454545454545
0.0339
-0.03451636363636364
0.019312727272727273
0.07375818181818182
-0.10272727272727272
-0.06266363636363637
0.09923454545454545
0.006574545454545454
0.06944363636363636
0.01664181818181818
0.06533454545454545
0.14279090909090908
-0.05732181818181818
0.004314545454545455
0.07663454545454546
0.013765454545454546
-0.012943636363636362
0.0895781818181818
0.007807272727272727
-0.08896181818181817
0.15409090909090908
0.0063690909090909084
-0.029585454545454543
0.06718363636363636
-0.0447890909090909
0.07067636363636363
0.08238727272727273
0.10457636363636363
0.08177090909090909
0.08937272727272727
0.07108727272727272
0.03472181818181818
0.14381818181818182
-0.06636181818181817
-0.038625454545454546
0.10950727272727273
-0.06369090909090909
-0.055678181818181814
0.0452
0.041912727272727275
0.13785999999999998
0.09224909090909092
-0.006163636363636363
0.0904
0.08731818181818181
0.05013090909090909
0.05341818181818182
-0.02116181818181818
-0.13436727272727272
0.11854727272727272
0.09779636363636364
-0.14525636363636363
0.07006
0.03533818181818182
-0.014587272727272727
0.06697818181818181
-0.00041090909090909085
-0.001438181818181818
0.13231272727272728
0.0940981818181818
0.06389636363636363
0.1721709090909091
-0.04109090909090909
0.05814363636363636
0.25024363636363633
-0.10252181818181817
-0.13683272727272727
0.09861818181818181
-0.10108363636363636
-0.025065454545454544
0.054034545454545446
-0.11217818181818182
0.11649272727272726
0.09944
0.031023636363636364
0.13087454545454547
0.07047090909090908
-0.07108727272727272
0.1325181818181818
0.09718
-0.22476727272727273
0.06903272727272727
0.012943636363636362
-0.029585454545454543
0.21100181818181818
0.004314545454545455
0.05732181818181818
0.20648181818181818
-0.02670909090909091
0.0628690909090909
0.09615272727272728
-0.14628363636363637
-0.005958181818181818
0.04047454545454546
-0.03780363636363636
-0.045610909090909084
0.058349090909090906
0.01725818181818182
0.1103290909090909
0.18573090909090906
-0.04910363636363636
0.2075090909090909
0.11587636363636362
0.0069854545454545456
0.1370381818181818
-0.04684363636363636
-0.007601818181818181
0.08731818181818181
-0.028147272727272726
-0.09060545454545453
0.0226
-0.12101272727272726
-0.04314545454545454
0.0628690909090909
-0.08464727272727272
0.005958181818181818
0.1653909090909091
0.07293636363636363
0.04417272727272727
0.20463272727272727
-0.04540545454545454
0.0339
0.10190545454545454
-0.07519636363636363
0.007190909090909091
0.02609272727272727
0.0063690909090909084
0.04807636363636364
0.13621636363636364
-0.08177090909090909
0.08115454545454545
0.18244363636363634
-0.017463636363636362
0.031639999999999995
-0.0030818181818181817
0.014587272727272727
0.035954545454545454
0.01849090909090909
-0.040063636363636364
0.11115090909090909
0.02301090909090909
0.02198363636363636
0.24305272727272725
-0.049925454545454544
-0.01664181818181818
0.18223818181818183
-0.034310909090909086
-0.06821090909090909
0.07047090909090908
-0.02034
0.055061818181818184
0.06225272727272727
-0.055678181818181814
0.045610909090909084
0.014176363636363636
-0.02342181818181818
0.06903272727272727
0.11238363636363637
-0.06451272727272726
0.14587272727272727
0.17504727272727272
-0.11135636363636363
0.1723763636363636
0.009245454545454545
-0.06697818181818181
0.18121090909090906
-0.03800909090909091
0.02116181818181818
0.06677272727272728
-0.08629090909090908
0.05300727272727272
0.09081090909090908
-0.024243636363636363
0.036776363636363635
0.1569672727272727
0.01664181818181818
0.020545454545454544
0.16251454545454544
-0.08608545454545455
-0.015614545454545454
0.08341454545454545
-0.20319454545454546
-0.020956363636363638
0.10313818181818181
-0.05300727272727272
0.11772545454545454
0.06985454545454545
-0.11156181818181818
0.16046
0.09985090909090909
-0.034310909090909086
0.17052727272727272
-0.05526727272727273
0.011916363636363636
0.19025090909090905
-0.011505454545454544
0.06595090909090909
0.11115090909090909
0.08752363636363636
0.12799818181818182
0.11135636363636363
0.03698181818181818
0.057527272727272726
0.15532363636363636
-0.06677272727272728
-0.03533818181818182
0.08505818181818181
-0.17360909090909088
0.03800909090909091
0.03513272727272727
-0.16970545454545455
0.08115454545454545
0.03020181818181818
-0.002876363636363636
0.1125890909090909
0.0041090909090909095
0.004314545454545455
0.18799090909090907
0.07211454545454546
0.011094545454545454
0.15676181818181817
-0.008423636363636364
-0.020545454545454544
0.035954545454545454
-0.05444545454545455
-0.02034
0.03225636363636363
0.05198
0.0452
0.06615636363636364
0.05814363636363636
0.03410545454545454
0.043556363636363636
0.0008218181818181817
0.031229090909090908
0.07334727272727272
-0.06430727272727273
-0.00452
0.046432727272727264
-0.06697818181818181
0.09348181818181817
0.07848363636363635
-0.031845454545454545
0.08156545454545455
0.05218545454545454
-0.012738181818181817
0.03739272727272727
-0.03451636363636364
-0.11361636363636363
0.01705272727272727
0.00041090909090909085
-0.05300727272727272
0.13909272727272726
0.07909999999999999
0.013765454545454546
0.20401636363636363
0.08588
0.013765454545454546
0.22004181818181817
0.07848363636363635
-0.03944727272727273
0.09389272727272728
-0.0904
-0.031845454545454545
0.14669454545454544
-0.07437454545454546
0.02342181818181818
0.14854363636363635
-0.031845454545454545
0.09697454545454545
0.2274381818181818
-0.041707272727272725
0.027325454545454545
0.15121454545454543
-0.04232363636363636
0.10806909090909089
0.019107272727272726
-0.053212727272727266
0.11341090909090909
-0.027530909090909092
-0.04437818181818182
0.08012727272727273
0.05444545454545455
-0.06122545454545455
0.18963454545454544
0.08197636363636364
-0.03225636363636363
0.2274381818181818
-0.01766909090909091
0.05937636363636363
0.07540181818181818
-0.16724
-0.019312727272727273
0.03307818181818182
-0.1148490909090909
0.03780363636363636
0.1623090909090909
-0.032667272727272725
0.09985090909090909
0.16354181818181818
0.05711636363636363
0.07170363636363636
0.06040363636363636
-0.038625454545454546
-0.04437818181818182
-0.05033636363636364
-0.0990290909090909
0.05485636363636363
-0.0447890909090909
-0.028558181818181816
0.0805381818181818
-0.00020545454545454542
0.00041090909090909085
0.09101636363636363
0.1012890909090909
-0.030612727272727274
0.0
-0.034310909090909086
0.025887272727272724
0.02239454545454545
-0.03821454545454545
0.052390909090909085
0.006163636363636363
-0.06923818181818181
0.09656363636363637
0.17525272727272728
-0.07581272727272727
0.13190181818181818
0.17484181818181818
-0.00226
0.15655636363636363
0.10272727272727272
-0.0113
0.14402363636363635
0.11012363636363637
-0.16847272727272727
0.07088181818181817
0.0967690909090909
-0.09964545454545454
0.02650363636363636
0.05999272727272727
0.07088181818181817
0.14874909090909091
0.05691090909090909
-0.061841818181818185
0.15676181818181817
-0.0749909090909091
-0.11649272727272726
0.1686781818181818
-0.06759454545454545
-0.045816363636363634
0.12080727272727272
0.05629454545454545
0.09615272727272728
0.1723763636363636
0.038419999999999996
0.08300363636363636
0.014381818181818181
-0.05526727272727273
0.08855090909090908
-0.015819999999999997
-0.1216290909090909
0.048487272727272726
0.055883636363636364
-0.19436
0.17422545454545454
0.22949272727272724
-0.03513272727272727
0.13334
0.05896545454545454
0.00041090909090909085
0.07725090909090909
-0.055061818181818184
-0.038419999999999996
0.15388545454545455
-0.18675818181818182
-0.12286181818181818
0.19600363636363635
-0.07232
-0.047665454545454546
0.14381818181818182
0.010067272727272725
-0.05341818181818182
0.11649272727272726
0.027120000000000002
0.08731818181818181
0.10930181818181818
-0.03225636363636363
0.12265636363636362
-0.012943636363636362
-0.08320909090909091
0.12306727272727273
0.027530909090909092
-0.02198363636363636
0.13128545454545454
0.02362727272727273
0.028147272727272726
0.13806545454545455
0.014587272727272727
0.07334727272727272
0.0538290909090909
-0.07848363636363635
0.08033272727272728
0.09265999999999999
-0.06163636363636363
0.04889818181818182
0.09204363636363636
0.03143454545454545
0.09245454545454544
0.08896181818181817
0.09286545454545453
0.08259272727272728
-0.01849090909090909
-0.05896545454545454
0.04602181818181818
-0.08238727272727273
-0.08834545454545455
0.18285454545454544
-0.04622727272727272
-0.055061818181818184
0.14464
0.031845454545454545
0.05937636363636363
0.06204727272727273
0.015614545454545454
0.017874545454545452
0.037598181818181815
-0.03410545454545454
0.05937636363636363
0.20011272727272728
-0.0016436363636363634
0.054034545454545446
0.0990290909090909
-0.05218545454545454
0.07211454545454546
0.08793454545454545
-0.08382545454545455
-0.01808
0.04746
-0.05259636363636363
0.09081090909090908
0.14094181818181817
-0.0226
0.09738545454545454
0.09348181818181817
-0.07971636363636364
0.06882727272727272
0.008834545454545454
-0.062458181818181815
0.10827454545454546
-0.0805381818181818
-0.03533818181818182
0.14587272727272727
-0.04047454545454546
0.00041090909090909085
0.1682672727272727
-0.015819999999999997
-0.00904
0.19230545454545456
-0.01725818181818182
0.04622727272727272
0.12060181818181817
0.007807272727272727
0.1356
0.08670181818181817
-0.03903636363636363
0.05465090909090909
0.10149454545454545
-0.17155454545454543
-0.006574545454545454
0.030818181818181814
-0.1840872727272727
0.08279818181818181
0.03985818181818182
-0.010272727272727272
0.15840545454545454
0.09635818181818182
0.04376181818181818
0.17340363636363634
-0.008834545454545454
-0.03739272727272727
0.10663090909090908
-0.14484545454545456
-0.07067636363636363
0.0967690909090909
-0.04150181818181818
0.012943636363636362
0.2177818181818182
-0.028147272727272726
0.06471818181818181
0.17648545454545456
-0.040063636363636364
0.11423272727272726
-0.041912727272727275
-0.03410545454545454
0.11854727272727272
0.006574545454545454
-0.09081090909090908
0.10375454545454545
0.12142363636363637
-0.09081090909090908
0.18490909090909088
0.15347454545454545
0.0339
0.15224181818181817
0.06615636363636364
0.03246181818181818
0.08197636363636364
-0.06841636363636364
-0.0034927272727272728
0.05054181818181818
-0.16621272727272726
0.0012327272727272727
-0.02362727272727273
-0.10909636363636364
0.05896545454545454
0.15183090909090907
0.060609090909090904
0.08526363636363636
0.22805454545454545
0.033489090909090906
0.03533818181818182
0.08546909090909091
-0.028763636363636363
-0.04150181818181818
-0.028763636363636363
-0.05362363636363636
0.06492363636363636
0.05526727272727273
0.01890181818181818
0.17484181818181818
0.01766909090909091
0.03739272727272727
0.14135272727272727
0.008012727272727272
-0.08444181818181817
0.013765454545454546
-0.018696363636363636
-0.11977999999999998
0.02362727272727273
-0.02650363636363636
0.031023636363636364
0.08937272727272727
0.02218909090909091
0.047665454545454546
0.09512545454545453
-0.002876363636363636
0.01992909090909091
0.10601454545454544
-0.1528581818181818
0.05115818181818182
0.1483381818181818
-0.12984727272727273
0.029996363636363634
0.12121818181818181
-0.04930909090909091
-0.013765454545454546
0.0727309090909091
0.033694545454545456
0.10806909090909089
0.04540545454545454
0.050747272727272724
0.14936545454545455
-0.005958181818181818
-0.015614545454545454
0.20381090909090907
0.03739272727272727
-0.09471454545454545
0.15203636363636364
0.011094545454545454
0.007396363636363636
0.10991818181818182
0.010067272727272725
0.05732181818181818
0.08444181818181817
0.03554363636363636
0.1148490909090909
0.08485272727272727
-0.07519636363636363
0.14710545454545454
0.02403818181818182
-0.17956727272727271
0.04972
0.05608909090909091
-0.11279454545454545
0.0967690909090909
0.13929818181818182
-0.08505818181818181
0.17032181818181816
0.058349090909090906
0.008012727272727272
0.20011272727272728
-0.05136363636363636
-0.04150181818181818
0.10806909090909089
-0.04725454545454546
0.001849090909090909
0.1713490909090909
-0.06307454545454545
0.08731818181818181
0.22579454545454544
-0.01808
0.11813636363636362
0.15142
0.015203636363636362
0.01705272727272727
-0.00020545454545454542
-0.07704545454545454
0.005547272727272727
-0.027120000000000002
-0.10930181818181818
-0.02013454545454545
-0.07786727272727272
-0.06677272727272728
0.05814363636363636
0.010683636363636364
-0.041707272727272725
0.0895781818181818
0.06800545454545455
0.02568181818181818
0.113
0.1216290909090909
0.040885454545454544
0.06800545454545455
0.009656363636363637
-0.029996363636363634
0.08136
-0.07560727272727272
0.1088909090909091
0.19107272727272728
-0.07232
0.12655999999999998
0.09944
0.00020545454545454542
0.1193690909090909
0.007396363636363636
-0.007601818181818181
0.007396363636363636
-0.013354545454545456
-0.025887272727272724
0.04930909090909091
0.11197272727272727
-0.03657090909090909
0.09820727272727273
0.08485272727272727
-0.07601818181818182
0.15717272727272727
0.01849090909090909
-0.08403090909090909
0.07909999999999999
-0.10416545454545453
-0.08608545454545455
0.14176363636363634
0.03246181818181818
-0.023832727272727273
0.22928727272727273
0.06595090909090909
0.07540181818181818
0.28537636363636365
0.06307454545454545
0.1360109090909091
0.14299636363636362
-0.07745636363636363
0.045816363636363634
-0.01890181818181818
-0.1766909090909091
0.0678
-0.05300727272727272
-0.14237999999999998
0.08526363636363636
0.027120000000000002
-0.02218909090909091
0.1415581818181818
0.10642545454545453
-0.08814
0.18758
0.08423636363636364
-0.09122181818181817
0.08690727272727272
-0.08711272727272727
-0.02670909090909091
0.06430727272727273
-0.12532727272727273
-0.025065454545454544
0.16046
-0.037598181818181815
0.11793090909090909
0.22209636363636362
-0.03143454545454545
0.11977999999999998
0.05958181818181818
-0.10026181818181817
0.002670909090909091
-0.07232
-0.11854727272727272
0.08546909090909091
0.01664181818181818
0.017463636363636362
0.22702727272727272
0.18449818181818184
0.14566727272727273
0.1464890909090909
0.11115090909090909
0.005136363636363636
0.08629090909090908
-0.041707272727272725
-0.1586109090909091
0.039241818181818176
-0.08341454545454545
0.0
0.062458181818181815
-0.03307818181818182
0.12882
0.10827454545454546
0.008834545454545454
0.13868181818181818
0.13457272727272726
-0.03739272727272727
0.009656363636363637
0.07252545454545453
-0.04725454545454546
-0.026298181818181814
0.06615636363636364
-0.05485636363636363
0.003287272727272727
-0.01705272727272727
-0.031023636363636364
0.12080727272727272
0.02444909090909091
0.06348545454545454
0.14032545454545453
0.07170363636363636
-0.028763636363636363
0.14607818181818183
0.15635090909090907
-0.06389636363636363
0.09101636363636363
-0.029585454545454543
-0.12882
0.06636181818181817
-0.03698181818181818
0.0034927272727272728
0.1645690909090909
-0.058349090909090906
-0.028558181818181816
0.12265636363636362
-0.055883636363636364
-0.03718727272727273
0.0113
-0.1035490909090909
-0.05711636363636363
0.05876
-0.06101999999999999
0.12019090909090908
0.2097690909090909
-0.014176363636363636
0.19703090909090906
0.08320909090909091
-0.07232
0.10313818181818181
0.0805381818181818
-0.034310909090909086
-0.030612727272727274
-0.047665454545454546
-0.14012
0.06964909090909091
0.13190181818181818
-0.00020545454545454542
0.12902545454545453
0.09635818181818182
0.06225272727272727
0.23935454545454546
-0.008423636363636364
0.008218181818181819
0.2142890909090909
-0.07006
-0.02013454545454545
0.06656727272727272
-0.11135636363636363
-0.02013454545454545
0.13128545454545454
-0.0786890909090909
-0.017463636363636362
0.11875272727272726
-0.056705454545454545
0.17052727272727272
0.0918381818181818
-0.019518181818181816
0.12882
0.05136363636363636
0.1058090909090909
0.06882727272727272
-0.03985818181818182
0.0020545454545454547
0.09718
-0.004725454545454545
-0.007601818181818181
0.13909272727272726
0.005752727272727272
-0.02034
0.18737454545454543
-0.007396363636363636
-0.03513272727272727
0.12060181818181817
-0.06204727272727273
0.08670181818181817
-0.08279818181818181
-0.1499818181818182
0.18737454545454543
-0.030612727272727274
0.00945090909090909
0.14566727272727273
-0.038625454545454546
0.014792727272727272
0.06225272727272727
-0.032872727272727276
-0.01890181818181818
0.01623090909090909
-0.03944727272727273
-0.005958181818181818
0.09985090909090909
0.006574545454545454
-0.007396363636363636
0.11505454545454545
-0.01725818181818182
0.011916363636363636
0.0940981818181818
-0.04663818181818182
0.12450545454545454
0.14340727272727272
-0.044994545454545454
0.08156545454545455
0.06574545454545455
-0.04889818181818182
0.02609272727272727
0.07314181818181818
-0.06143090909090909
0.005958181818181818
0.1374490909090909
-0.016025454545454544
0.07663454545454546
0.06040363636363636
0.016025454545454544
0.18490909090909088
0.04047454545454546
-0.03739272727272727
0.12019090909090908
0.04807636363636364
-0.09019454545454544
0.11834181818181817
-0.005136363636363636
-0.08998909090909091
0.13169636363636364
-0.05136363636363636
-0.019312727272727273
0.11053454545454545
-0.041912727272727275
0.09594727272727273
0.20504363636363634
-0.14772181818181818
0.007396363636363636
0.1808
-0.02527090909090909
0.16128181818181817
0.09553636363636364
-0.006163636363636363
0.17381454545454544
0.04807636363636364
-0.10560363636363636
0.08772909090909091
-0.03698181818181818
-0.15799454545454544
0.05629454545454545
-0.12902545454545453
-0.12183454545454545
0.24223090909090908
0.08238727272727273
-0.07232
0.21983636363636364
0.04663818181818182
-0.008834545454545454
0.21346727272727273
-0.05547272727272727
-0.013354545454545456
0.07067636363636363
-0.18593636363636362
0.08382545454545455
0.1637472727272727
-0.16128181818181817
0.12655999999999998
0.19682545454545455
-0.04150181818181818
0.10416545454545453
0.01171090909090909
-0.10642545454545453
0.11587636363636362
0.04068
-0.1171090909090909
0.0805381818181818
0.0538290909090909
0.007190909090909091
0.16949999999999998
0.08464727272727272
0.031639999999999995
0.16888363636363635
0.04294
-0.012738181818181817
0.09923454545454545
-0.08567454545454545
0.0016436363636363634
0.06081454545454545
-0.1351890909090909
-0.016847272727272728
0.013560000000000001
-0.10313818181818181
0.010889090909090909
0.031845454545454545
-0.06841636363636364
0.1284090909090909
0.11320545454545454
0.050747272727272724
0.19312727272727273
0.048487272727272726
0.043556363636363636
0.1631309090909091
0.012532727272727272
-0.07807272727272727
0.0
-0.010683636363636364
-0.04458363636363636
-0.004930909090909091
0.06040363636363636
0.06451272727272726
0.07334727272727272
0.05218545454545454
0.04150181818181818
0.12450545454545454
-0.054240000000000003
-0.007807272727272727
0.11012363636363637
-0.10211090909090909
0.02403818181818182
0.09779636363636364
0.016847272727272728
0.07971636363636364
0.03636545454545455
0.02075090909090909
0.0741690909090909
0.040063636363636364
-0.007396363636363636
0.10437090909090908
0.05280181818181818
-0.10087818181818181
0.06677272727272728
0.06923818181818181
-0.060609090909090904
0.10190545454545454
0.03472181818181818
-0.05033636363636364
0.15902181818181815
0.04889818181818182
-0.02527090909090909
0.17176
0.030407272727272724
-0.01705272727272727
0.12265636363636362
-0.012121818181818182
0.060609090909090904
0.16847272727272727
-0.07437454545454546
-0.04150181818181818
0.09019454545454544
-0.10457636363636363
0.010889090909090909
0.08588
-0.08731818181818181
0.09224909090909092
0.13827090909090908
-0.03718727272727273
0.09923454545454545
0.05033636363636364
-0.12327272727272726
0.10293272727272727
-0.09019454545454544
-0.20812545454545453
0.13107999999999997
-0.033694545454545456
-0.08670181818181817
0.19333272727272727
0.07930545454545455
0.019723636363636363
0.21346727272727273
0.058349090909090906
-0.013765454545454546
0.038625454545454546
-0.031639999999999995
0.08423636363636364
0.04294
-0.05793818181818181
0.09492
0.17977272727272728
0.06040363636363636
0.10704181818181817
0.1495709090909091
0.02938
0.02342181818181818
0.01766909090909091
0.01992909090909091
-0.032872727272727276
-0.08608545454545455
-0.002670909090909091
0.06574545454545455
-0.11341090909090909
-0.06266363636363637
0.18018363636363635
-0.015409090909090907
0.038625454545454546
0.036776363636363635
0.0012327272727272727
0.14587272727272727
0.025065454545454544
0.1411472727272727
0.09718
0.040063636363636364
0.07211454545454546
0.02568181818181818
0.05773272727272727
-0.040063636363636364
0.07437454545454546
0.12758727272727272
-0.05054181818181818
0.09923454545454545
0.14751636363636364
-0.08772909090909091
0.10704181818181817
0.027941818181818182
-0.0940981818181818
0.04869272727272727
-0.056705454545454545
0.014792727272727272
-0.042529090909090905
-0.02650363636363636
0.012943636363636362
0.08341454545454545
0.07663454545454546
-0.09718
0.16210363636363637
0.00226
-0.12347818181818182
0.1479272727272727
-0.13888727272727272
-0.14032545454545453
0.1469
-0.038625454545454546
0.02486
0.16641818181818183
0.07375818181818182
0.17895090909090908
0.15409090909090908
0.062458181818181815
0.08485272727272727
0.07560727272727272
-0.0904
-0.041912727272727275
0.01890181818181818
-0.19867454545454544
0.10396
0.06964909090909091
-0.10067272727272727
0.2147
0.029174545454545453
-0.01992909090909091
0.18984
0.02362727272727273
0.011505454545454544
0.14669454545454544
-0.07704545454545454
-0.029174545454545453
0.19826363636363634
-0.07601818181818182
-0.07930545454545455
0.22764363636363635
-0.01705272727272727
-0.07807272727272727
0.21038545454545451
-0.05033636363636364
0.11156181818181818
0.24284727272727274
-0.10087818181818181
0.1356
0.1216290909090909
-0.08978363636363636
0.05773272727272727
-0.033489090909090906
-0.12655999999999998
0.08711272727272727
0.0016436363636363634
0.012121818181818182
0.18737454545454543
0.0990290909090909
0.19785272727272726
0.20689272727272728
0.021367272727272728
0.022805454545454542
0.1125890909090909
-0.07601818181818182
-0.10991818181818182
0.03225636363636363
-0.16929454545454545
-0.0749909090909091
0.11217818181818182
-0.06862181818181817
0.0452
0.1296418181818182
-0.03020181818181818
0.12676545454545454
0.012532727272727272
-0.15203636363636364
0.05773272727272727
0.06266363636363637
-0.09820727272727273
-0.021778181818181818
0.04787090909090909
-0.05259636363636363
0.12512181818181817
0.017874545454545452
-0.03739272727272727
0.11772545454545454
0.007190909090909091
0.02938
0.09759090909090909
0.07190909090909091
0.024654545454545453
0.15429636363636362
-0.00041090909090909085
0.011916363636363636
0.11793090909090909
-0.09204363636363636
-0.008218181818181819
0.04396727272727272
-0.09081090909090908
0.03944727272727273
0.2149054545454545
-0.09142727272727272
0.16847272727272727
0.18634727272727272
-0.17114363636363633
0.14340727272727272
0.028352727272727273
-0.09307090909090908
0.017874545454545452
-0.006574545454545454
-0.09512545454545453
0.08998909090909091
0.11731454545454545
0.05033636363636364
0.2504490909090909
0.05547272727272727
0.07149818181818181
0.15203636363636364
0.021778181818181818
-0.004725454545454545
0.06718363636363636
-0.044994545454545454
-0.08567454545454545
0.036776363636363635
-0.033489090909090906
0.09307090909090908
0.14032545454545453
0.04725454545454546
0.04930909090909091
0.18737454545454543
0.0113
-0.02301090909090909
0.12450545454545454
-0.0470490909090909
0.09348181818181817
-0.09348181818181817
-0.14874909090909091
0.08588
-0.04540545454545454
-0.01808
0.04725454545454546
-0.0447890909090909
0.010067272727272725
0.14299636363636362
0.05300727272727272
0.051569090909090905
0.13847636363636362
0.1216290909090909
-0.00226
0.045816363636363634
0.01623090909090909
-0.09779636363636364
0.02670909090909091
-0.03800909090909091
0.05691090909090909
0.012327272727272727
-0.06430727272727273
0.2120290909090909
0.09964545454545454
-0.03554363636363636
0.12429999999999998
0.03513272727272727
-0.09204363636363636
0.08403090909090909
-0.03821454545454545
-0.07129272727272727
0.0918381818181818
-0.08156545454545455
0.05526727272727273
0.16498
0.0012327272727272727
0.1193690909090909
0.13868181818181818
-0.03410545454545454
0.025476363636363634
0.051569090909090905
-0.04869272727272727
0.03780363636363636
0.0918381818181818
-0.05054181818181818
0.025476363636363634
0.09224909090909092
-0.031845454545454545
0.10375454545454545
0.04417272727272727
-0.08300363636363636
0.15532363636363636
0.10334363636363636
-0.035749090909090904
0.11608181818181817
0.0990290909090909
-0.001438181818181818
0.04889818181818182
-0.007601818181818181
-0.046432727272727264
0.051569090909090905
-0.02444909090909091
-0.05362363636363636
0.08814
0.0030818181818181817
0.008218181818181819
0.21983636363636364
0.08012727272727273
0.025887272727272724
0.09327636363636364
-0.01664181818181818
0.06266363636363637
0.04807636363636364
-0.08711272727272727
-0.00452
0.08649636363636364
-0.06266363636363637
-0.04787090909090909
0.1397090909090909
-0.028352727272727273
0.03739272727272727
0.14731090909090908
-0.1148490909090909
0.04930909090909091
0.11998545454545453
-0.05218545454545454
0.18737454545454543
0.09553636363636364
-0.09820727272727273
0.18347090909090907
0.053212727272727266
-0.06471818181818181
0.1415581818181818
-0.05814363636363636
-0.1088909090909091
0.08485272727272727
-0.04787090909090909
-0.034310909090909086
0.1306690909090909
0.02034
0.08937272727272727
0.13107999999999997
-0.05629454545454545
0.057527272727272726
0.12984727272727273
-0.07951090909090908
-0.05341818181818182
0.046432727272727264
-0.16415818181818181
0.05465090909090909
0.20278363636363633
-0.11217818181818182
0.17648545454545456
0.08177090909090909
-0.04602181818181818
0.2755145454545454
0.031023636363636364
-0.08094909090909091
0.05033636363636364
0.03985818181818182
-0.032667272727272725
0.029996363636363634
0.0041090909090909095
-0.0041090909090909095
0.18121090909090906
0.03698181818181818
-0.003698181818181818
0.13785999999999998
-0.010067272727272725
0.014792727272727272
0.10786363636363637
-0.10334363636363636
-0.029996363636363634
0.09327636363636364
0.001438181818181818
-0.0041090909090909095
-0.045610909090909084
-0.05280181818181818
-0.014176363636363636
0.05629454545454545
-0.01725818181818182
0.05773272727272727
0.1125890909090909
0.019107272727272726
0.2052490909090909
0.06163636363636363
-0.006574545454545454
0.19271636363636363
0.02403818181818182
-0.02979090909090909
0.06122545454545455
-0.042529090909090905
-0.009656363636363637
0.09368727272727272
0.013354545454545456
-0.019518181818181816
0.10087818181818181
0.07478545454545454
0.022805454545454542
0.10663090909090908
-0.0008218181818181817
-0.004930909090909091
0.034927272727272723
-0.06677272727272728
0.0030818181818181817
0.052390909090909085
0.02938
0.09861818181818181
0.10087818181818181
-0.06451272727272726
0.06677272727272728
0.09861818181818181
-0.06677272727272728
0.09553636363636364
-0.034927272727272723
-0.04376181818181818
0.12676545454545454
-0.08115454545454545
0.005752727272727272
0.12203999999999998
-0.11135636363636363
-0.012532727272727272
0.10272727272727272
-0.0339
0.05259636363636363
0.10231636363636364
-0.011505454545454544
0.03328363636363636
0.18614181818181816
0.00452
0.05465090909090909
0.17792363636363634
-0.07745636363636363
0.09101636363636363
0.05711636363636363
-0.12388909090909091
0.08012727272727273
0.029996363636363634
-0.09718
0.08937272727272727
0.053212727272727266
-0.040063636363636364
0.17176
0.02691454545454545
-0.07108727272727272
0.0904
-0.07745636363636363
-0.04910363636363636
0.16949999999999998
-0.1261490909090909
-0.0339
0.2564072727272727
-0.03636545454545455
0.038625454545454546
0.2549690909090909
0.045610909090909084
0.010889090909090909
0.15409090909090908
-0.027120000000000002
0.038419999999999996
0.05280181818181818
-0.0741690909090909
0.1631309090909091
0.02301090909090909
-0.006574545454545454
0.1935381818181818
0.12080727272727272
0.03903636363636363
0.10334363636363636
0.0565
-0.025476363636363634
0.08793454545454545
-0.049925454545454544
-0.054034545454545446
0.05814363636363636
-0.11074
-0.03903636363636363
0.02034
-0.16559636363636362
0.03328363636363636
0.0749909090909091
-0.15183090909090907
0.11443818181818181
0.07375818181818182
-0.054240000000000003
0.17484181818181818
0.08937272727272727
0.027120000000000002
0.10745272727272726
0.03636545454545455
-0.029585454545454543
0.05280181818181818
0.027120000000000002
-0.028147272727272726
0.08094909090909091
0.07663454545454546
-0.030612727272727274
0.13190181818181818
0.07149818181818181
-0.06841636363636364
0.15717272727272727
-0.051569090909090905
-0.0727309090909091
0.09019454545454544
-0.06759454545454545
-0.0041090909090909095
0.040885454545454544
0.006574545454545454
0.02157272727272727
0.07252545454545453
0.02444909090909091
0.04417272727272727
0.10334363636363636
-0.09019454545454544
-0.03698181818181818
0.1171090909090909
-0.08772909090909091
0.025476363636363634
0.16580181818181816
-0.03328363636363636
0.17648545454545456
0.21449454545454544
-0.0113
0.15265272727272727
0.1623090909090909
-0.017874545454545452
0.10498727272727272
-0.017463636363636362
-0.06101999999999999
0.12060181818181817
-0.044994545454545454
-0.09738545454545454
0.08218181818181818
0.0786890909090909
-0.11423272727272726
0.16949999999999998
0.02342181818181818
-0.09656363636363637
0.24346363636363635
-0.040885454545454544
0.038625454545454546
0.11690363636363636
-0.07663454545454546
0.033694545454545456
0.1058090909090909
-0.10848000000000001
-0.03020181818181818
0.11094545454545454
-0.16128181818181817
0.014587272727272727
0.16641818181818183
-0.032667272727272725
0.06122545454545455
0.15018727272727272
-0.07540181818181818
0.08998909090909091
0.014998181818181817
-0.09286545454545453
0.10272727272727272
-0.1573781818181818
0.035749090909090904
0.09964545454545454
0.006574545454545454
0.09307090909090908
0.22045272727272727
0.15039272727272726
0.05013090909090909
0.2116181818181818
-0.10991818181818182
0.04930909090909091
0.049925454545454544
-0.2301090909090909
-0.049925454545454544
-0.005341818181818182
-0.07581272727272727
0.05095272727272727
0.12060181818181817
-0.025065454545454544
0.16128181818181817
0.09594727272727273
0.05013090909090909
0.022805454545454542
0.013765454545454546
0.0678
0.012532727272727272
0.06122545454545455
-0.04376181818181818
0.12388909090909091
-0.01725818181818182
0.031229090909090908
0.13477818181818182
-0.07211454545454546
-0.006574545454545454
0.07088181818181817
0.10252181818181817
-0.0039036363636363635
0.10848000000000001
0.045610909090909084
0.12347818181818182
0.0727309090909091
-0.08136
0.12450545454545454
0.015409090909090907
-0.08855090909090908
0.053212727272727266
0.10827454545454546
-0.1495709090909091
0.07560727272727272
0.20093454545454545
-0.07478545454545454
0.030407272727272724
0.0039036363636363635
-0.1261490909090909
0.08136
0.03903636363636363
-0.18100545454545455
0.09985090909090909
0.013765454545454546
-0.030612727272727274
0.15039272727272726
0.10601454545454544
0.05547272727272727
0.09060545454545453
0.06451272727272726
-0.10827454545454546
0.10067272727272727
-0.07334727272727272
-0.03698181818181818
0.07930545454545455
-0.16477454545454545
0.07375818181818182
0.11341090909090909
0.08197636363636364
0.1610763636363636
0.08382545454545455
-0.015614545454545454
0.08814
0.006163636363636363
-0.02116181818181818
0.11238363636363637
-0.08752363636363636
-0.08156545454545455
0.09224909090909092
-0.031845454545454545
-0.11382181818181818
0.20915272727272727
0.002876363636363636
-0.09060545454545453
0.11156181818181818
-0.06697818181818181
0.16600727272727273
0.16066545454545456
0.02362727272727273
0.113
0.09759090909090909
0.02444909090909091
0.10334363636363636
0.09718
-0.09224909090909092
0.06553999999999999
0.08526363636363636
-0.021367272727272728
0.010067272727272725
0.09368727272727272
0.08259272727272728
0.08259272727272728
-0.03472181818181818
-0.06081454545454545
0.15018727272727272
-0.04663818181818182
0.00862909090909091
0.08382545454545455
-0.06307454545454545
-0.00904
0.11669818181818181
0.12368363636363637
0.055678181818181814
0.06143090909090909
-0.031023636363636364
0.06512909090909091
-0.043350909090909086
-0.1337509090909091
0.11834181818181817
0.038625454545454546
-0.12347818181818182
0.03698181818181818
0.045610909090909084
-0.03821454545454545
0.1962090909090909
0.12306727272727273
-0.017463636363636362
0.033489090909090906
-0.019518181818181816
0.02568181818181818
0.12861454545454545
0.03739272727272727
-0.027736363636363635
0.13190181818181818
-0.06143090909090909
-0.06903272727272727
0.09019454545454544
-0.0741690909090909
-0.02691454545454545
0.05259636363636363
-0.06759454545454545
-0.06101999999999999
0.1645690909090909
0.11526
0.07725090909090909
0.09985090909090909
-0.04889818181818182
0.04211818181818182
0.11977999999999998
0.02527090909090909
0.02218909090909091
0.04684363636363636
-0.03410545454545454
0.005136363636363636
0.10293272727272727
-0.032667272727272725
0.1058090909090909
0.13169636363636364
-0.13457272727272726
0.12738181818181818
0.01623090909090909
-0.06430727272727273
0.23976545454545453
0.047665454545454546
-0.033489090909090906
0.09615272727272728
0.11895818181818181
0.02075090909090909
0.08855090909090908
0.013354545454545456
-0.15265272727272727
0.03883090909090909
-0.05054181818181818
-0.08218181818181818
0.13169636363636364
-0.08238727272727273
0.07930545454545455
0.22230181818181818
-0.1469
0.13929818181818182
0.1871690909090909
-0.03205090909090909
0.05259636363636363
-0.00904
-0.06882727272727272
-0.016847272727272728
0.07704545454545454
0.004314545454545455
0.11094545454545454
0.038625454545454546
-0.008834545454545454
0.1999072727272727
0.038419999999999996
-0.024654545454545453
0.06677272727272728
-0.04068
-0.05629454545454545
0.09019454545454544
-0.004725454545454545
0.038419999999999996
0.10396
-0.002670909090909091
0.13724363636363635
0.10724727272727272
0.01664181818181818
0.09615272727272728
0.11341090909090909
-0.00041090909090909085
-0.023216363636363632
-0.012327272727272727
-0.04376181818181818
-0.01808
-0.03883090909090909
0.02034
-0.023832727272727273
-0.08711272727272727
0.0226
0.10806909090909089
0.008834545454545454
0.09389272727272728
0.22148
0.01664181818181818
0.0538290909090909
0.13272363636363635
0.017463636363636362
-0.007396363636363636
0.06677272727272728
-0.028969090909090906
-0.05958181818181818
0.05280181818181818
-0.00904
0.0749909090909091
0.0678
-0.032667272727272725
0.10560363636363636
0.09286545454545453
-0.08012727272727273
0.08238727272727273
0.05691090909090909
-0.09759090909090909
0.04314545454545454
-0.0016436363636363634
0.010889090909090909
0.11752
0.13272363636363635
-0.009861818181818182
0.06266363636363637
0.06204727272727273
-0.03903636363636363
0.1012890909090909
-0.13087454545454547
-0.05280181818181818
0.12594363636363634
-0.11217818181818182
-0.056705454545454545
0.20093454545454545
0.001849090909090909
0.012943636363636362
0.19497636363636361
-0.07190909090909091
0.053212727272727266
0.17504727272727272
0.08300363636363636
0.07026545454545453
0.07622363636363635
-0.04746
0.06492363636363636
0.1840872727272727
-0.0764290909090909
0.1419690909090909
0.07745636363636363
-0.14464
0.08423636363636364
0.06492363636363636
-0.09348181818181817
0.06122545454545455
0.08752363636363636
-0.05177454545454545
0.09019454545454544
-0.0012327272727272727
0.043350909090909086
0.1360109090909091
-0.10745272727272726
-0.07190909090909091
0.08074363636363636
-0.12101272727272726
-0.07149818181818181
0.2525036363636364
0.0069854545454545456
-0.021778181818181818
0.14381818181818182
0.05814363636363636
0.14566727272727273
0.07622363636363635
-0.05691090909090909
0.043556363636363636
0.027941818181818182
-0.05793818181818181
0.06759454545454545
0.0678
0.04047454545454546
0.12039636363636362
0.08793454545454545
0.03410545454545454
0.07663454545454546
0.06369090909090909
0.045610909090909084
0.02362727272727273
-0.14381818181818182
-0.05465090909090909
-0.004930909090909091
-0.11957454545454545
0.08300363636363636
0.06369090909090909
-0.14751636363636364
0.09718
0.12286181818181818
-0.040885454545454544
0.15614545454545453
0.04068
-0.026298181818181814
0.1454618181818182
0.06759454545454545
0.03307818181818182
0.09533090909090909
0.07437454545454546
-0.0339
0.08567454545454545
-0.03143454545454545
-0.05999272727272727
0.3110581818181818
0.027325454545454545
-0.049925454545454544
0.19148363636363636
-0.04150181818181818
0.06512909090909091
0.16600727272727273
-0.06451272727272726
-0.0020545454545454547
0.02342181818181818
-0.0565
-0.016436363636363638
0.09286545454545453
0.0041090909090909095
0.01992909090909091
0.18182727272727273
-0.06656727272727272
0.04211818181818182
0.14299636363636362
-0.09307090909090908
0.06656727272727272
-0.044994545454545454
-0.22045272727272727
0.07766181818181818
0.035749090909090904
-0.03143454545454545
0.2116181818181818
0.13025818181818183
0.025065454545454544
0.16641818181818183
0.13457272727272726
-0.0041090909090909095
0.13395636363636362
-0.05341818181818182
-0.17258181818181817
0.07478545454545454
-0.1678563636363636
-0.07889454545454545
0.1415581818181818
-0.07766181818181818
0.03143454545454545
0.17011636363636362
-0.04663818181818182
0.08670181818181817
0.21408363636363634
-0.07252545454545453
0.0628690909090909
0.04951454545454545
-0.14402363636363635
0.05937636363636363
0.1125890909090909
-0.11012363636363637
0.048487272727272726
0.09533090909090909
-0.11402727272727273
0.18799090909090907
0.03451636363636364
-0.009656363636363637
0.18860727272727273
0.07745636363636363
0.07786727272727272
0.02670909090909091
0.06204727272727273
-0.07396363636363636
0.05608909090909091
-0.02075090909090909
-0.0786890909090909
0.16210363636363637
-0.0041090909090909095
0.17360909090909088
0.16436363636363635
0.05896545454545454
0.24181999999999998
0.08320909090909091
-0.010272727272727272
0.10046727272727272
-0.03883090909090909
-0.08629090909090908
-0.02403818181818182
-0.08320909090909091
-0.08012727272727273
0.06656727272727272
0.09122181818181817
-0.0565
0.13868181818181818
0.09265999999999999
0.06882727272727272
0.10416545454545453
-0.06697818181818181
0.03533818181818182
0.0
0.002876363636363636
-0.01725818181818182
-0.02609272727272727
0.025887272727272724
0.024243636363636363
0.03225636363636363
-0.012532727272727272
0.005958181818181818
0.034310909090909086
0.06225272727272727
0.06944363636363636
0.037598181818181815
-0.013354545454545456
0.04109090909090909
0.04211818181818182
0.028969090909090906
0.02486
0.001849090909090909
-0.003287272727272727
-0.002670909090909091
-0.02650363636363636
-0.06512909090909091
0.12450545454545454
0.05136363636363636
0.013149090909090907
0.15121454545454543
0.00226
-0.049925454545454544
0.06348545454545454
0.03739272727272727
-0.10396
0.027736363636363635
-0.015409090909090907
-0.07067636363636363
0.16888363636363635
0.11998545454545453
0.043350909090909086
0.20360545454545456
0.1216290909090909
-0.012121818181818182
0.12738181818181818
-0.01808
0.0008218181818181817
0.04417272727272727
-0.08896181818181817
0.05095272727272727
0.07149818181818181
0.0006163636363636364
0.09450909090909092
0.20853636363636363
0.003287272727272727
0.06204727272727273
0.07766181818181818
-0.038419999999999996
0.07149818181818181
-0.07067636363636363
0.0030818181818181817
0.05691090909090909
-0.09450909090909092
-0.028763636363636363
0.12409454545454546
-0.06410181818181818
-0.04807636363636364
0.16148727272727273
-0.04725454545454546
0.019723636363636363
0.18326545454545454
0.05526727272727273
0.09553636363636364
0.16169272727272727
-0.02938
0.16641818181818183
0.0749909090909091
-0.17566363636363633
0.09841272727272728
-0.009656363636363637
-0.012121818181818182
0.04972
-0.03020181818181818
-0.0226
0.10642545454545453
0.10313818181818181
-0.01849090909090909
0.07026545454545453
-0.07889454545454545
0.07190909090909091
0.11341090909090909
-0.19723636363636363
-0.041912727272727275
0.06738909090909091
-0.047665454545454546
0.09553636363636364
0.1148490909090909
-0.030818181818181814
0.10950727272727273
0.059787272727272724
-0.04232363636363636
0.028558181818181816
0.03533818181818182
0.0034927272727272728
0.08362
0.05526727272727273
-0.08567454545454545
0.10663090909090908
0.07149818181818181
-0.0034927272727272728
0.1637472727272727
-0.03800909090909091
-0.07992181818181819
0.19826363636363634
0.06492363636363636
0.006574545454545454
0.1103290909090909
-0.015819999999999997
0.051569090909090905
0.06553999999999999
-0.05198
-0.06533454545454545
0.07909999999999999
-0.043350909090909086
-0.03780363636363636
0.14484545454545456
-0.1411472727272727
0.1360109090909091
0.2368890909090909
-0.05444545454545455
0.08752363636363636
0.10211090909090909
-0.03985818181818182
0.07375818181818182
0.11238363636363637
-0.14237999999999998
0.08403090909090909
0.01992909090909091
-0.08649636363636364
0.14874909090909091
-0.033694545454545456
0.0016436363636363634
0.2153163636363636
0.028558181818181816
-0.13231272727272728
0.1600490909090909
0.040885454545454544
0.013354545454545456
0.22312363636363636
-0.041707272727272725
-0.005958181818181818
0.12902545454545453
-0.03020181818181818
-0.0008218181818181817
0.10396
-0.16703454545454544
0.041912727272727275
0.1193690909090909
-0.20155090909090906
0.14279090909090908
0.1586109090909091
-0.02301090909090909
0.16559636363636362
0.08320909090909091
-0.17525272727272728
0.10704181818181817
0.08567454545454545
-0.19456545454545454
0.07458
-0.12183454545454545
-0.13785999999999998
0.2147
0.08197636363636364
0.007807272727272727
0.18860727272727273
0.05855454545454545
0.03616
0.24038181818181817
-0.08033272727272728
-0.015614545454545454
0.1325181818181818
-0.09163272727272727
0.02444909090909091
0.0727309090909091
-0.0063690909090909084
0.10950727272727273
0.09163272727272727
-0.06471818181818181
0.10313818181818181
0.05198
-0.014792727272727272
0.1103290909090909
-0.041707272727272725
-0.14936545454545455
0.009861818181818182
0.052390909090909085
-0.09019454545454544
0.02075090909090909
-0.08855090909090908
-0.0226
0.11752
-0.0764290909090909
0.16621272727272726
0.20401636363636363
-0.02527090909090909
0.08731818181818181
0.15347454545454545
-0.008834545454545454
0.02034
0.11074
-0.010889090909090909
-0.03513272727272727
-0.02444909090909091
-0.05526727272727273
0.06553999999999999
0.10437090909090908
0.012327272727272727
0.10971272727272725
0.05711636363636363
-0.02075090909090909
0.12142363636363637
0.05485636363636363
0.0067800000000000004
0.05547272727272727
-0.028352727272727273
-0.01725818181818182
0.06944363636363636
0.04437818181818182
0.04376181818181818
0.13107999999999997
0.07334727272727272
-0.0041090909090909095
0.08423636363636364
-0.02075090909090909
0.037598181818181815
0.113
-0.13046363636363634
0.011094545454545454
0.034927272727272723
-0.08834545454545455
0.06882727272727272
0.0749909090909091
-0.054034545454545446
0.04746
0.17997818181818181
-0.04068
0.06143090909090909
0.1676509090909091
-0.022805454545454542
0.1125890909090909
0.09779636363636364
-0.014381818181818181
0.0805381818181818
0.011094545454545454
-0.019723636363636363
0.07745636363636363
-0.10991818181818182
-0.07745636363636363
0.13025818181818183
-0.05115818181818182
-0.08711272727272727
0.07786727272727272
0.02938
0.008423636363636364
0.1012890909090909
-0.07375818181818182
-0.012532727272727272
0.08711272727272727
-0.1586109090909091
0.028558181818181816
0.09779636363636364
-0.025887272727272724
0.12676545454545454
0.08074363636363636
0.02157272727272727
0.17381454545454544
0.10950727272727273
-0.014381818181818181
0.07026545454545453
-0.023832727272727273
-0.0565
0.04602181818181818
-0.007601818181818181
0.05691090909090909
0.15080363636363636
0.01623090909090909
0.13005272727272726
0.2346290909090909
-0.017874545454545452
0.10313818181818181
0.12861454545454545
-0.07067636363636363
-0.006574545454545454
-0.02362727272727273
-0.07437454545454546
-0.014176363636363636
0.0
-0.06389636363636363
0.05177454545454545
0.028147272727272726
-0.04294
0.10231636363636364
0.021367272727272728
-0.018696363636363636
0.12450545454545454
0.08403090909090909
0.03554363636363636
0.14854363636363635
0.11628727272727273
0.016025454545454544
0.06738909090909091
0.05814363636363636
0.0226
0.06040363636363636
-0.023832727272727273
-0.001438181818181818
0.0678
-0.051569090909090905
0.0063690909090909084
0.055061818181818184
-0.08033272727272728
-0.01890181818181818
0.06903272727272727
-0.04746
0.002876363636363636
0.06903272727272727
-0.009656363636363637
0.07930545454545455
-0.02403818181818182
-0.05136363636363636
0.14525636363636363
0.05280181818181818
-0.08074363636363636
0.07458
0.040063636363636364
-0.24469636363636363
0.08444181818181817
0.08444181818181817
-0.17566363636363633
0.2120290909090909
0.10231636363636364
-0.011916363636363636
0.29441636363636364
0.09471454545454545
0.021778181818181818
0.19559272727272728
0.01705272727272727
-0.025887272727272724
0.010889090909090909
-0.10108363636363636
-0.05362363636363636
0.07560727272727272
-0.032667272727272725
-0.012327272727272727
0.18388181818181817
-0.04314545454545454
0.038625454545454546
0.20504363636363634
-0.045816363636363634
0.056705454545454545
0.16272
-0.02034
0.02157272727272727
0.06163636363636363
-0.04376181818181818
0.12265636363636362
-0.08444181818181817
-0.08814
0.19703090909090906
-0.09841272727272728
0.025476363636363634
0.20442727272727274
-0.008423636363636364
0.04622727272727272
0.15635090909090907
0.002670909090909091
0.009861818181818182
0.035749090909090904
-0.08074363636363636
-0.005136363636363636
0.008423636363636364
-0.02301090909090909
0.08937272727272727
0.14607818181818183
-0.01890181818181818
0.19497636363636361
0.20894727272727273
-0.045816363636363634
0.10560363636363636
-0.029996363636363634
-0.1306690909090909
-0.047665454545454546
-0.12121818181818181
-0.10745272727272726
0.021367272727272728
-0.1366272727272727
0.007190909090909091
0.19312727272727273
-0.023832727272727273
0.14012
0.17710181818181817
0.055883636363636364
-0.015819999999999997
0.09450909090909092
-0.016436363636363638
-0.03410545454545454
0.08526363636363636
-0.12779272727272725
0.12450545454545454
0.013560000000000001
-0.051569090909090905
0.0990290909090909
0.04869272727272727
-0.021778181818181818
0.04294
0.17258181818181817
-0.0918381818181818
0.15265272727272727
0.1284090909090909
-0.0030818181818181817
0.16806181818181817
0.05054181818181818
-0.06615636363636364
0.04150181818181818
0.09307090909090908
-0.10704181818181817
0.12039636363636362
-0.006574545454545454
0.04232363636363636
0.1464890909090909
-0.12553272727272727
0.0565
0.06204727272727273
-0.048487272727272726
-0.042734545454545456
0.11834181818181817
-0.07293636363636363
-0.06800545454545455
0.12512181818181817
0.014587272727272727
0.16128181818181817
0.18860727272727273
-0.027325454545454545
0.02301090909090909
0.17956727272727271
-0.07314181818181818
0.11238363636363637
-0.027530909090909092
-0.19230545454545456
0.12676545454545454
-0.13498363636363636
-0.01849090909090909
0.1682672727272727
0.06738909090909091
0.06430727272727273
0.1325181818181818
0.03513272727272727
-0.01992909090909091
0.07540181818181818
-0.06944363636363636
-0.05876
-0.0041090909090909095
-0.15388545454545455
-0.09450909090909092
0.07889454545454545
-0.059787272727272724
0.12553272727272727
0.09204363636363636
-0.09430363636363637
0.1479272727272727
0.025065454545454544
0.09060545454545453
0.19559272727272728
0.0470490909090909
0.043350909090909086
0.18778545454545456
0.07951090909090908
-0.07889454545454545
0.1292309090909091
0.026298181818181814
-0.036776363636363635
0.07725090909090909
-0.0940981818181818
0.002876363636363636
0.13847636363636362
-0.05136363636363636
0.05095272727272727
0.019518181818181816
-0.08341454545454545
0.14402363636363635
0.08094909090909091
-0.02301090909090909
0.030612727272727274
0.08546909090909091
0.08197636363636364
0.1370381818181818
0.07047090909090908
-0.05300727272727272
0.18162181818181816
0.02938
-0.14422909090909092
0.026298181818181814
-0.02650363636363636
-0.07170363636363636
0.02034
0.013560000000000001
-0.06985454545454545
0.08978363636363636
0.10704181818181817
0.08403090909090909
0.12265636363636362
-0.04294
0.05814363636363636
0.12779272727272725
-0.03307818181818182
-0.013560000000000001
0.10601454545454544
-0.03965272727272728
-0.01171090909090909
0.15039272727272726
-0.12820363636363635
-0.03800909090909091
0.09327636363636364
-0.07006
0.0006163636363636364
0.014176363636363636
0.0024654545454545454
0.0678
0.07314181818181818
0.040063636363636364
0.09594727272727273
0.05198
-0.00020545454545454542
0.15840545454545454
0.11957454545454545
-0.13498363636363636
0.10313818181818181
0.07601818181818182
-0.21079636363636362
0.08814
-0.028969090909090906
-0.028352727272727273
0.12717636363636362
-0.05362363636363636
0.008012727272727272
0.04129636363636364
0.025476363636363634
0.15183090909090907
0.20627636363636362
-0.055678181818181814
0.09615272727272728
0.20442727272727274
-0.029585454545454543
0.07683999999999999
0.07396363636363636
-0.10149454545454545
-0.05814363636363636
0.05485636363636363
-0.20401636363636363
0.02013454545454545
0.0805381818181818
-0.041912727272727275
0.26154363636363637
-0.07067636363636363
-0.03657090909090909
0.21305636363636363
0.01808
-0.016436363636363638
0.07540181818181818
-0.12738181818181818
-0.11587636363636362
0.1337509090909091
-0.012738181818181817
0.05362363636363636
0.1678563636363636
0.010067272727272725
0.08670181818181817
0.22908181818181816
-0.09779636363636364
0.09718
0.14751636363636364
-0.17689636363636363
0.06903272727272727
-0.05465090909090909
-0.007807272727272727
0.1088909090909091
0.07971636363636364
0.027530909090909092
0.030818181818181814
0.12553272727272727
-0.005547272727272727
0.08731818181818181
0.038419999999999996
-0.09348181818181817
-0.0039036363636363635
0.005752727272727272
-0.11320545454545454
0.07170363636363636
-0.07478545454545454
-0.1397090909090909
0.17854
-0.06512909090909091
0.05218545454545454
0.19970181818181817
0.07601818181818182
0.15429636363636362
0.14422909090909092
0.014998181818181817
0.029585454545454543
0.11402727272727273
0.022805454545454542
-0.03780363636363636
-0.05280181818181818
-0.07190909090909091
-0.05280181818181818
0.07683999999999999
-0.05218545454545454
0.06492363636363636
0.11854727272727272
-0.07581272727272727
0.15984363636363638
0.03225636363636363
-0.0226
0.12409454545454546
0.008012727272727272
-0.05444545454545455
0.05095272727272727
0.00226
0.045610909090909084
0.14381818181818182
-0.040063636363636364
0.037598181818181815
0.029585454545454543
-0.04047454545454546
0.017463636363636362
0.012943636363636362
-0.06944363636363636
0.018696363636363636
0.02239454545454545
-0.14772181818181818
0.11834181818181817
0.0918381818181818
-0.0470490909090909
0.12676545454545454
0.13457272727272726
0.04828181818181818
0.11176727272727273
0.10313818181818181
-0.007601818181818181
0.12799818181818182
0.028147272727272726
-0.0470490909090909
0.13231272727272728
0.005547272727272727
-0.06101999999999999
0.13272363636363635
-0.04417272727272727
-0.06821090909090909
0.13498363636363636
-0.0786890909090909
-0.025065454545454544
0.08855090909090908
-0.001849090909090909
0.06410181818181818
0.1216290909090909
-0.016847272727272728
0.02198363636363636
0.10539818181818181
-0.11074
0.05013090909090909
0.05937636363636363
-0.12943636363636363
0.13107999999999997
0.07971636363636364
-0.055883636363636364
0.2183981818181818
0.13683272727272727
0.02403818181818182
0.19107272727272728
-0.051569090909090905
-0.05876
0.10663090909090908
-0.08403090909090909
-0.033489090909090906
0.05198
-0.0786890909090909
0.09286545454545453
0.2177818181818182
-0.06759454545454545
0.07478545454545454
0.14977636363636362
-0.12984727272727273
0.04725454545454546
0.03903636363636363
-0.1284090909090909
0.0034927272727272728
-0.07786727272727272
-0.031639999999999995
0.07478545454545454
-0.08341454545454545
0.013149090909090907
0.07375818181818182
0.003287272727272727
0.00904
0.13046363636363634
0.06307454545454545
-0.017463636363636362
0.17710181818181817
-0.02301090909090909
0.04930909090909091
0.1600490909090909
-0.059170909090909087
0.09224909090909092
0.00452
-0.05999272727272727
0.15080363636363636
0.07663454545454546
0.0034927272727272728
0.09368727272727272
0.04437818181818182
-0.043350909090909086
0.029996363636363634
0.0339
-0.05711636363636363
-0.009656363636363637
0.02979090909090909
-0.10005636363636364
0.001438181818181818
0.10704181818181817
0.06307454545454545
0.1397090909090909
0.1058090909090909
0.01623090909090909
0.10087818181818181
0.09738545454545454
-0.05033636363636364
0.06656727272727272
-0.07560727272727272
-0.09224909090909092
0.09101636363636363
-0.025476363636363634
0.0904
0.1678563636363636
0.08731818181818181
0.029996363636363634
0.15758363636363634
0.09081090909090908
0.043350909090909086
0.08649636363636364
-0.14032545454545453
-0.08341454545454545
-0.017874545454545452
-0.12121818181818181
0.06451272727272726
0.12758727272727272
-0.09800181818181818
0.14895454545454545
0.12512181818181817
-0.11608181818181817
0.0895781818181818
0.05855454545454545
-0.023216363636363632
0.06204727272727273
-0.03944727272727273
-0.15224181818181817
0.05711636363636363
-0.014381818181818181
-0.07786727272727272
0.09718
-0.09224909090909092
-0.02486
0.23278000000000001
-0.015614545454545454
0.06307454545454545
0.22949272727272724
-0.07047090909090908
0.13128545454545454
0.061841818181818185
-0.09759090909090909
0.07786727272727272
-0.05198
-0.07108727272727272
0.015203636363636362
0.04663818181818182
-0.043350909090909086
0.22312363636363636
0.1921
-0.019518181818181816
0.23134181818181818
0.028147272727272726
0.008012727272727272
0.16148727272727273
-0.14813272727272728
-0.16991090909090908
0.0727309090909091
-0.07211454545454546
-0.034927272727272723
0.10437090909090908
0.03307818181818182
0.14340727272727272
0.11813636363636362
0.013560000000000001
0.07232
0.1623090909090909
-0.02034
0.05814363636363636
0.09081090909090908
-0.11772545454545454
0.09635818181818182
0.08731818181818181
-0.04232363636363636
0.09081090909090908
0.09348181818181817
-0.13087454545454547
0.09348181818181817
0.11998545454545453
-0.11854727272727272
0.15470727272727272
0.04109090909090909
-0.08115454545454545
0.10909636363636364
0.07458
-0.04910363636363636
0.04889818181818182
0.041707272727272725
-0.08855090909090908
0.054240000000000003
-0.008012727272727272
-0.017874545454545452
0.17052727272727272
-0.09800181818181818
-0.10252181818181817
0.20730363636363636
-0.1341618181818182
-0.11731454545454545
0.07601818181818182
-0.1088909090909091
-0.005547272727272727
0.0034927272727272728
-0.03698181818181818
0.07396363636363636
0.13436727272727272
0.050747272727272724
0.20196181818181816
0.12553272727272727
-0.12820363636363635
0.1994963636363636
0.10560363636363636
-0.1551181818181818
0.06656727272727272
-0.0113
-0.12779272727272725
0.0990290909090909
-0.00020545454545454542
0.013149090909090907
0.19025090909090905
-0.005136363636363636
0.04725454545454546
0.11053454545454545
-0.09533090909090909
-0.015203636363636362
0.1723763636363636
-0.13128545454545454
-0.05773272727272727
0.1296418181818182
-0.11341090909090909
0.10457636363636363
0.09101636363636363
0.014176363636363636
0.1370381818181818
0.07026545454545453
0.059170909090909087
0.12019090909090908
0.13087454545454547
-0.0016436363636363634
0.13847636363636362
0.05937636363636363
-0.1148490909090909
0.13909272727272726
0.01725818181818182
-0.07067636363636363
0.15840545454545454
-0.07766181818181818
0.017463636363636362
0.12183454545454545
-0.09245454545454544
0.1631309090909091
0.019107272727272726
-0.023832727272727273
0.09471454545454545
-0.055678181818181814
-0.023832727272727273
0.027530909090909092
0.052390909090909085
-0.06697818181818181
-0.023832727272727273
0.052390909090909085
0.02034
0.11156181818181818
0.1103290909090909
-0.025887272727272724
0.008012727272727272
0.005958181818181818
0.016847272727272728
0.07375818181818182
-0.15429636363636362
0.03718727272727273
0.13642181818181817
-0.13313454545454545
0.02198363636363636
0.11916363636363636
0.010067272727272725
0.04930909090909091
0.10786363636363637
0.014176363636363636
0.0034927272727272728
0.07478545454545454
0.059170909090909087
0.05855454545454545
-0.03739272727272727
-0.07971636363636364
0.10560363636363636
-0.03965272727272728
-0.07067636363636363
0.10108363636363636
-0.03143454545454545
0.004930909090909091
0.12553272727272727
0.05095272727272727
-0.043350909090909086
0.17196545454545456
0.10396
-0.042529090909090905
0.07170363636363636
-0.028147272727272726
0.054034545454545446
0.11628727272727273
-0.0008218181818181817
0.01992909090909091
0.02075090909090909
-0.06348545454545454
0.12532727272727273
0.1360109090909091
-0.09224909090909092
0.07026545454545453
0.13334
-0.09348181818181817
0.0339
0.11608181818181817
-0.043556363636363636
0.10231636363636364
0.02013454545454545
0.0006163636363636364
0.08731818181818181
0.010683636363636364
0.09820727272727273
0.10375454545454545
-0.05547272727272727
-0.1479272727272727
0.13498363636363636
0.010067272727272725
-0.08711272727272727
0.16477454545454545
-0.0020545454545454547
0.007601818181818181
0.14340727272727272
0.029585454545454543
0.0041090909090909095
0.08259272727272728
-0.12553272727272727
0.010272727272727272
0.033694545454545456
-0.1551181818181818
0.16970545454545455
0.07560727272727272
-0.018285454545454546
0.19415454545454544
0.11156181818181818
0.023832727272727273
0.18470363636363635
0.05999272727272727
-0.061841818181818185
0.06348545454545454
-0.10601454545454544
-0.06266363636363637
0.10478181818181817
-0.029174545454545453
-0.01725818181818182
0.1723763636363636
-0.020956363636363638
0.03513272727272727
0.19045636363636362
-0.11793090909090909
0.027120000000000002
0.1284090909090909
-0.14525636363636363
-0.06738909090909091
0.08012727272727273
-0.042529090909090905
0.022805454545454542
0.011916363636363636
-0.09574181818181818
0.04376181818181818
0.09656363636363637
0.06410181818181818
0.0741690909090909
0.08567454545454545
-0.048487272727272726
0.14772181818181818
0.11957454545454545
-0.10786363636363637
0.14402363636363635
0.06430727272727273
-0.06369090909090909
0.04232363636363636
-0.012532727272727272
-0.10745272727272726
0.030818181818181814
0.06821090909090909
0.003287272727272727
0.06944363636363636
0.019723636363636363
0.05629454545454545
0.14854363636363635
0.008834545454545454
-0.08711272727272727
0.15039272727272726
-0.005547272727272727
-0.06800545454545455
0.19251090909090907
-0.02979090909090909
0.03554363636363636
0.1296418181818182
0.007396363636363636
0.016847272727272728
0.04910363636363636
0.005547272727272727
-0.00945090909090909
0.06656727272727272
-0.06163636363636363
0.03246181818181818
0.07108727272727272
-0.03472181818181818
0.08197636363636364
0.06636181818181817
0.05341818181818182
0.19764727272727273
0.13683272727272727
-0.016436363636363638
0.08505818181818181
0.07848363636363635
-0.011916363636363636
0.09553636363636364
0.029585454545454543
-0.025887272727272724
0.07786727272727272
-0.0741690909090909
-0.013149090909090907
0.09019454545454544
-0.15676181818181817
-0.0226
0.07971636363636364
-0.12553272727272727
-0.0067800000000000004
0.14217454545454544
0.028763636363636363
0.0012327272727272727
0.041912727272727275
-0.044994545454545454
0.013560000000000001
0.04622727272727272
-0.05876
0.048487272727272726
0.035954545454545454
-0.029174545454545453
0.18511454545454545
0.08752363636363636
-0.010683636363636364
0.15306363636363635
0.021367272727272728
-0.07006
0.057527272727272726
0.008834545454545454
-0.08320909090909091
0.06636181818181817
0.0020545454545454547
0.08012727272727273
0.18901818181818184
0.03616
0.23093090909090908
0.09060545454545453
-0.08485272727272727
0.06081454545454545
-0.0113
-0.05793818181818181
-0.05793818181818181
-0.09060545454545453
-0.04232363636363636
0.028763636363636363
0.03965272727272728
0.027120000000000002
0.06923818181818181
0.06410181818181818
-0.011505454545454544
0.12820363636363635
-0.013765454545454546
0.03410545454545454
0.23134181818181818
-0.047665454545454546
0.14299636363636362
0.13642181818181817
-0.035954545454545454
0.12286181818181818
0.05691090909090909
0.005752727272727272
0.05958181818181818
0.07992181818181819
-0.01992909090909091
0.005136363636363636
0.04068
-0.0538290909090909
0.03780363636363636
0.06451272727272726
-0.05814363636363636
0.059787272727272724
0.0012327272727272727
-0.10046727272727272
0.10806909090909089
-0.0030818181818181817
-0.04663818181818182
0.1247109090909091
0.02116181818181818
-0.044994545454545454
0.08403090909090909
0.03965272727272728
-0.03410545454545454
0.0041090909090909095
-0.09820727272727273
-0.06944363636363636
0.06636181818181817
0.05033636363636364
0.06512909090909091
0.1826490909090909
0.07683999999999999
0.19559272727272728
0.21983636363636364
-0.1088909090909091
0.1483381818181818
0.056705454545454545
-0.2459290909090909
0.002876363636363636
-0.030612727272727274
-0.1999072727272727
0.048487272727272726
0.11443818181818181
-0.036776363636363635
0.16251454545454544
0.12655999999999998
0.03698181818181818
0.12183454545454545
0.052390909090909085
-0.03554363636363636
0.07232
-0.025887272727272724
-0.11793090909090909
0.19045636363636362
-0.08731818181818181
-0.04663818181818182
0.20196181818181816
-0.08362
0.09122181818181817
0.12902545454545453
-0.012327272727272727
0.12183454545454545
0.029585454545454543
0.09142727272727272
0.16703454545454544
-0.08423636363636364
0.022805454545454542
0.03739272727272727
-0.029585454545454543
-0.03554363636363636
0.060609090909090904
0.06451272727272726
-0.05773272727272727
0.2861981818181818
0.07026545454545453
0.03307818181818182
0.20997454545454544
-0.06307454545454545
0.059170909090909087
0.00041090909090909085
-0.14032545454545453
-0.052390909090909085
-0.13005272727272726
-0.11977999999999998
0.03246181818181818
0.0452
0.05773272727272727
0.1608709090909091
0.20648181818181818
0.016025454545454544
0.07930545454545455
0.09923454545454545
-0.07992181818181819
-0.02609272727272727
-0.14751636363636364
0.001849090909090909
-0.012327272727272727
-0.113
0.08012727272727273
0.08834545454545455
-0.02075090909090909
0.036776363636363635
0.1744309090909091
-0.018285454545454546
0.04068
0.10416545454545453
0.05773272727272727
-0.01705272727272727
0.03718727272727273
0.09101636363636363
0.02403818181818182
0.14731090909090908
-0.06410181818181818
0.037598181818181815
0.05855454545454545
-0.04746
0.10437090909090908
0.059787272727272724
-0.08177090909090909
0.014176363636363636
0.18347090909090907
-0.12388909090909091
-0.003287272727272727
0.07334727272727272
-0.01664181818181818
0.00041090909090909085
-0.07047090909090908
0.08937272727272727
0.1012890909090909
0.14135272727272727
0.09861818181818181
0.21182363636363635
0.06903272727272727
-0.05218545454545454
0.17566363636363633
0.04889818181818182
-0.027120000000000002
-0.0006163636363636364
-0.07211454545454546
-0.0990290909090909
0.0940981818181818
-0.031639999999999995
0.06225272727272727
0.1871690909090909
-0.009245454545454545
0.11546545454545454
0.11053454545454545
-0.07766181818181818
-0.023832727272727273
0.1341618181818182
-0.22415090909090907
-0.11793090909090909
0.03533818181818182
-0.11957454545454545
0.08567454545454545
0.05013090909090909
0.044994545454545454
0.05958181818181818
0.07519636363636363
0.04746
0.1569672727272727
0.039241818181818176
-0.02486
0.23257454545454545
-0.010478181818181819
-0.07170363636363636
0.10087818181818181
0.019518181818181816
-0.027736363636363635
0.06430727272727273
-0.08444181818181817
-0.0010272727272727274
0.06266363636363637
-0.01623090909090909
0.1125890909090909
-0.04910363636363636
-0.008834545454545454
0.12101272727272726
0.11423272727272726
-0.08218181818181818
0.008218181818181819
0.09759090909090909
-0.0967690909090909
0.11752
0.02527090909090909
0.037598181818181815
0.19970181818181817
0.05629454545454545
0.07293636363636363
0.04150181818181818
-0.09307090909090908
0.05547272727272727
0.04109090909090909
-0.07786727272727272
-0.006574545454545454
0.007807272727272727
0.1586109090909091
0.04602181818181818
0.0628690909090909
0.1415581818181818
0.04828181818181818
0.11053454545454545
-0.02403818181818182
0.058349090909090906
0.08341454545454545
-0.10991818181818182
0.06266363636363637
0.06512909090909091
-0.16929454545454545
0.04930909090909091
0.014998181818181817
-0.08526363636363636
0.1351890909090909
-0.05773272727272727
-0.036776363636363635
0.07971636363636364
0.03739272727272727
0.14710545454545454
0.10457636363636363
-0.01725818181818182
0.08875636363636363
0.16949999999999998
-0.019518181818181816
0.009861818181818182
0.1623090909090909
-0.1351890909090909
-0.1148490909090909
0.20175636363636362
-0.1803890909090909
-0.05280181818181818
0.19230545454545456
-0.11197272727272727
0.07478545454545454
0.06574545454545455
-0.04663818181818182
0.18121090909090906
0.0764290909090909
-0.05629454545454545
0.18223818181818183
0.08259272727272728
-0.04232363636363636
0.15984363636363638
0.05300727272727272
-0.10971272727272725
0.11176727272727273
0.04930909090909091
-0.11690363636363636
0.04684363636363636
-0.10149454545454545
0.05485636363636363
0.09081090909090908
-0.06553999999999999
0.08588
0.10334363636363636
0.014587272727272727
-0.001438181818181818
0.1808
-0.0904
0.007396363636363636
0.11875272727272726
-0.13457272727272726
0.0967690909090909
0.1306690909090909
0.004314545454545455
0.12512181818181817
0.12738181818181818
-0.015203636363636362
0.18182727272727273
0.04725454545454546
-0.04109090909090909
0.08259272727272728
-0.06369090909090909
-0.023216363636363632
0.04972
-0.00020545454545454542
0.003287272727272727
0.11690363636363636
-0.013970909090909091
0.06697818181818181
0.07458
-0.03965272727272728
0.00862909090909091
0.002876363636363636
-0.0069854545454545456
-0.06430727272727273
0.045816363636363634
-0.06841636363636364
0.09533090909090909
0.043556363636363636
-0.14320181818181818
0.17525272727272728
0.07745636363636363
-0.042529090909090905
0.12676545454545454
0.13231272727272728
0.0041090909090909095
0.12101272727272726
0.018696363636363636
0.08382545454545455
0.09430363636363637
-0.09841272727272728
0.05300727272727272
0.023832727272727273
-0.028558181818181816
-0.0565
0.09759090909090909
-0.06101999999999999
0.03020181818181818
0.20114
-0.033694545454545456
0.08855090909090908
0.09471454545454545
0.028352727272727273
-0.01766909090909091
0.08937272727272727
-0.03944727272727273
0.031229090909090908
0.0764290909090909
-0.13765454545454545
0.11464363636363636
0.04047454545454546
-0.06081454545454545
0.1125890909090909
0.08423636363636364
-0.1257381818181818
0.05773272727272727
0.05773272727272727
-0.04396727272727272
0.09964545454545454
-0.005136363636363636
0.005547272727272727
0.054034545454545446
0.1306690909090909
-0.02362727272727273
0.14505090909090906
0.09964545454545454
-0.07909999999999999
0.23401272727272723
-0.05341818181818182
-0.01664181818181818
0.16272
-0.04047454545454546
-0.0010272727272727274
0.11526
-0.05485636363636363
-0.029585454545454543
0.13847636363636362
-0.07725090909090909
-0.015409090909090907
-0.00452
-0.034927272727272723
0.11320545454545454
0.06225272727272727
-0.07293636363636363
0.11546545454545454
0.11012363636363637
-0.11526
0.12882
0.03985818181818182
-0.10868545454545453
0.08814
0.09019454545454544
-0.05896545454545454
0.10046727272727272
0.17052727272727272
0.13395636363636362
0.15943272727272728
-0.048487272727272726
0.1532690909090909
0.08505818181818181
-0.1360109090909091
0.027941818181818182
0.007396363636363636
-0.05608909090909091
0.052390909090909085
0.1586109090909091
-0.002670909090909091
0.0990290909090909
0.20689272727272728
0.059787272727272724
0.03965272727272728
-0.0452
0.0039036363636363635
0.04376181818181818
-0.17360909090909088
-0.07334727272727272
0.07519636363636363
-0.1247109090909091
0.00862909090909091
0.08731818181818181
-0.018696363636363636
0.02198363636363636
0.03821454545454545
0.08793454545454545
-0.04458363636363636
0.029585454545454543
0.07951090909090908
0.06821090909090909
0.17196545454545456
-0.008423636363636364
0.07047090909090908
0.06944363636363636
-0.059170909090909087
0.17525272727272728
0.020545454545454544
-0.09718
0.13005272727272726
0.03821454545454545
-0.06266363636363637
0.031845454545454545
0.06410181818181818
-0.05198
0.017874545454545452
0.014998181818181817
-0.1103290909090909
0.08505818181818181
0.03636545454545455
-0.1012890909090909
0.13436727272727272
0.03903636363636363
0.019723636363636363
0.26072181818181817
-0.003287272727272727
0.01808
0.16888363636363635
-0.12327272727272726
-0.05629454545454545
0.13909272727272726
-0.021778181818181818
-0.015203636363636362
0.13477818181818182
0.044994545454545454
0.16744545454545454
0.2301090909090909
-0.005547272727272727
0.1555290909090909
0.18860727272727273
-0.14381818181818182
0.034310909090909086
0.08505818181818181
-0.1871690909090909
0.04068
0.019723636363636363
-0.06636181818181817
0.13128545454545454
0.03616
0.07314181818181818
0.13621636363636364
-0.09245454545454544
-0.03903636363636363
0.1577890909090909
-0.08341454545454545
-0.08259272727272728
0.1017
-0.08526363636363636
-0.06451272727272726
0.09964545454545454
-0.010478181818181819
0.054034545454545446
0.12429999999999998
-0.05362363636363636
0.12121818181818181
0.05465090909090909
-0.005547272727272727
0.17854
-0.014381818181818181
-0.04930909090909091
0.09882363636363636
-0.003698181818181818
-0.1454618181818182
0.09265999999999999
-0.03307818181818182
-0.09245454545454544
0.14525636363636363
0.031023636363636364
0.09101636363636363
0.14053090909090907
0.06163636363636363
0.07006
0.1329290909090909
-0.12306727272727273
-0.005136363636363636
0.001438181818181818
-0.19312727272727273
0.06944363636363636
-0.11074
0.06430727272727273
0.1193690909090909
0.09101636363636363
0.12717636363636362
0.0678
0.21264545454545453
-0.041912727272727275
0.11238363636363637
0.01705272727272727
-0.06553999999999999
0.14073636363636363
-0.0895781818181818
0.014176363636363636
0.12799818181818182
-0.032872727272727276
0.06451272727272726
0.1962090909090909
-0.010067272727272725
0.0041090909090909095
0.09163272727272727
0.03965272727272728
-0.016847272727272728
0.07088181818181817
0.06944363636363636
0.002670909090909091
0.13806545454545455
-0.05198
0.13190181818181818
0.10704181818181817
-0.09820727272727273
0.12717636363636362
-0.012121818181818182
-0.09286545454545453
0.09224909090909092
0.13991454545454546
-0.13498363636363636
-0.02403818181818182
0.05300727272727272
-0.1766909090909091
0.05033636363636364
0.0012327272727272727
-0.13827090909090908
0.09389272727272728
-0.03718727272727273
0.01992909090909091
0.2979090909090909
0.03307818181818182
0.10868545454545453
0.24839454545454545
-0.03657090909090909
0.0020545454545454547
0.12183454545454545
-0.039241818181818176
-0.09430363636363637
0.033694545454545456
-0.1600490909090909
-0.11464363636363636
0.15409090909090908
0.055061818181818184
0.08156545454545455
0.1125890909090909
-0.06903272727272727
0.00904
0.12676545454545454
-0.07889454545454545
0.0069854545454545456
-0.015203636363636362
-0.14977636363636362
0.06451272727272726
-0.008423636363636364
-0.00904
0.21038545454545451
0.05937636363636363
0.049925454545454544
0.17340363636363634
0.07026545454545453
0.13128545454545454
0.09122181818181817
0.035954545454545454
0.07601818181818182
0.08177090909090909
0.025887272727272724
0.05259636363636363
0.14936545454545455
-0.12265636363636362
-0.02527090909090909
0.11074
-0.08546909090909091
0.07006
0.0339
-0.028352727272727273
0.10663090909090908
0.031845454545454545
0.030612727272727274
0.0805381818181818
0.027941818181818182
0.006574545454545454
0.015409090909090907
-0.012532727272727272
-0.07478545454545454
0.15203636363636364
0.15183090909090907
0.005547272727272727
0.13395636363636362
-0.03246181818181818
0.07745636363636363
0.10930181818181818
-0.061841818181818185
0.05896545454545454
-0.06841636363636364
-0.043556363636363636
0.08793454545454545
-0.014998181818181817
0.004725454545454545
0.0727309090909091
0.07047090909090908
0.04232363636363636
0.03205090909090909
0.03718727272727273
0.03821454545454545
0.11238363636363637
-0.04294
-0.09512545454545453
0.04787090909090909
-0.04458363636363636
-0.011505454545454544
0.03985818181818182
-0.08259272727272728
-0.06738909090909091
0.1366272727272727
0.04458363636363636
0.019312727272727273
0.14587272727272727
-0.0226
0.11813636363636362
0.19682545454545455
-0.011505454545454544
0.02527090909090909
0.07252545454545453
-0.08485272727272727
0.03636545454545455
0.012532727272727272
-0.11341090909090909
0.13190181818181818
-0.03513272727272727
-0.03965272727272728
0.09615272727272728
0.15758363636363634
0.005752727272727272
-0.014792727272727272
0.23401272727272723
-0.12080727272727272
0.06985454545454545
0.10005636363636364
-0.04828181818181818
0.22908181818181816
-0.003698181818181818
-0.005752727272727272
0.21408363636363634
-0.014176363636363636
-0.052390909090909085
0.13477818181818182
-0.14361272727272725
-0.05691090909090909
0.07334727272727272
-0.1532690909090909
0.009656363636363637
0.11238363636363637
-0.012738181818181817
0.07190909090909091
0.11402727272727273
-0.0940981818181818
0.12060181818181817
0.10005636363636364
-0.1292309090909091
0.1296418181818182
0.08382545454545455
0.00904
0.20504363636363634
0.11546545454545454
-0.018285454545454546
0.23380727272727272
0.08588
-0.11443818181818181
0.11176727272727273
-0.07889454545454545
-0.1296418181818182
0.01849090909090909
-0.0741690909090909
-0.00904
0.10642545454545453
-0.02116181818181818
0.12450545454545454
0.21922
-0.08033272727272728
0.11074
0.13950363636363636
-0.15142
0.032667272727272725
-0.03636545454545455
-0.1499818181818182
0.1337509090909091
0.013149090909090907
-0.03616
0.06656727272727272
-0.006163636363636363
0.04047454545454546
0.059787272727272724
0.06944363636363636
0.0006163636363636364
0.1645690909090909
0.029585454545454543
-0.13005272727272726
0.20648181818181818
-0.014381818181818181
-0.04150181818181818
0.17463636363636362
-0.03739272727272727
-0.047665454545454546
0.031229090909090908
-0.07971636363636364
0.036776363636363635
0.13991454545454546
-0.06636181818181817
0.08156545454545455
0.13950363636363636
-0.11012363636363637
0.05444545454545455
0.14977636363636362
-0.12224545454545453
0.027736363636363635
0.13231272727272728
-0.09697454545454545
0.06574545454545455
0.09882363636363636
0.013765454545454546
0.09348181818181817
0.013354545454545456
-0.09224909090909092
0.10190545454545454
0.0628690909090909
-0.1744309090909091
0.11156181818181818
0.025887272727272724
-0.08814
0.18593636363636362
0.02218909090909091
0.015614545454545454
0.22250727272727272
0.06800545454545455
0.06204727272727273
0.17771818181818183
-0.0067800000000000004
0.031639999999999995
0.06595090909090909
-0.060609090909090904
0.07375818181818182
0.10704181818181817
-0.04396727272727272
0.05547272727272727
0.1088909090909091
-0.1261490909090909
0.01664181818181818
0.08978363636363636
-0.1341618181818182
0.04376181818181818
0.08649636363636364
-0.05896545454545454
0.08629090909090908
0.07006
-0.0067800000000000004
0.11834181818181817
-0.023216363636363632
-0.06369090909090909
0.08012727272727273
-0.0565
0.011094545454545454
0.15306363636363635
0.01766909090909091
0.01705272727272727
0.11957454545454545
0.08526363636363636
0.07396363636363636
0.03020181818181818
-0.06389636363636363
0.02609272727272727
-0.0447890909090909
-0.12388909090909091
0.09163272727272727
-0.0113
0.043350909090909086
0.24675090909090908
0.07458
0.07396363636363636
0.1017
0.01705272727272727
-0.031845454545454545
-0.07006
-0.11012363636363637
-0.05218545454545454
-0.06821090909090909
-0.1479272727272727
0.04807636363636364
0.1296418181818182
-0.01705272727272727
0.10211090909090909
0.14710545454545454
-0.024654545454545453
0.11546545454545454
0.05465090909090909
-0.004930909090909091
0.17792363636363634
-0.0020545454545454547
0.038419999999999996
0.14751636363636364
-0.03513272727272727
0.057527272727272726
0.15121454545454543
0.0016436363636363634
0.03410545454545454
0.10211090909090909
-0.049925454545454544
-0.009656363636363637
0.11587636363636362
0.02218909090909091
-0.04314545454545454
0.11320545454545454
0.004930909090909091
-0.09718
0.14073636363636363
-0.06677272727272728
-0.010889090909090909
0.19559272727272728
-0.0628690909090909
0.10108363636363636
0.1865527272727273
0.014792727272727272
0.09615272727272728
0.02938
-0.08403090909090909
-0.013560000000000001
0.029996363636363634
-0.12429999999999998
-0.015203636363636362
0.10375454545454545
-0.07211454545454546
0.18511454545454545
0.20442727272727274
0.028763636363636363
0.22148
0.10211090909090909
0.005958181818181818
0.028558181818181816
-0.16559636363636362
-0.1341618181818182
-0.017874545454545452
-0.16847272727272727
-0.12409454545454546
0.1653909090909091
0.03985818181818182
-0.05054181818181818
0.27346
0.04725454545454546
-0.08608545454545455
0.24387454545454545
-0.04869272727272727
-0.03944727272727273
0.04746
-0.16189818181818183
0.10067272727272727
0.03533818181818182
-0.14320181818181818
0.019518181818181816
0.13313454545454545
-0.012121818181818182
0.045610909090909084
0.1935381818181818
0.007396363636363636
0.17155454545454543
0.22702727272727272
-0.0226
0.05033636363636364
0.03636545454545455
-0.02691454545454545
0.047665454545454546
-0.12943636363636363
-0.03883090909090909
0.12060181818181817
-0.023832727272727273
0.10190545454545454
0.2181927272727273
0.13190181818181818
0.05013090909090909
0.20874181818181817
0.001438181818181818
-0.11854727272727272
0.06636181818181817
-0.20011272727272728
-0.050747272727272724
-0.03246181818181818
-0.13498363636363636
0.15162545454545454
0.0967690909090909
0.045816363636363634
0.19929090909090907
0.12820363636363635
-0.007396363636363636
0.08136
0.05444545454545455
-0.10396
-0.054240000000000003
0.055883636363636364
-0.062458181818181815
0.028763636363636363
0.04828181818181818
-0.06615636363636364
0.13313454545454545
-0.00452
0.012943636363636362
0.13005272727272726
-0.06697818181818181
0.042734545454545456
0.11895818181818181
-0.08752363636363636
0.04437818181818182
0.17340363636363634
-0.032667272727272725
0.06122545454545455
0.057527272727272726
-0.08896181818181817
-0.061841818181818185
0.00452
-0.030818181818181814
0.0041090909090909095
0.05115818181818182
-0.042529090909090905
0.18614181818181816
0.03513272727272727
-0.10930181818181818
0.12882
-0.033694545454545456
-0.06718363636363636
0.11402727272727273
-0.04746
-0.0402690909090909
0.29133454545454546
0.08649636363636364
0.11361636363636363
0.24120363636363634
0.03225636363636363
0.1035490909090909
0.07560727272727272
-0.00226
0.05485636363636363
0.029585454545454543
-0.2714054545454545
0.019723636363636363
0.10827454545454546
-0.2052490909090909
0.20771454545454546
0.13107999999999997
-0.042734545454545456
0.1125890909090909
0.02013454545454545
-0.07581272727272727
0.06204727272727273
0.021367272727272728
-0.06143090909090909
0.08546909090909091
-0.13498363636363636
-0.02691454545454545
0.1577890909090909
-0.03821454545454545
0.05793818181818181
0.17381454545454544
-0.011505454545454544
0.12060181818181817
0.18758
-0.05526727272727273
0.18223818181818183
0.12532727272727273
-0.05691090909090909
0.07437454545454546
-0.01623090909090909
-0.08197636363636364
0.017874545454545452
-0.03739272727272727
-0.09985090909090909
0.06821090909090909
-0.038625454545454546
-0.017463636363636362
0.18860727272727273
-0.05300727272727272
0.013149090909090907
0.20894727272727273
-0.07355272727272727
-0.005547272727272727
0.03636545454545455
-0.16189818181818183
0.10416545454545453
0.03698181818181818
-0.05793818181818181
0.21018
0.08074363636363636
0.013354545454545456
0.09800181818181818
0.02218909090909091
-0.044994545454545454
0.09944
0.08177090909090909
-0.12697090909090908
0.06923818181818181
0.07683999999999999
0.019107272727272726
0.17176
-0.017463636363636362
-0.028763636363636363
0.12882
-0.00452
0.0006163636363636364
0.1397090909090909
-0.06759454545454545
-0.0113
0.17073272727272726
-0.07375818181818182
-0.024654545454545453
0.12183454545454545
-0.010067272727272725
-0.039241818181818176
0.0020545454545454547
-0.049925454545454544
0.03636545454545455
0.027736363636363635
0.010067272727272725
0.1356
0.09759090909090909
0.04150181818181818
0.17484181818181818
0.16292545454545454
-0.1808
0.10334363636363636
0.12902545454545453
-0.2183981818181818
0.07971636363636364
-0.02013454545454545
-0.17504727272727272
0.11217818181818182
0.11156181818181818
-0.07170363636363636
0.13477818181818182
0.08362
0.00945090909090909
0.1495709090909091
-0.06307454545454545
0.08608545454545455
0.16744545454545454
-0.10108363636363636
0.02568181818181818
0.18860727272727273
-0.08608545454545455
-0.02979090909090909
0.14587272727272727
-0.09081090909090908
-0.11977999999999998
0.013970909090909091
0.018696363636363636
0.05136363636363636
0.10272727272727272
-0.05547272727272727
0.18141636363636363
0.10067272727272727
-0.10806909090909089
0.2296981818181818
-0.056705454545454545
-0.13477818181818182
0.16498
-0.010478181818181819
-0.08670181818181817
0.22723272727272725
0.11567090909090909
0.0030818181818181817
0.1962090909090909
0.0565
0.09635818181818182
0.11320545454545454
-0.09574181818181818
-0.042734545454545456
0.04150181818181818
-0.17093818181818182
-0.017874545454545452
0.1103290909090909
-0.018285454545454546
0.08834545454545455
0.08711272727272727
0.05608909090909091
0.05608909090909091
0.13683272727272727
-0.05876
0.015409090909090907
0.04828181818181818
-0.14628363636363637
0.07951090909090908
0.0069854545454545456
-0.010272727272727272
0.015203636363636362
-0.002876363636363636
-0.059170909090909087
0.0039036363636363635
0.07519636363636363
0.03246181818181818
0.11895818181818181
0.010272727272727272
0.10067272727272727
0.07170363636363636
0.004314545454545455
0.039241818181818176
0.06759454545454545
-0.010889090909090909
-0.09594727272727273
0.03246181818181818
-0.015203636363636362
0.0470490909090909
0.03020181818181818
0.035954545454545454
0.12224545454545453
0.15943272727272728
0.04150181818181818
0.048487272727272726
0.10149454545454545
-0.10498727272727272
0.057527272727272726
-0.035954545454545454
-0.10786363636363637
0.0749909090909091
0.019518181818181816
0.006163636363636363
0.060609090909090904
0.07211454545454546
0.06759454545454545
0.08752363636363636
-0.035749090909090904
0.058349090909090906
0.11135636363636363
-0.08197636363636364
-0.02568181818181818
0.1727872727272727
-0.02198363636363636
-0.05300727272727272
0.23976545454545453
0.028763636363636363
0.10108363636363636
0.16169272727272727
-0.03883090909090909
0.13087454545454547
0.05526727272727273
-0.09348181818181817
0.09101636363636363
0.042734545454545456
-0.10396
0.15018727272727272
0.013560000000000001
-0.15799454545454544
0.11094545454545454
-0.013560000000000001
-0.1360109090909091
0.09615272727272728
0.04828181818181818
-0.07006
0.1337509090909091
0.034927272727272723
0.02444909090909091
0.14012
-0.09800181818181818
-0.012327272727272727
0.08731818181818181
-0.08177090909090909
0.03246181818181818
0.12532727272727273
-0.028352727272727273
0.13991454545454546
0.11156181818181818
0.003698181818181818
0.23134181818181818
0.07190909090909091
-0.03718727272727273
0.04663818181818182
-0.09738545454545454
-0.12697090909090908
0.08136
-0.040063636363636364
-0.04068
0.20442727272727274
0.030612727272727274
0.11443818181818181
0.19744181818181816
0.020545454545454544
0.09594727272727273
0.04068
-0.08937272727272727
-0.032667272727272725
-0.0452
-0.08403090909090909
-0.04109090909090909
0.009656363636363637
0.02116181818181818
0.08937272727272727
0.09081090909090908
-0.049925454545454544
0.1415581818181818
0.1360109090909091
-0.06985454545454545
0.14381818181818182
0.05855454545454545
0.0020545454545454547
0.1962090909090909
-0.015203636363636362
-0.04314545454545454
0.09635818181818182
-0.02670909090909091
-0.003287272727272727
0.05999272727272727
-0.03821454545454545
0.023832727272727273
0.09081090909090908
-0.05136363636363636
-0.013354545454545456
0.03472181818181818
-0.1076581818181818
0.03246181818181818
0.10498727272727272
-0.05115818181818182
-0.0020545454545454547
0.08259272727272728
-0.02486
0.025476363636363634
0.18100545454545455
-0.04869272727272727
0.1125890909090909
0.17052727272727272
-0.11567090909090909
0.07540181818181818
-0.10375454545454545
-0.07930545454545455
0.16415818181818181
-0.10478181818181817
-0.02979090909090909
0.16272
0.06410181818181818
0.09594727272727273
0.25743454545454547
0.11567090909090909
0.011505454545454544
0.19251090909090907
-0.04294
-0.10622
0.10211090909090909
-0.1360109090909091
0.002670909090909091
0.10211090909090909
-0.07807272727272727
0.1464890909090909
0.16641818181818183
-0.04972
0.06718363636363636
0.1668290909090909
-0.15717272727272727
-0.0034927272727272728
0.09245454545454544
-0.13354545454545455
0.0402690909090909
0.01890181818181818
0.02198363636363636
0.14217454545454544
0.013765454545454546
-0.02444909090909091
0.18121090909090906
0.009656363636363637
0.04828181818181818
0.19703090909090906
-0.03225636363636363
0.05485636363636363
0.14279090909090908
0.014587272727272727
-0.09594727272727273
0.06348545454545454
-0.08546909090909091
-0.06574545454545455
0.06553999999999999
-0.13354545454545455
0.14073636363636363
0.03903636363636363
-0.034927272727272723
0.2052490909090909
0.0678
-0.06882727272727272
0.07766181818181818
0.05773272727272727
-0.17073272727272726
-0.004930909090909091
-0.06492363636363636
-0.18162181818181816
0.03533818181818182
0.10560363636363636
0.0016436363636363634
0.14587272727272727
0.11546545454545454
0.08485272727272727
0.2116181818181818
-0.11546545454545454
0.042529090909090905
0.04725454545454546
-0.08526363636363636
-0.005341818181818182
0.018285454545454546
0.01705272727272727
-0.02938
0.20216727272727272
-0.02157272727272727
0.062458181818181815
0.13457272727272726
-0.012943636363636362
0.057527272727272726
-0.014176363636363636
0.06882727272727272
0.08012727272727273
0.001849090909090909
-0.055883636363636364
0.28147272727272726
0.07704545454545454
-0.1610763636363636
0.19785272727272726
0.07683999999999999
-0.0538290909090909
-0.014998181818181817
0.07375818181818182
0.03533818181818182
0.07006
0.03451636363636364
-0.054034545454545446
0.01992909090909091
-0.05280181818181818
-0.027736363636363635
0.06944363636363636
-0.061841818181818185
-0.007807272727272727
0.23524545454545454
0.04314545454545454
0.17093818181818182
0.19045636363636362
-0.005958181818181818
0.13765454545454545
0.041707272727272725
0.050747272727272724
0.004930909090909091
-0.05999272727272727
-0.04930909090909091
-0.11341090909090909
-0.07334727272727272
-0.052390909090909085
0.11012363636363637
0.1088909090909091
-0.054240000000000003
0.14895454545454545
0.028969090909090906
-0.11156181818181818
0.14731090909090908
-0.12594363636363634
-0.14484545454545456
0.056705454545454545
-0.12676545454545454
-0.051569090909090905
0.07766181818181818
0.0565
0.07930545454545455
0.1555290909090909
0.020545454545454544
0.07745636363636363
0.1840872727272727
-0.03944727272727273
0.13334
0.1257381818181818
-0.12306727272727273
0.15142
0.09389272727272728
-0.12347818181818182
0.07314181818181818
0.04129636363636364
-0.0039036363636363635
0.040885454545454544
-0.04109090909090909
0.0470490909090909
0.12512181818181817
-0.05136363636363636
-0.023832727272727273
0.18100545454545455
-0.06985454545454545
-0.01890181818181818
0.13477818181818182
-0.12882
0.04396727272727272
0.12429999999999998
-0.00041090909090909085
0.13334
0.15881636363636362
0.035749090909090904
0.1464890909090909
0.0226
-0.10786363636363637
0.20442727272727274
-0.05547272727272727
-0.10149454545454545
0.16724
-0.06944363636363636
-0.014381818181818181
0.10560363636363636
0.06553999999999999
0.02979090909090909
0.018285454545454546
0.06738909090909091
0.027941818181818182
0.09389272727272728
-0.02013454545454545
-0.0538290909090909
0.10478181818181817
-0.06985454545454545
0.011094545454545454
0.09759090909090909
-0.1216290909090909
0.06964909090909091
0.09985090909090909
-0.10909636363636364
0.02362727272727273
0.03451636363636364
0.031023636363636364
0.07088181818181817
0.045816363636363634
0.03225636363636363
0.07170363636363636
0.12080727272727272
-0.0741690909090909
0.10663090909090908
0.0470490909090909
-0.12717636363636362
0.16580181818181816
-0.024654545454545453
-0.12758727272727272
0.08012727272727273
0.06348545454545454
-0.03205090909090909
0.14443454545454545
-0.02568181818181818
-0.07745636363636363
0.2052490909090909
0.022805454545454542
0.06553999999999999
0.11197272727272727
-0.0339
0.026298181818181814
0.24839454545454545
-0.07601818181818182
-0.031229090909090908
0.15532363636363636
-0.19148363636363636
0.06143090909090909
-0.06471818181818181
-0.15142
0.09615272727272728
0.052390909090909085
-0.06430727272727273
0.07725090909090909
0.09450909090909092
-0.0010272727272727274
0.20668727272727272
-0.008218181818181819
-0.02609272727272727
0.15614545454545453
-0.00452
-0.08156545454545455
0.21922
-0.02691454545454545
-0.0041090909090909095
0.29564909090909086
-0.0452
0.1826490909090909
0.07519636363636363
-0.048487272727272726
0.02444909090909091
-0.00020545454545454542
-0.04602181818181818
-0.08238727272727273
0.027530909090909092
-0.09779636363636364
0.1645690909090909
0.04663818181818182
-0.05280181818181818
0.1871690909090909
0.1257381818181818
0.027736363636363635
0.08526363636363636
0.023832727272727273
-0.027530909090909092
0.10437090909090908
-0.10539818181818181
-0.0041090909090909095
0.034927272727272723
-0.07909999999999999
-0.013765454545454546
0.04211818181818182
-0.0039036363636363635
0.019312727272727273
0.20381090909090907
0.02157272727272727
0.10334363636363636
0.09163272727272727
-0.006163636363636363
0.11320545454545454
0.08259272727272728
-0.04068
-0.008834545454545454
0.05629454545454545
-0.12738181818181818
0.03554363636363636
-0.0039036363636363635
-0.03657090909090909
0.0918381818181818
0.020545454545454544
0.012943636363636362
0.07683999999999999
0.031639999999999995
-0.046432727272727264
0.1351890909090909
-0.06471818181818181
-0.07149818181818181
0.06862181818181817
-0.03143454545454545
0.002876363636363636
0.05465090909090909
0.03328363636363636
0.03410545454545454
0.13457272727272726
-0.09882363636363636
0.06759454545454545
0.14607818181818183
-0.12327272727272726
0.08485272727272727
0.00452
-0.09656363636363637
0.1216290909090909
0.12450545454545454
0.012943636363636362
0.12882
0.1257381818181818
0.05608909090909091
0.12039636363636362
0.07622363636363635
0.03780363636363636
0.07232
0.012327272727272727
-0.08711272727272727
0.07478545454545454
-0.019107272727272726
-0.0749909090909091
0.13785999999999998
0.002876363636363636
-0.07971636363636364
0.03307818181818182
-0.02218909090909091
0.042734545454545456
0.1325181818181818
-0.07375818181818182
0.09985090909090909
0.17032181818181816
-0.014176363636363636
0.1415581818181818
0.0678
-0.09492
0.1224509090909091
0.10067272727272727
-0.12060181818181817
0.0904
0.13334
0.032872727272727276
0.18059454545454545
0.06266363636363637
-0.03451636363636364
0.12368363636363637
-0.09327636363636364
-0.1261490909090909
0.07889454545454545
-0.14012
-0.041912727272727275
0.11875272727272726
0.015614545454545454
0.1321072727272727
0.1865527272727273
0.052390909090909085
0.04602181818181818
0.10293272727272727
-0.027530909090909092
-0.0339
-0.06101999999999999
-0.17874545454545454
-0.09430363636363637
-0.056705454545454545
-0.06595090909090909
0.13765454545454545
0.06677272727272728
-0.042529090909090905
0.12820363636363635
0.029996363636363634
0.11238363636363637
0.11320545454545454
0.0034927272727272728
0.07170363636363636
0.035954545454545454
0.09019454545454544
0.02198363636363636
0.04396727272727272
0.08156545454545455
-0.07170363636363636
0.01992909090909091
0.0470490909090909
-0.001849090909090909
0.09450909090909092
0.005341818181818182
0.02403818181818182
0.0628690909090909
-0.05341818181818182
0.1216290909090909
0.04211818181818182
-0.09759090909090909
0.06225272727272727
0.002876363636363636
-0.04437818181818182
0.06081454545454545
0.10991818181818182
0.06101999999999999
0.12594363636363634
0.12306727272727273
0.008834545454545454
0.11156181818181818
0.0628690909090909
-0.13498363636363636
0.03472181818181818
-0.04828181818181818
-0.11279454545454545
0.1808
0.00862909090909091
0.07458
0.27469272727272726
0.08094909090909091
0.1397090909090909
0.27366545454545455
-0.0006163636363636364
-0.008423636363636364
0.07971636363636364
-0.23216363636363635
-0.08177090909090909
0.007807272727272727
-0.15984363636363638
0.005136363636363636
0.10950727272727273
-0.06595090909090909
0.09450909090909092
0.11156181818181818
-0.09224909090909092
0.23031454545454547
-0.04376181818181818
-0.1826490909090909
0.16025454545454546
-0.02650363636363636
-0.14053090909090907
0.11998545454545453
0.010272727272727272
-0.10478181818181817
0.1668290909090909
-0.07149818181818181
0.038625454545454546
0.2364781818181818
0.010889090909090909
0.10293272727272727
0.16498
-0.026298181818181814
0.06512909090909091
0.1058090909090909
-0.19025090909090905
0.03657090909090909
-0.03965272727272728
-0.15840545454545454
0.08752363636363636
-0.01705272727272727
0.03472181818181818
0.18429272727272727
0.1483381818181818
0.050747272727272724
0.16148727272727273
0.016847272727272728
-0.0452
0.12697090909090908
-0.16477454545454545
-0.1314909090909091
0.06759454545454545
-0.04129636363636364
0.07930545454545455
0.15039272727272726
0.05629454545454545
0.18860727272727273
0.11156181818181818
0.003287272727272727
0.10950727272727273
0.05876
-0.10005636363636364
0.012532727272727272
0.03821454545454545
-0.21018
0.09265999999999999
0.11074
-0.05711636363636363
0.0940981818181818
0.035749090909090904
0.08218181818181818
0.10149454545454545
0.038419999999999996
0.07889454545454545
0.12060181818181817
-0.00452
0.01849090909090909
0.1577890909090909
0.0034927272727272728
-0.06533454545454545
0.14422909090909092
-0.08690727272727272
-0.18306
0.12450545454545454
-0.12635454545454544
-0.041707272727272725
0.12882
-0.05280181818181818
0.005136363636363636
0.05937636363636363
0.001438181818181818
-0.0904
0.010067272727272725
-0.01808
0.06697818181818181
0.020545454545454544
-0.06800545454545455
0.23257454545454545
0.17422545454545454
0.06019818181818181
0.17340363636363634
0.12388909090909091
-0.06964909090909091
0.0895781818181818
0.05013090909090909
-0.14936545454545455
-0.014998181818181817
-0.0678
-0.07807272727272727
-0.0039036363636363635
0.025887272727272724
0.11094545454545454
0.1261490909090909
0.010067272727272725
0.0990290909090909
0.09718
-0.13190181818181818
0.005547272727272727
0.15265272727272727
-0.06143090909090909
-0.1637472727272727
0.0990290909090909
0.02157272727272727
0.019312727272727273
0.1935381818181818
0.04458363636363636
0.17319818181818183
0.05855454545454545
0.04951454545454545
0.2703781818181818
0.014792727272727272
-0.008218181818181819
0.1411472727272727
0.013354545454545456
-0.08177090909090909
0.027941818181818182
0.06738909090909091
-0.02609272727272727
-0.0226
-0.04746
-0.01992909090909091
0.07190909090909091
0.016025454545454544
0.11669818181818181
0.06492363636363636
-0.08546909090909091
0.03718727272727273
0.042734545454545456
-0.06903272727272727
-0.0020545454545454547
0.031023636363636364
-0.09492
0.058349090909090906
0.08320909090909091
0.05280181818181818
0.23052
0.0452
-0.009656363636363637
0.09163272727272727
-0.1058090909090909
0.04437818181818182
0.1573781818181818
-0.10848000000000001
-0.0741690909090909
0.04232363636363636
0.0470490909090909
0.027120000000000002
0.09697454545454545
0.025065454545454544
-0.001438181818181818
0.07396363636363636
-0.019312727272727273
0.059170909090909087
-0.02239454545454545
-0.011916363636363636
0.027530909090909092
-0.007807272727272727
-0.032667272727272725
0.003287272727272727
0.1569672727272727
-0.02527090909090909
0.02650363636363636
0.07458
0.03903636363636363
0.11443818181818181
0.08320909090909091
0.048487272727272726
0.08156545454545455
0.06862181818181817
-0.0067800000000000004
0.05958181818181818
-0.04663818181818182
-0.010272727272727272
0.05300727272727272
-0.03698181818181818
-0.045610909090909084
0.06553999999999999
0.01849090909090909
-0.010478181818181819
0.21613818181818178
0.002876363636363636
0.025887272727272724
0.17258181818181817
-0.02239454545454545
0.02116181818181818
0.19025090909090905
-0.030818181818181814
-0.13046363636363634
0.16929454545454545
-0.00945090909090909
0.03554363636363636
0.07108727272727272
-0.12183454545454545
0.04437818181818182
-0.06101999999999999
-0.14772181818181818
0.1103290909090909
0.022805454545454542
-0.1499818181818182
0.18614181818181816
0.03739272727272727
-0.07848363636363635
0.22826000000000002
0.08546909090909091
0.040885454545454544
0.07190909090909091
-0.04746
0.027530909090909092
0.1314909090909091
-0.008218181818181819
0.051569090909090905
0.13457272727272726
-0.06821090909090909
0.10991818181818182
0.20648181818181818
-0.08094909090909091
0.09348181818181817
0.13046363636363634
-0.1469
-0.005958181818181818
-0.013149090909090907
-0.031023636363636364
0.1224509090909091
-0.00226
-0.008218181818181819
0.11464363636363636
0.05444545454545455
0.05054181818181818
0.10272727272727272
-0.04869272727272727
-0.04458363636363636
0.07478545454545454
-0.0447890909090909
-0.02444909090909091
0.07704545454545454
-0.038419999999999996
-0.041707272727272725
0.08300363636363636
-0.02157272727272727
-0.00904
0.1483381818181818
0.07951090909090908
0.0226
0.012327272727272727
0.022805454545454542
0.09286545454545453
0.03307818181818182
-0.014792727272727272
0.04746
-0.005341818181818182
-0.040885454545454544
0.020956363636363638
0.05855454545454545
-0.027120000000000002
-0.02157272727272727
0.08670181818181817
0.02218909090909091
0.1012890909090909
0.04663818181818182
0.030407272727272724
0.11546545454545454
-0.09759090909090909
-0.004725454545454545
0.06369090909090909
-0.08115454545454545
0.048487272727272726
0.0918381818181818
-0.10149454545454545
0.012943636363636362
0.10272727272727272
-0.008218181818181819
0.13087454545454547
0.08505818181818181
-0.05054181818181818
0.11608181818181817
0.09841272727272728
-0.06903272727272727
0.15614545454545453
0.0678
-0.10375454545454545
0.23627272727272725
0.05629454545454545
-0.04109090909090909
0.22867090909090906
0.007601818181818181
-0.054240000000000003
0.10026181818181817
-0.04746
-0.045610909090909084
0.11854727272727272
-0.008834545454545454
-0.002876363636363636
0.09594727272727273
-0.08937272727272727
-0.02979090909090909
0.11608181818181817
-0.11135636363636363
0.010683636363636364
0.16929454545454545
-0.13642181818181817
0.10190545454545454
0.19641454545454545
-0.0904
0.08916727272727272
0.07519636363636363
-0.07355272727272727
0.042734545454545456
-0.012121818181818182
-0.08629090909090908
0.14484545454545456
-0.0067800000000000004
-0.09656363636363637
0.27366545454545455
0.07601818181818182
-0.012943636363636362
0.24695636363636364
-0.02403818181818182
-0.09697454545454545
0.08156545454545455
-0.09841272727272728
-0.04314545454545454
0.046432727272727264
-0.0786890909090909
0.09142727272727272
0.13991454545454546
0.05013090909090909
0.1721709090909091
0.09553636363636364
-0.07745636363636363
0.06471818181818181
0.00862909090909091
-0.19477090909090908
-0.024243636363636363
-0.025476363636363634
-0.11115090909090909
0.05608909090909091
0.01890181818181818
0.06040363636363636
0.17052727272727272
0.04807636363636364
0.10457636363636363
0.10087818181818181
-0.04828181818181818
0.1325181818181818
0.1415581818181818
-0.07519636363636363
0.12203999999999998
0.11320545454545454
-0.04602181818181818
0.06327999999999999
0.08197636363636364
-0.010067272727272725
0.027325454545454545
0.04417272727272727
-0.13046363636363634
0.036776363636363635
0.05814363636363636
-0.11320545454545454
0.07519636363636363
0.06800545454545455
-0.12203999999999998
0.03903636363636363
0.07047090909090908
-0.07006
0.14977636363636362
0.029996363636363634
-0.017874545454545452
0.18860727272727273
-0.001849090909090909
-0.003287272727272727
0.12306727272727273
-0.03636545454545455
-0.11731454545454545
0.035749090909090904
-0.12861454545454545
-0.07047090909090908
0.16354181818181818
-0.031229090909090908
0.07889454545454545
0.17032181818181816
0.11341090909090909
0.21613818181818178
0.19559272727272728
0.021367272727272728
0.041912727272727275
0.007807272727272727
-0.24531272727272724
-0.04068
0.01849090909090909
-0.18573090909090906
0.043350909090909086
0.18141636363636363
-0.04684363636363636
0.11197272727272727
0.22045272727272727
-0.06512909090909091
0.11669818181818181
0.007396363636363636
-0.13724363636363635
0.14731090909090908
-0.06019818181818181
-0.06636181818181817
0.17422545454545454
0.006163636363636363
-0.02157272727272727
0.15532363636363636
0.13683272727272727
0.01171090909090909
0.09841272727272728
0.16641818181818183
0.014176363636363636
0.07725090909090909
0.056705454545454545
0.06759454545454545
0.039241818181818176
-0.1633363636363636
0.030407272727272724
-0.017874545454545452
-0.16415818181818181
0.04376181818181818
0.048487272727272726
-0.02013454545454545
0.15717272727272727
0.14443454545454545
0.09985090909090909
0.13827090909090908
0.061841818181818185
0.055061818181818184
-0.019518181818181816
-0.12553272727272727
-0.1881963636363636
0.01171090909090909
-0.13580545454545453
-0.1103290909090909
0.20689272727272728
-0.04458363636363636
0.11649272727272726
0.18285454545454544
0.04889818181818182
0.08012727272727273
0.08094909090909091
-0.05444545454545455
-0.09964545454545454
0.055678181818181814
-0.10622
-0.03225636363636363
0.034927272727272723
-0.018696363636363636
0.04294
0.1528581818181818
-0.005136363636363636
0.10375454545454545
0.1415581818181818
-0.15429636363636362
0.18162181818181816
-0.008218181818181819
-0.05465090909090909
0.08464727272727272
0.02403818181818182
0.05629454545454545
0.013354545454545456
0.08649636363636364
-0.05341818181818182
0.08259272727272728
-0.07581272727272727
-0.023832727272727273
0.17525272727272728
-0.04972
0.02691454545454545
0.16498
-0.07745636363636363
-0.09512545454545453
0.20956363636363634
-0.08444181818181817
0.03451636363636364
0.06204727272727273
0.02362727272727273
0.26051636363636366
0.054034545454545446
0.10806909090909089
0.24613454545454547
0.15470727272727272
-0.08074363636363636
0.14525636363636363
0.04109090909090909
-0.16046
0.021367272727272728
-0.13950363636363636
-0.16272
-0.03739272727272727
0.03780363636363636
0.038625454545454546
0.13847636363636362
-0.03657090909090909
0.11977999999999998
0.17545818181818182
-0.12799818181818182
0.0904
0.06348545454545454
-0.17073272727272726
-0.05526727272727273
0.1296418181818182
-0.14525636363636363
0.07047090909090908
0.13107999999999997
-0.0565
0.22271272727272726
-0.00452
0.002876363636363636
0.17196545454545456
0.03328363636363636
0.009656363636363637
0.08444181818181817
-0.05362363636363636
0.005752727272727272
0.12080727272727272
-0.04047454545454546
-0.046432727272727264
-0.042529090909090905
0.005547272727272727
-0.006163636363636363
0.06369090909090909
-0.07909999999999999
0.05095272727272727
0.1668290909090909
-0.12799818181818182
0.09553636363636364
0.041912727272727275
-0.05198
0.0565
-0.033694545454545456
-0.041707272727272725
0.1076581818181818
0.07006
0.08875636363636363
0.19908545454545457
0.06656727272727272
0.07601818181818182
0.11012363636363637
0.09985090909090909
-0.07129272727272727
0.06821090909090909
0.0113
-0.14176363636363634
0.10026181818181817
-0.08731818181818181
0.04972
0.10149454545454545
0.0020545454545454547
0.14751636363636364
0.029174545454545453
0.002876363636363636
0.11608181818181817
0.0452
-0.11115090909090909
0.019312727272727273
0.0041090909090909095
-0.029174545454545453
0.08300363636363636
0.001849090909090909
-0.09841272727272728
0.07293636363636363
0.08711272727272727
-0.02157272727272727
0.11854727272727272
-0.0016436363636363634
0.06821090909090909
0.16415818181818181
-0.02670909090909091
0.0339
0.14587272727272727
-0.04458363636363636
0.00226
0.11526
-0.1758690909090909
-0.04109090909090909
0.07458
-0.07560727272727272
-0.02034
0.03616
0.021367272727272728
0.10046727272727272
0.1314909090909091
-0.03554363636363636
0.12697090909090908
0.14217454545454544
-0.05711636363636363
0.08875636363636363
0.044994545454545454
-0.09307090909090908
0.12779272727272725
0.09697454545454545
-0.10868545454545453
-0.02301090909090909
-0.03965272727272728
-0.08218181818181818
0.06512909090909091
-0.044994545454545454
-0.17319818181818183
0.1555290909090909
-0.009861818181818182
-0.011916363636363636
0.24120363636363634
-0.04150181818181818
0.08814
0.19066181818181818
0.02034
0.0113
0.07622363636363635
0.040063636363636364
0.16148727272727273
0.09122181818181817
-0.08834545454545455
0.1499818181818182
0.1125890909090909
0.011916363636363636
0.020545454545454544
-0.05999272727272727
-0.10991818181818182
0.06944363636363636
-0.09327636363636364
-0.17422545454545454
0.12512181818181817
-0.002876363636363636
0.09759090909090909
0.18244363636363634
0.03780363636363636
0.08526363636363636
0.18840181818181817
0.00226
0.027941818181818182
0.04417272727272727
-0.10827454545454546
0.09635818181818182
-0.08382545454545455
-0.06143090909090909
0.059787272727272724
-0.043350909090909086
-0.06307454545454545
0.07314181818181818
0.08362
-0.03143454545454545
0.09861818181818181
0.008218181818181819
0.13087454545454547
0.06595090909090909
-0.014587272727272727
0.12019090909090908
0.13107999999999997
0.010478181818181819
-0.021778181818181818
0.1337509090909091
-0.10909636363636364
0.027941818181818182
0.08444181818181817
-0.11176727272727273
-0.02116181818181818
0.12820363636363635
0.0226
-0.06327999999999999
0.08012727272727273
-0.09204363636363636
0.05773272727272727
0.03780363636363636
-0.054240000000000003
0.06574545454545455
-0.006163636363636363
-0.05218545454545454
0.09019454545454544
0.17319818181818183
-0.15142
0.12450545454545454
0.16292545454545454
-0.1551181818181818
0.13621636363636364
0.03020181818181818
-0.12676545454545454
0.1573781818181818
0.02301090909090909
-0.12121818181818181
0.15470727272727272
0.07006
0.08526363636363636
0.21120727272727272
-0.027941818181818182
-0.02013454545454545
0.17566363636363633
-0.030818181818181814
-0.10868545454545453
0.1532690909090909
-0.08033272727272728
-0.043350909090909086
0.1766909090909091
-0.10149454545454545
-0.010067272727272725
0.13107999999999997
-0.09368727272727272
-0.004725454545454545
0.08485272727272727
-0.1171090909090909
0.10005636363636364
0.14032545454545453
-0.0895781818181818
0.20463272727272727
0.12450545454545454
-0.07992181818181819
0.20155090909090906
0.003287272727272727
-0.0895781818181818
0.09923454545454545
-0.009245454545454545
0.06862181818181817
0.12861454545454545
-0.001849090909090909
0.08814
0.2549690909090909
0.021367272727272728
-0.08670181818181817
0.06636181818181817
-0.0904
-0.06759454545454545
0.08362
-0.10991818181818182
0.01725818181818182
0.14751636363636364
0.0069854545454545456
0.19045636363636362
0.13477818181818182
-0.0069854545454545456
0.10005636363636364
0.0
-0.10478181818181817
-0.010683636363636364
-0.08218181818181818
-0.09944
0.08711272727272727
-0.04889818181818182
-0.037598181818181815
0.14874909090909091
0.059170909090909087
0.059170909090909087
0.058349090909090906
-0.03616
0.031845454545454545
0.08362
-0.014998181818181817
0.06204727272727273
0.06492363636363636
-0.044994545454545454
0.02239454545454545
0.02650363636363636
-0.06964909090909091
0.015819999999999997
0.1058090909090909
-0.11649272727272726
-0.003287272727272727
0.08896181818181817
-0.01849090909090909
0.14361272727272725
0.06800545454545455
-0.03020181818181818
0.04746
0.059787272727272724
0.00452
0.0034927272727272728
-0.05732181818181818
-0.07314181818181818
0.07725090909090909
0.0226
0.06738909090909091
0.19641454545454545
0.03944727272727273
0.03143454545454545
0.10190545454545454
-0.06738909090909091
-0.04725454545454546
0.10334363636363636
0.014381818181818181
0.0069854545454545456
0.13621636363636364
0.06040363636363636
0.17833454545454544
0.2732545454545454
0.01890181818181818
0.16518545454545455
0.0895781818181818
-0.15367999999999998
0.06163636363636363
-0.058349090909090906
-0.15573454545454543
0.043556363636363636
-0.03410545454545454
-0.0447890909090909
0.13785999999999998
0.08464727272727272
0.059787272727272724
0.10211090909090909
-0.0067800000000000004
-0.06307454545454545
0.07745636363636363
-0.007601818181818181
-0.07108727272727272
0.11587636363636362
-0.11012363636363637
0.02979090909090909
0.15450181818181818
-0.09594727272727273
0.07108727272727272
0.07047090909090908
0.04807636363636364
0.14094181818181817
0.03985818181818182
0.04376181818181818
0.1419690909090909
-0.02301090909090909
-0.003698181818181818
0.06101999999999999
-0.14751636363636364
-0.08094909090909091
0.03985818181818182
-0.09882363636363636
-0.12121818181818181
0.09265999999999999
-0.013560000000000001
0.11443818181818181
0.1744309090909091
-0.007807272727272727
0.20072909090909088
0.032667272727272725
-0.061841818181818185
0.014792727272727272
-0.07232
-0.14628363636363637
0.005958181818181818
0.15409090909090908
-0.0727309090909091
0.11690363636363636
0.2206581818181818
0.06122545454545455
0.1836763636363636
0.042734545454545456
-0.0678
0.08855090909090908
-0.011505454545454544
-0.06512909090909091
0.01705272727272727
-0.029585454545454543
0.06512909090909091
0.06492363636363636
0.028558181818181816
0.0918381818181818
0.15943272727272728
0.07375818181818182
0.008012727272727272
0.13005272727272726
-0.0016436363636363634
-0.015409090909090907
0.07766181818181818
0.03739272727272727
0.046432727272727264
0.06327999999999999
-0.08772909090909091
0.04972
0.11341090909090909
-0.1808
0.07293636363636363
0.06204727272727273
-0.10991818181818182
0.12306727272727273
0.06923818181818181
-0.07190909090909091
0.06143090909090909
0.08793454545454545
-0.11526
0.0805381818181818
0.11998545454545453
-0.1631309090909091
0.08464727272727272
0.11546545454545454
-0.02609272727272727
0.21737090909090906
0.043556363636363636
-0.01623090909090909
0.17977272727272728
-0.040885454545454544
-0.03205090909090909
0.07396363636363636
-0.08752363636363636
-0.19333272727272727
-0.026298181818181814
-0.03698181818181818
-0.08341454545454545
0.17545818181818182
0.04602181818181818
0.07786727272727272
0.17402
-0.08772909090909091
0.05054181818181818
0.049925454545454544
-0.12450545454545454
0.054034545454545446
-0.031639999999999995
-0.15059818181818183
0.09471454545454545
0.12799818181818182
0.021778181818181818
0.20155090909090906
0.18203272727272726
-0.04396727272727272
0.15676181818181817
0.14669454545454544
-0.03328363636363636
0.10642545454545453
-0.015614545454545454
0.06327999999999999
0.11854727272727272
-0.11977999999999998
0.07560727272727272
0.11176727272727273
-0.027120000000000002
0.005136363636363636
0.0041090909090909095
-0.007601818181818181
0.04807636363636364
0.03143454545454545
-0.05300727272727272
0.0904
0.034310909090909086
-0.08300363636363636
0.09492
-0.016025454545454544
-0.10519272727272726
0.1171090909090909
0.04746
0.019107272727272726
0.12820363636363635
0.04930909090909091
0.07951090909090908
0.10416545454545453
0.06163636363636363
0.05259636363636363
0.027120000000000002
-0.006574545454545454
0.05136363636363636
0.02403818181818182
-0.1296418181818182
-0.0016436363636363634
0.07848363636363635
0.028969090909090906
0.002876363636363636
-0.008218181818181819
0.06862181818181817
0.061841818181818185
0.033694545454545456
-0.0741690909090909
0.009656363636363637
0.05608909090909091
-0.038625454545454546
0.11690363636363636
-0.05855454545454545
-0.04972
0.1510090909090909
-0.02486
-0.034310909090909086
0.056705454545454545
0.07170363636363636
-0.0016436363636363634
0.14854363636363635
0.04047454545454546
-0.039241818181818176
0.2023727272727273
-0.03307818181818182
0.00945090909090909
0.053212727272727266
-0.027941818181818182
0.041707272727272725
0.048487272727272726
-0.05300727272727272
-0.04746
0.1216290909090909
-0.02486
0.22435636363636363
0.15573454545454543
-0.08444181818181817
0.14669454545454544
0.06369090909090909
-0.005136363636363636
0.08567454545454545
-0.0063690909090909084
-0.1103290909090909
0.09759090909090909
-0.09635818181818182
-0.05937636363636363
0.18737454545454543
-0.08382545454545455
-0.01890181818181818
0.07026545454545453
-0.09224909090909092
-0.012121818181818182
0.12655999999999998
0.007190909090909091
0.031639999999999995
0.10252181818181817
0.02486
0.08444181818181817
0.13334
-0.05198
0.08485272727272727
0.0749909090909091
-0.2296981818181818
0.11998545454545453
0.08382545454545455
-0.056705454545454545
0.19045636363636362
0.05732181818181818
0.09163272727272727
0.18388181818181817
-0.03554363636363636
0.014587272727272727
0.09759090909090909
-0.15080363636363636
-0.08218181818181818
0.021367272727272728
-0.09882363636363636
0.05341818181818182
0.1682672727272727
0.004930909090909091
0.12286181818181818
0.25579090909090907
0.01890181818181818
0.07108727272727272
0.06553999999999999
-0.02362727272727273
-0.0010272727272727274
-0.10848000000000001
-0.08526363636363636
0.039241818181818176
0.038625454545454546
-0.07006
0.1397090909090909
0.05937636363636363
-0.03513272727272727
0.19682545454545455
0.0008218181818181817
-0.035749090909090904
0.10293272727272727
-0.02650363636363636
-0.01623090909090909
0.08834545454545455
-0.017463636363636362
0.029174545454545453
0.06348545454545454
-0.007396363636363636
0.03616
0.049925454545454544
-0.041912727272727275
0.03205090909090909
0.16518545454545455
-0.06081454545454545
0.032667272727272725
0.11238363636363637
-0.08382545454545455
-0.00226
0.02116181818181818
-0.05362363636363636
-0.013765454545454546
-0.0069854545454545456
-0.056705454545454545
0.09430363636363637
-0.006163636363636363
-0.02034
0.2210690909090909
0.0447890909090909
-0.012121818181818182
0.19703090909090906
0.01705272727272727
-0.14340727272727272
0.18901818181818184
0.031229090909090908
-0.04622727272727272
0.13107999999999997
0.02116181818181818
0.12224545454545453
0.09656363636363637
-0.0067800000000000004
0.053212727272727266
0.14566727272727273
-0.11423272727272726
-0.007190909090909091
0.09944
-0.20052363636363635
0.12060181818181817
0.1682672727272727
-0.12861454545454545
0.07211454545454546
0.15409090909090908
-0.10272727272727272
0.09081090909090908
0.10375454545454545
-0.09861818181818181
0.08608545454545455
-0.023832727272727273
0.013354545454545456
0.19764727272727273
0.03246181818181818
0.004930909090909091
0.20586545454545455
-0.017874545454545452
-0.14751636363636364
0.1479272727272727
-0.05341818181818182
-0.10108363636363636
0.17854
0.03246181818181818
-0.008423636363636364
0.18531999999999998
0.04314545454545454
0.09615272727272728
0.040885454545454544
-0.19004545454545455
0.09430363636363637
0.0069854545454545456
-0.12697090909090908
0.05280181818181818
0.08341454545454545
0.03143454545454545
0.12635454545454544
0.2233290909090909
0.03657090909090909
-0.02609272727272727
0.01623090909090909
0.04930909090909091
-0.04396727272727272
-0.18573090909090906
-0.10704181818181817
0.020545454545454544
-0.08814
0.016025454545454544
0.21552181818181818
-0.0067800000000000004
0.10293272727272727
0.1524472727272727
-0.033694545454545456
0.004314545454545455
0.08814
0.12347818181818182
0.011916363636363636
0.002670909090909091
0.027120000000000002
0.07375818181818182
0.060609090909090904
-0.001438181818181818
0.05999272727272727
0.0339
-0.07437454545454546
0.04787090909090909
0.02568181818181818
-0.09512545454545453
0.10991818181818182
0.06656727272727272
0.02486
0.06595090909090909
0.055678181818181814
0.04930909090909091
0.03616
0.054034545454545446
-0.02979090909090909
0.04417272727272727
0.056705454545454545
0.07190909090909091
0.10046727272727272
-0.0041090909090909095
0.003287272727272727
0.05259636363636363
-0.1216290909090909
-0.0895781818181818
0.059170909090909087
-0.18018363636363635
0.03307818181818182
0.18203272727272726
0.020956363636363638
0.20997454545454544
0.23339636363636362
0.10930181818181818
0.18984
0.15758363636363634
-0.11382181818181818
-0.012943636363636362
-0.058349090909090906
-0.29236181818181817
-0.027736363636363635
-0.05937636363636363
-0.13642181818181817
0.17545818181818182
-0.008218181818181819
-0.012532727272727272
0.2409981818181818
-0.03821454545454545
-0.006163636363636363
0.11854727272727272
-0.08259272727272728
-0.013560000000000001
0.07129272727272727
-0.028147272727272726
0.12265636363636362
0.13950363636363636
-0.023216363636363632
0.2149054545454545
0.1329290909090909
-0.05526727272727273
0.19045636363636362
0.046432727272727264
-0.05465090909090909
0.20052363636363635
-0.006574545454545454
-0.09307090909090908
0.10724727272727272
-0.09348181818181817
0.0016436363636363634
0.06430727272727273
-0.15039272727272726
0.030407272727272724
0.1257381818181818
-0.07622363636363635
0.10498727272727272
0.2948272727272727
-0.012327272727272727
0.1325181818181818
0.1682672727272727
-0.08567454545454545
0.02403818181818182
-0.07581272727272727
-0.17956727272727271
0.005547272727272727
-0.10498727272727272
-0.09430363636363637
0.21059090909090908
0.008012727272727272
0.07848363636363635
0.26195454545454544
0.06266363636363637
-0.012738181818181817
0.08300363636363636
0.03205090909090909
-0.09512545454545453
0.04787090909090909
-0.14176363636363634
-0.043350909090909086
0.13436727272727272
-0.09882363636363636
0.06143090909090909
0.12368363636363637
-0.036776363636363635
0.07519636363636363
0.07992181818181819
-0.12779272727272725
0.06122545454545455
0.06656727272727272
-0.06718363636363636
0.04232363636363636
0.04068
0.030407272727272724
0.05341818181818182
0.06492363636363636
-0.12450545454545454
-0.012943636363636362
0.05526727272727273
-0.12224545454545453
0.10293272727272727
0.08978363636363636
-0.0741690909090909
0.14710545454545454
0.05691090909090909
-0.012327272727272727
0.20360545454545456
-0.06163636363636363
0.03307818181818182
0.11649272727272726
-0.07375818181818182
0.1510090909090909
0.1678563636363636
0.11074
0.10457636363636363
0.14936545454545455
0.053212727272727266
0.038419999999999996
0.08156545454545455
-0.09142727272727272
-0.020956363636363638
-0.0967690909090909
-0.23586181818181817
-0.019107272727272726
0.1411472727272727
0.01992909090909091
0.10375454545454545
0.12060181818181817
0.028558181818181816
0.08670181818181817
0.004930909090909091
0.06430727272727273
0.028969090909090906
-0.09471454545454545
0.00226
0.06882727272727272
-0.08341454545454545
0.03020181818181818
0.22209636363636362
0.015819999999999997
0.010889090909090909
0.08752363636363636
0.08567454545454545
0.03698181818181818
0.031845454545454545
0.11115090909090909
0.07170363636363636
-0.003698181818181818
-0.006163636363636363
0.12347818181818182
0.02444909090909091
-0.11957454545454545
0.01705272727272727
-0.018696363636363636
-0.15635090909090907
-0.010272727272727272
-0.01849090909090909
-0.028969090909090906
0.14032545454545453
0.02116181818181818
0.005958181818181818
0.050747272727272724
0.010067272727272725
0.06327999999999999
0.031229090909090908
-0.09800181818181818
-0.08916727272727272
0.1479272727272727
0.10375454545454545
0.054240000000000003
0.14012
0.029585454545454543
0.06533454545454545
0.07848363636363635
0.002876363636363636
0.05465090909090909
0.02013454545454545
-0.04540545454545454
0.02568181818181818
-0.0010272727272727274
0.02116181818181818
0.13005272727272726
0.08115454545454545
0.06923818181818181
0.002670909090909091
-0.05999272727272727
0.043556363636363636
0.0447890909090909
-0.03554363636363636
-0.02301090909090909
-0.007601818181818181
0.011505454545454544
0.07026545454545453
0.08731818181818181
0.005958181818181818
0.003698181818181818
0.11977999999999998
-0.012738181818181817
0.00452
0.09944
-0.0008218181818181817
0.13991454545454546
0.14279090909090908
-0.01808
0.027530909090909092
0.1356
0.07889454545454545
0.04972
-0.02116181818181818
-0.1261490909090909
-0.012943636363636362
-0.06430727272727273
-0.06163636363636363
0.11156181818181818
0.01664181818181818
-0.03944727272727273
0.21634363636363635
0.0749909090909091
-0.03246181818181818
0.19436
0.059787272727272724
0.03225636363636363
0.04972
-0.005958181818181818
-0.037598181818181815
0.05711636363636363
-0.011505454545454544
-0.09265999999999999
0.054034545454545446
-0.24079272727272724
-0.06143090909090909
0.15881636363636362
-0.13313454545454545
0.016025454545454544
0.19538727272727272
0.03616
0.12286181818181818
0.19086727272727272
-0.04725454545454546
0.14012
0.05033636363636364
-0.09348181818181817
0.05095272727272727
-0.037598181818181815
-0.003698181818181818
0.10745272727272726
0.12655999999999998
-0.033694545454545456
0.21716545454545452
0.11998545454545453
-0.05136363636363636
0.11176727272727273
-0.13621636363636364
-0.06512909090909091
-0.02034
-0.10087818181818181
0.011916363636363636
0.11546545454545454
-0.05013090909090909
0.16189818181818183
0.2342181818181818
-0.04417272727272727
0.14874909090909091
0.11752
-0.05793818181818181
-0.0538290909090909
0.03513272727272727
-0.14916
0.04746
0.020545454545454544
-0.1261490909090909
0.07704545454545454
-0.11505454545454545
0.13457272727272726
0.10067272727272727
-0.003698181818181818
0.1088909090909091
0.1397090909090909
0.05259636363636363
-0.014998181818181817
0.2342181818181818
0.051569090909090905
0.013765454545454546
0.06574545454545455
-0.029585454545454543
-0.07663454545454546
-0.054034545454545446
-0.09122181818181817
0.027530909090909092
0.03246181818181818
-0.10498727272727272
0.23832727272727272
0.06656727272727272
-0.03718727272727273
0.13498363636363636
0.03636545454545455
-0.08752363636363636
0.025065454545454544
0.03636545454545455
-0.18696363636363633
0.09985090909090909
0.06451272727272726
-0.003698181818181818
0.1631309090909091
0.04437818181818182
0.045610909090909084
0.17566363636363633
0.012738181818181817
-0.03780363636363636
0.16991090909090908
-0.1633363636363636
-0.07601818181818182
0.17977272727272728
-0.10334363636363636
0.00945090909090909
0.19682545454545455
-0.0008218181818181817
0.06492363636363636
0.14751636363636364
-0.08670181818181817
0.05177454545454545
0.024243636363636363
-0.12655999999999998
0.07519636363636363
0.07047090909090908
-0.10827454545454546
0.1555290909090909
0.16600727272727273
-0.2514763636363636
0.1224509090909091
0.10334363636363636
-0.20771454545454546
0.11115090909090909
0.03554363636363636
-0.08464727272727272
0.1261490909090909
0.1058090909090909
0.04889818181818182
0.13621636363636364
-0.05465090909090909
0.004314545454545455
0.1306690909090909
-0.1454618181818182
-0.03800909090909091
0.1419690909090909
-0.04211818181818182
0.036776363636363635
0.2093581818181818
0.09718
0.11238363636363637
0.09944
0.013765454545454546
0.005341818181818182
-0.11053454545454545
-0.07478545454545454
0.09122181818181817
-0.03739272727272727
-0.06327999999999999
0.19908545454545457
0.113
0.09265999999999999
0.14279090909090908
-0.04622727272727272
0.011094545454545454
0.02218909090909091
-0.07930545454545455
-0.003698181818181818
-0.07437454545454546
-0.08444181818181817
0.12799818181818182
0.06204727272727273
-0.0067800000000000004
0.11916363636363636
0.09697454545454545
0.04109090909090909
0.07519636363636363
0.012532727272727272
-0.017463636363636362
0.09718
0.03307818181818182
0.015614545454545454
0.08464727272727272
0.039241818181818176
0.06882727272727272
-0.00041090909090909085
-0.03965272727272728
-0.013765454545454546
-0.019723636363636363
-0.019518181818181816
-0.03821454545454545
0.00452
0.005547272727272727
-0.001438181818181818
0.09163272727272727
0.03246181818181818
-0.040063636363636364
0.02362727272727273
-0.07478545454545454
0.0113
0.02979090909090909
-0.015819999999999997
0.08156545454545455
0.02650363636363636
0.11772545454545454
0.1193690909090909
-0.01705272727272727
0.09122181818181817
0.07745636363636363
-0.09492
-0.04910363636363636
0.045610909090909084
0.03533818181818182
-0.03800909090909091
0.15655636363636363
0.14237999999999998
-0.02013454545454545
0.28784181818181814
0.10539818181818181
-0.012327272727272727
0.1631309090909091
-0.1247109090909091
-0.06738909090909091
0.001849090909090909
-0.1653909090909091
0.057527272727272726
0.10991818181818182
-0.03205090909090909
0.13991454545454546
0.10519272727272726
-0.0020545454545454547
0.043556363636363636
0.0990290909090909
-0.04150181818181818
-0.0565
0.10498727272727272
-0.08670181818181817
0.15902181818181815
0.07622363636363635
-0.02938
0.25784545454545454
-0.04622727272727272
-0.003287272727272727
0.22394545454545453
0.005547272727272727
-0.05136363636363636
0.23545090909090907
0.00904
-0.052390909090909085
0.18347090909090907
-0.054034545454545446
-0.010067272727272725
0.04602181818181818
-0.13642181818181817
-0.06964909090909091
0.05465090909090909
-0.14135272727272727
0.023832727272727273
0.13354545454545455
-0.03944727272727273
0.2034
0.12327272727272726
-0.016436363636363638
0.034927272727272723
-0.006574545454545454
-0.09492
-0.08115454545454545
-0.09307090909090908
-0.12039636363636362
0.05999272727272727
0.08505818181818181
0.028763636363636363
0.1058090909090909
0.11977999999999998
0.05280181818181818
0.16641818181818183
-0.08752363636363636
-0.04869272727272727
0.11320545454545454
-0.12532727272727273
0.06574545454545455
0.027736363636363635
0.028969090909090906
0.06636181818181817
0.16292545454545454
0.10704181818181817
-0.061841818181818185
0.17977272727272728
-0.002670909090909091
-0.050747272727272724
-0.005341818181818182
-0.08505818181818181
0.09101636363636363
0.11197272727272727
-0.09553636363636364
0.10149454545454545
0.09923454545454545
-0.10971272727272725
0.15183090909090907
0.02362727272727273
-0.01992909090909091
0.06451272727272726
0.06512909090909091
0.01890181818181818
0.03143454545454545
0.013149090909090907
-0.033694545454545456
0.19374363636363634
-0.04787090909090909
-0.011505454545454544
0.12121818181818181
-0.02362727272727273
0.06903272727272727
0.18758
0.048487272727272726
0.00945090909090909
0.1370381818181818
-0.017874545454545452
0.13457272727272726
0.031845454545454545
-0.13272363636363635
0.04047454545454546
-0.04684363636363636
-0.2642145454545454
-0.03205090909090909
0.11998545454545453
-0.10416545454545453
0.20442727272727274
0.0904
-0.0470490909090909
0.14731090909090908
0.016847272727272728
-0.01623090909090909
0.04068
-0.11628727272727273
-0.16025454545454546
0.12758727272727272
-0.10231636363636364
-0.01664181818181818
0.19970181818181817
-0.00945090909090909
0.13436727272727272
0.2177818181818182
0.030407272727272724
-0.0016436363636363634
0.1374490909090909
-0.00904
0.07006
0.06615636363636364
-0.09019454545454544
0.11608181818181817
0.06882727272727272
-0.03205090909090909
0.08485272727272727
0.00862909090909091
-0.0904
0.0918381818181818
-0.05937636363636363
-0.07375818181818182
0.09101636363636363
-0.05341818181818182
0.08978363636363636
0.09512545454545453
-0.04889818181818182
-0.009245454545454545
0.1193690909090909
-0.0041090909090909095
0.032667272727272725
0.1551181818181818
-0.08033272727272728
0.18490909090909088
0.11217818181818182
0.007396363636363636
0.15409090909090908
-0.07170363636363636
0.09861818181818181
0.03636545454545455
-0.10868545454545453
-0.02568181818181818
-0.029585454545454543
0.031229090909090908
-0.07334727272727272
0.07190909090909091
0.08998909090909091
-0.004725454545454545
0.15203636363636364
-0.018696363636363636
0.01890181818181818
0.08403090909090909
-0.09019454545454544
0.11341090909090909
0.05095272727272727
-0.10560363636363636
0.1360109090909091
0.03657090909090909
-0.03225636363636363
0.02218909090909091
-0.02362727272727273
-0.016025454545454544
-0.00020545454545454542
0.07314181818181818
-0.04376181818181818
0.06307454545454545
0.07088181818181817
-0.04109090909090909
0.15039272727272726
0.04294
-0.013970909090909091
0.14525636363636363
0.0628690909090909
-0.01705272727272727
0.038625454545454546
-0.08074363636363636
0.02239454545454545
0.16600727272727273
-0.006574545454545454
-0.011094545454545454
0.12429999999999998
0.049925454545454544
-0.035954545454545454
0.16847272727272727
-0.05547272727272727
-0.00904
0.18696363636363633
-0.1551181818181818
0.019312727272727273
0.09656363636363637
-0.04910363636363636
0.050747272727272724
0.006574545454545454
-0.09656363636363637
0.019107272727272726
0.00226
-0.05711636363636363
0.057527272727272726
0.08690727272727272
-0.016025454545454544
0.06512909090909091
0.2387381818181818
-0.05732181818181818
0.11053454545454545
0.0904
-0.07047090909090908
0.15367999999999998
-0.15902181818181815
-0.08012727272727273
0.14053090909090907
0.028558181818181816
0.002670909090909091
0.18223818181818183
0.03903636363636363
0.06040363636363636
0.16806181818181817
-0.0786890909090909
0.04417272727272727
-0.08998909090909091
-0.05115818181818182
0.034927272727272723
-0.04540545454545454
-0.05259636363636363
0.11526
0.18737454545454543
-0.02034
0.18963454545454544
0.08998909090909091
-0.024243636363636363
0.08649636363636364
0.05013090909090909
-0.07786727272727272
0.005547272727272727
0.008834545454545454
-0.09019454545454544
0.0764290909090909
-0.029585454545454543
0.055061818181818184
0.12121818181818181
0.06677272727272728
0.02198363636363636
0.07704545454545454
0.05896545454545454
0.0727309090909091
0.15902181818181815
-0.09820727272727273
0.113
0.1012890909090909
-0.005136363636363636
0.010067272727272725
-0.10293272727272727
-0.002670909090909091
-0.005958181818181818
0.010683636363636364
-0.04787090909090909
0.013354545454545456
0.06738909090909091
0.0039036363636363635
0.07375818181818182
0.03451636363636364
-0.10704181818181817
0.08485272727272727
0.005958181818181818
-0.16949999999999998
0.11669818181818181
-0.02157272727272727
-0.001849090909090909
0.14464
0.01705272727272727
0.08012727272727273
0.09964545454545454
0.05095272727272727
0.07334727272727272
0.055883636363636364
-0.10108363636363636
-0.03143454545454545
0.059170909090909087
-0.01705272727272727
0.021367272727272728
0.14340727272727272
0.005341818181818182
0.04129636363636364
0.17874545454545454
-0.050747272727272724
0.08998909090909091
0.050747272727272724
-0.09492
0.07745636363636363
-0.011505454545454544
-0.07478545454545454
0.14854363636363635
0.040885454545454544
-0.07889454545454545
0.1791563636363636
0.019107272727272726
-0.1012890909090909
0.04047454545454546
0.06492363636363636
-0.05198
0.02527090909090909
0.12512181818181817
0.06410181818181818
0.14936545454545455
0.005958181818181818
0.09923454545454545
0.1469
-0.08567454545454545
0.029174545454545453
0.027120000000000002
-0.09512545454545453
0.09492
0.1341618181818182
0.04540545454545454
0.18901818181818184
0.05362363636363636
0.05896545454545454
0.06841636363636364
-0.10231636363636364
-0.024654545454545453
-0.025887272727272724
-0.09574181818181818
-0.04047454545454546
0.1329290909090909
-0.04232363636363636
0.10704181818181817
0.28948545454545455
-0.02979090909090909
0.0069854545454545456
0.07745636363636363
-0.056705454545454545
-0.04663818181818182
-0.10293272727272727
-0.16415818181818181
0.07519636363636363
-0.030407272727272724
0.013765454545454546
0.22353454545454546
0.05896545454545454
0.02342181818181818
0.09081090909090908
0.11012363636363637
-0.02691454545454545
0.0452
0.012943636363636362
-0.046432727272727264
0.14443454545454545
0.02527090909090909
0.02650363636363636
0.04376181818181818
-0.08711272727272727
0.06903272727272727
0.02157272727272727
-0.18203272727272726
0.07807272727272727
0.06677272727272728
-0.09368727272727272
0.0805381818181818
0.09820727272727273
0.03513272727272727
0.06615636363636364
0.12080727272727272
-0.010683636363636364
0.027530909090909092
-0.0010272727272727274
-0.07026545454545453
0.14587272727272727
0.056705454545454545
-0.05054181818181818
0.2301090909090909
0.06204727272727273
-0.07725090909090909
0.22004181818181817
-0.17299272727272727
-0.13395636363636362
0.1623090909090909
-0.10601454545454544
-0.03903636363636363
0.16210363636363637
0.08136
0.09204363636363636
0.3291381818181818
0.07067636363636363
0.06862181818181817
0.2504490909090909
-0.07375818181818182
-0.08505818181818181
-0.028147272727272726
-0.2229181818181818
-0.11423272727272726
0.04725454545454546
-0.14710545454545454
0.018285454545454546
0.13929818181818182
-0.010683636363636364
0.13539454545454546
0.11217818181818182
-0.07581272727272727
0.04109090909090909
0.10046727272727272
-0.08629090909090908
0.06718363636363636
0.03410545454545454
-0.01849090909090909
0.16210363636363637
-0.06471818181818181
-0.04746
0.21059090909090908
-0.023216363636363632
0.024243636363636363
0.2414090909090909
-0.04663818181818182
0.05814363636363636
0.11053454545454545
0.01171090909090909
-0.015614545454545454
-0.010889090909090909
-0.02034
-0.10601454545454544
0.05814363636363636
-0.18306
0.03554363636363636
0.17402
0.00452
0.22045272727272727
0.09574181818181818
0.15347454545454545
0.13991454545454546
-0.04458363636363636
-0.02979090909090909
-0.002876363636363636
-0.17956727272727271
-0.09964545454545454
-0.00020545454545454542
-0.0565
0.10622
0.1682672727272727
0.1865527272727273
0.06636181818181817
0.16724
0.09800181818181818
0.043350909090909086
0.006574545454545454
-0.13477818181818182
0.08115454545454545
-0.05855454545454545
-0.0764290909090909
0.08752363636363636
0.06225272727272727
-0.005752727272727272
0.07190909090909091
0.11567090909090909
-0.02362727272727273
-0.013149090909090907
0.04807636363636364
0.005958181818181818
-0.012532727272727272
0.07108727272727272
-0.023832727272727273
0.08423636363636364
0.08300363636363636
-0.05033636363636364
0.03020181818181818
-0.027530909090909092
-0.02034
-0.0020545454545454547
-0.037598181818181815
-0.006163636363636363
0.09245454545454544
-0.013354545454545456
0.03636545454545455
0.09163272727272727
-0.029996363636363634
0.02034
0.032667272727272725
0.0041090909090909095
-0.0067800000000000004
0.08526363636363636
0.003287272727272727
0.11156181818181818
0.1623090909090909
0.0226
0.12512181818181817
0.07252545454545453
0.00452
0.036776363636363635
-0.06697818181818181
-0.2093581818181818
0.02075090909090909
-0.017874545454545452
-0.1356
0.13539454545454546
0.1257381818181818
0.060609090909090904
0.18141636363636363
0.04417272727272727
-0.00904
0.2147
-0.11690363636363636
-0.04458363636363636
0.09800181818181818
-0.1836763636363636
0.055678181818181814
0.06964909090909091
0.0339
0.10950727272727273
0.16641818181818183
0.09101636363636363
0.09656363636363637
0.12491636363636363
-0.014998181818181817
0.17340363636363634
0.007807272727272727
-0.09800181818181818
0.1356
0.01171090909090909
-0.05095272727272727
0.16498
-0.05485636363636363
-0.13929818181818182
0.06636181818181817
-0.08937272727272727
0.04068
0.06677272727272728
-0.06903272727272727
0.06410181818181818
0.12676545454545454
-0.09122181818181817
0.011505454545454544
0.16046
-0.15039272727272726
0.06204727272727273
0.04807636363636364
-0.14402363636363635
0.14751636363636364
0.15450181818181818
0.07704545454545454
0.08793454545454545
0.043350909090909086
0.035954545454545454
0.11772545454545454
-0.025065454545454544
-0.07889454545454545
0.09122181818181817
-0.10396
-0.16415818181818181
0.12368363636363637
0.05773272727272727
-0.035954545454545454
0.14505090909090906
0.08115454545454545
0.007190909090909091
0.019107272727272726
-0.05526727272727273
0.014792727272727272
0.02979090909090909
-0.11957454545454545
0.03533818181818182
0.1017
-0.07725090909090909
0.09985090909090909
0.13169636363636364
-0.06410181818181818
0.09081090909090908
0.13888727272727272
-0.009656363636363637
0.07375818181818182
0.027941818181818182
0.005547272727272727
0.18901818181818184
0.09122181818181817
-0.07519636363636363
0.11854727272727272
0.06944363636363636
-0.013149090909090907
0.15121454545454543
-0.08711272727272727
-0.08526363636363636
0.043556363636363636
-0.03883090909090909
0.05341818181818182
0.14854363636363635
-0.039241818181818176
0.012738181818181817
0.23093090909090908
-0.11115090909090909
-0.008218181818181819
0.18141636363636363
-0.09081090909090908
-0.010478181818181819
0.11115090909090909
-0.07067636363636363
0.057527272727272726
0.06718363636363636
-0.13785999999999998
0.10457636363636363
-0.1510090909090909
-0.12594363636363634
0.21798727272727272
-0.034310909090909086
-0.06451272727272726
0.14279090909090908
0.13765454545454545
0.03616
0.19764727272727273
0.08033272727272728
-0.005341818181818182
0.07540181818181818
-0.09142727272727272
-0.003698181818181818
0.06410181818181818
-0.11382181818181818
0.02342181818181818
0.18449818181818184
-0.054240000000000003
0.11197272727272727
0.13806545454545455
-0.041707272727272725
0.10786363636363637
-0.015614545454545454
-0.0940981818181818
0.011916363636363636
-0.03739272727272727
-0.007807272727272727
0.20401636363636363
-0.02218909090909091
-0.024654545454545453
0.2449018181818182
0.08505818181818181
-0.001849090909090909
0.10868545454545453
0.02650363636363636
-0.12101272727272726
-0.008423636363636364
-0.10663090909090908
-0.007396363636363636
0.029996363636363634
-0.06738909090909091
0.12450545454545454
0.06800545454545455
-0.02218909090909091
0.11115090909090909
0.16703454545454544
-0.05937636363636363
0.07232
0.13477818181818182
-0.003287272727272727
0.07190909090909091
0.0940981818181818
0.08629090909090908
0.014587272727272727
-0.01849090909090909
-0.12532727272727273
-0.001438181818181818
-0.06410181818181818
-0.09841272727272728
0.1193690909090909
-0.06327999999999999
0.014176363636363636
0.1668290909090909
0.013970909090909091
-0.00020545454545454542
0.14874909090909091
0.0039036363636363635
-0.03205090909090909
0.031845454545454545
-0.03944727272727273
0.041912727272727275
0.037598181818181815
0.06923818181818181
0.09471454545454545
0.10046727272727272
0.02198363636363636
0.13005272727272726
0.09779636363636364
-0.12820363636363635
0.07047090909090908
0.046432727272727264
-0.10334363636363636
0.019312727272727273
0.06697818181818181
0.025887272727272724
0.13457272727272726
0.06923818181818181
0.00862909090909091
0.11752
0.01664181818181818
-0.0016436363636363634
0.053212727272727266
-0.08115454545454545
-0.039241818181818176
0.15963818181818182
-0.05300727272727272
-0.03965272727272728
0.18182727272727273
-0.041707272727272725
-0.033489090909090906
0.06553999999999999
-0.08937272727272727
-0.02157272727272727
0.0447890909090909
-0.02979090909090909
0.0764290909090909
0.10868545454545453
0.05198
0.14135272727272727
0.046432727272727264
-0.06985454545454545
0.10519272727272726
-0.03451636363636364
-0.12820363636363635
0.14094181818181817
0.02301090909090909
0.013765454545454546
0.1678563636363636
0.0918381818181818
0.12717636363636362
0.05547272727272727
-0.10334363636363636
0.013149090909090907
0.012532727272727272
-0.2070981818181818
-0.00020545454545454542
0.1224509090909091
-0.07108727272727272
0.11320545454545454
0.19744181818181816
-0.006163636363636363
0.1682672727272727
0.13929818181818182
-0.062458181818181815
0.08834545454545455
-0.1261490909090909
-0.054034545454545446
0.05937636363636363
-0.14669454545454544
0.04458363636363636
0.13868181818181818
0.06348545454545454
-0.023216363636363632
0.16641818181818183
0.1257381818181818
-0.025065454545454544
0.1216290909090909
-0.031023636363636364
0.01623090909090909
0.13025818181818183
-0.011094545454545454
0.09101636363636363
0.13313454545454545
-0.06964909090909091
0.03739272727272727
0.06081454545454545
-0.07519636363636363
0.05013090909090909
0.059170909090909087
-0.08382545454545455
-0.022805454545454542
0.08814
-0.04314545454545454
0.0470490909090909
0.09759090909090909
-0.07930545454545455
0.00041090909090909085
-0.02979090909090909
-0.08259272727272728
0.05793818181818181
-0.018696363636363636
-0.06553999999999999
0.21511090909090907
0.12799818181818182
-0.012738181818181817
0.1577890909090909
-0.03800909090909091
-0.09122181818181817
0.12039636363636362
-0.06266363636363637
-0.18306
0.11916363636363636
0.08115454545454545
0.06492363636363636
0.25784545454545454
0.03307818181818182
0.09533090909090909
0.2301090909090909
-0.09779636363636364
-0.06944363636363636
0.04951454545454545
-0.28044545454545455
-0.07314181818181818
0.056705454545454545
-0.19826363636363634
0.14936545454545455
0.20956363636363634
-0.015819999999999997
0.13313454545454545
0.12594363636363634
-0.0538290909090909
0.07807272727272727
0.04684363636363636
-0.07190909090909091
0.0565
-0.05362363636363636
0.036776363636363635
0.21963090909090907
0.034927272727272723
-0.007601818181818181
0.24202545454545452
0.07190909090909091
0.011505454545454544
0.18059454545454545
-0.08855090909090908
0.11176727272727273
0.16210363636363637
-0.12039636363636362
0.05362363636363636
0.06081454545454545
-0.04396727272727272
0.05608909090909091
-0.01992909090909091
-0.11977999999999998
0.055061818181818184
0.028763636363636363
-0.008218181818181819
0.14751636363636364
0.10950727272727273
0.038419999999999996
0.17977272727272728
0.03698181818181818
-0.08094909090909091
0.03410545454545454
-0.14607818181818183
-0.001438181818181818
-0.026298181818181814
-0.2177818181818182
0.05896545454545454
0.12717636363636362
0.046432727272727264
0.1370381818181818
0.11217818181818182
-0.02486
0.09718
0.06471818181818181
-0.12943636363636363
-0.06410181818181818
-0.01623090909090909
-0.07211454545454546
0.06553999999999999
-0.009656363636363637
-0.04376181818181818
0.2116181818181818
0.00041090909090909085
-0.021778181818181818
0.12286181818181818
-0.015203636363636362
-0.05732181818181818
0.09964545454545454
-0.027941818181818182
-0.07909999999999999
0.17895090909090908
-0.0024654545454545454
0.030612727272727274
0.048487272727272726
-0.013560000000000001
0.061841818181818185
-0.0024654545454545454
0.009245454545454545
0.07889454545454545
0.11587636363636362
-0.04314545454545454
0.10375454545454545
0.12512181818181817
-0.0628690909090909
0.08259272727272728
0.12491636363636363
-0.012532727272727272
0.02075090909090909
0.012532727272727272
-0.03903636363636363
0.22045272727272727
0.06040363636363636
0.055061818181818184
0.2070981818181818
-0.040063636363636364
0.04930909090909091
0.15676181818181817
-0.06225272727272727
-0.13991454545454546
0.07519636363636363
-0.15532363636363636
-0.1193690909090909
0.10539818181818181
0.00862909090909091
0.19086727272727272
0.14340727272727272
-0.0024654545454545454
0.07786727272727272
0.10827454545454546
-0.10909636363636364
0.0006163636363636364
0.043556363636363636
-0.1980581818181818
0.00226
0.06430727272727273
-0.023216363636363632
0.12142363636363637
0.10950727272727273
-0.00452
0.15922727272727272
0.0904
-0.008423636363636364
0.08279818181818181
0.005341818181818182
0.08362
0.1076581818181818
-0.09985090909090909
0.003698181818181818
0.21675454545454545
-0.10108363636363636
-0.08855090909090908
0.05465090909090909
-0.1608709090909091
0.04129636363636364
0.019107272727272726
-0.11053454545454545
0.014998181818181817
0.031845454545454545
0.0895781818181818
0.05177454545454545
0.010478181818181819
0.010478181818181819
0.05485636363636363
0.07293636363636363
-0.05999272727272727
0.09985090909090909
0.15142
-0.027736363636363635
0.18675818181818182
0.10149454545454545
0.014176363636363636
0.14669454545454544
0.003287272727272727
0.12429999999999998
0.010889090909090909
-0.10848000000000001
0.02650363636363636
-0.05259636363636363
-0.00452
0.027120000000000002
0.07108727272727272
0.04232363636363636
0.01992909090909091
0.12429999999999998
-0.014381818181818181
-0.01992909090909091
0.05341818181818182
-0.010067272727272725
0.04150181818181818
-0.042529090909090905
-0.030612727272727274
0.09245454545454544
0.014381818181818181
0.012738181818181817
0.05280181818181818
0.04972
-0.04314545454545454
0.06656727272727272
0.08814
-0.036776363636363635
0.18675818181818182
0.08423636363636364
0.02486
0.10745272727272726
-0.023216363636363632
0.09245454545454544
0.09389272727272728
-0.06143090909090909
-0.047665454545454546
0.018285454545454546
-0.07437454545454546
-0.005341818181818182
0.15758363636363634
-0.054240000000000003
0.02403818181818182
0.17792363636363634
-0.056705454545454545
0.05280181818181818
0.1035490909090909
-0.06595090909090909
0.03533818181818182
0.05711636363636363
-0.09265999999999999
0.0024654545454545454
0.08403090909090909
0.007396363636363636
0.06143090909090909
-0.061841818181818185
-0.021778181818181818
0.08731818181818181
0.012532727272727272
-0.02527090909090909
0.10396
0.06512909090909091
-0.024243636363636363
0.21449454545454544
-0.0024654545454545454
0.053212727272727266
0.11895818181818181
-0.09224909090909092
0.03554363636363636
-0.05362363636363636
-0.028147272727272726
0.11567090909090909
0.06163636363636363
-0.04417272727272727
0.15203636363636364
0.16477454545454545
-0.0008218181818181817
0.0967690909090909
0.010889090909090909
-0.08012727272727273
-0.029174545454545453
-0.041912727272727275
-0.06882727272727272
0.08875636363636363
-0.021367272727272728
0.027325454545454545
0.21326181818181816
-0.022805454545454542
0.09101636363636363
0.18162181818181816
-0.028969090909090906
-0.06348545454545454
-0.001438181818181818
-0.09122181818181817
-0.012327272727272727
0.009656363636363637
-0.030612727272727274
0.1224509090909091
0.00041090909090909085
0.025065454545454544
0.18121090909090906
0.11464363636363636
-0.01705272727272727
0.11793090909090909
0.10519272727272726
-0.09286545454545453
0.16128181818181817
0.1483381818181818
-0.05033636363636364
0.11998545454545453
0.014587272727272727
-0.08423636363636364
0.08136
-0.0786890909090909
-0.051569090909090905
0.06040363636363636
-0.05300727272727272
-0.01705272727272727
0.0678
0.031023636363636364
-0.02979090909090909
0.19148363636363636
-0.013765454545454546
-0.12306727272727273
0.19970181818181817
-0.10909636363636364
-0.04540545454545454
0.16621272727272726
-0.0904
0.11854727272727272
0.14751636363636364
0.010067272727272725
0.1637472727272727
0.02650363636363636
0.013354545454545456
0.08156545454545455
-0.07663454545454546
-0.15142
0.03903636363636363
0.1125890909090909
-0.11895818181818181
0.12060181818181817
0.13231272727272728
-0.05485636363636363
0.19086727272727272
0.005136363636363636
-0.04458363636363636
0.1012890909090909
-0.1076581818181818
-0.014998181818181817
0.11115090909090909
-0.0904
0.0452
0.1668290909090909
-0.06615636363636364
0.036776363636363635
0.09944
-0.15491272727272726
0.03821454545454545
0.09820727272727273
-0.22086363636363635
0.09081090909090908
0.14895454545454545
0.013970909090909091
0.22168545454545452
0.05341818181818182
-0.016436363636363638
0.15409090909090908
0.054034545454545446
-0.10252181818181817
0.10601454545454544
0.027736363636363635
-0.029585454545454543
0.21922
0.03616
0.07786727272727272
0.2296981818181818
-0.02075090909090909
-0.03554363636363636
0.001438181818181818
-0.18244363636363634
0.005958181818181818
0.03225636363636363
-0.12080727272727272
0.1479272727272727
0.09163272727272727
0.02239454545454545
0.25538
0.11690363636363636
-0.04294
0.13107999999999997
-0.011094545454545454
-0.15162545454545454
0.07334727272727272
-0.09142727272727272
-0.039241818181818176
0.10930181818181818
-0.043350909090909086
0.05855454545454545
0.07519636363636363
0.001849090909090909
0.06759454545454545
0.09224909090909092
-0.0786890909090909
-0.056705454545454545
0.12409454545454546
0.06410181818181818
0.029174545454545453
0.1224509090909091
0.009861818181818182
-0.005752727272727272
0.0727309090909091
-0.08033272727272728
-0.014998181818181817
-0.02013454545454545
-0.11505454545454545
0.028969090909090906
0.08279818181818181
-0.0010272727272727274
0.031023636363636364
0.11546545454545454
0.01992909090909091
0.048487272727272726
0.02486
-0.024654545454545453
-0.010272727272727272
-0.0452
0.03698181818181818
0.06862181818181817
0.08012727272727273
0.08937272727272727
0.18490909090909088
0.025065454545454544
-0.06163636363636363
0.17854
-0.06101999999999999
-0.06800545454545455
0.13395636363636362
-0.15758363636363634
0.07889454545454545
0.21901454545454546
-0.013560000000000001
0.18388181818181817
0.09923454545454545
0.09265999999999999
0.13683272727272727
0.007190909090909091
-0.08711272727272727
-0.08608545454545455
0.02527090909090909
-0.22538363636363634
0.02239454545454545
0.18470363636363635
-0.1495709090909091
0.2188090909090909
0.13025818181818183
-0.18059454545454545
0.18018363636363635
0.003698181818181818
-0.030407272727272724
0.1600490909090909
-0.07211454545454546
0.04396727272727272
0.04437818181818182
0.03451636363636364
0.13498363636363636
0.03328363636363636
-0.07930545454545455
0.00020545454545454542
0.1678563636363636
-0.04930909090909091
0.02403818181818182
0.09738545454545454
-0.03903636363636363
0.113
0.05095272727272727
-0.08074363636363636
0.12224545454545453
0.005136363636363636
-0.13436727272727272
0.08320909090909091
-0.1419690909090909
-0.07375818181818182
0.16908909090909088
0.0940981818181818
0.09286545454545453
0.16292545454545454
0.08300363636363636
0.031229090909090908
0.14361272727272725
-0.12532727272727273
-0.10252181818181817
-0.015203636363636362
-0.10909636363636364
-0.02116181818181818
0.018285454545454546
0.0741690909090909
0.17360909090909088
0.15614545454545453
0.07930545454545455
0.17258181818181817
0.011916363636363636
0.046432727272727264
0.09841272727272728
-0.042529090909090905
-0.021778181818181818
-0.028969090909090906
0.0447890909090909
0.020545454545454544
0.06143090909090909
0.02116181818181818
0.029585454545454543
0.1721709090909091
-0.04109090909090909
-0.13231272727272728
0.15162545454545454
-0.06369090909090909
-0.06492363636363636
0.19826363636363634
-0.08012727272727273
0.11423272727272726
0.07601818181818182
-0.02013454545454545
0.11197272727272727
-0.04828181818181818
0.012943636363636362
-0.01890181818181818
0.0447890909090909
0.012943636363636362
-0.0030818181818181817
0.07909999999999999
-0.027530909090909092
0.09327636363636364
0.07848363636363635
-0.05711636363636363
0.1017
0.027325454545454545
-0.06595090909090909
0.13169636363636364
-0.05793818181818181
0.008218181818181819
0.22312363636363636
-0.029174545454545453
-0.029996363636363634
0.11813636363636362
0.016436363636363638
-0.06471818181818181
-0.012327272727272727
-0.15450181818181818
-0.09779636363636364
0.01849090909090909
-0.08629090909090908
0.11238363636363637
0.21244
-0.00226
0.0918381818181818
0.14361272727272725
-0.08649636363636364
0.08752363636363636
0.12060181818181817
-0.16662363636363633
-0.05711636363636363
0.08300363636363636
0.008218181818181819
0.07971636363636364
0.06636181818181817
0.07663454545454546
0.2527090909090909
0.031023636363636364
-0.013560000000000001
0.21100181818181818
0.035954545454545454
0.03554363636363636
0.12799818181818182
-0.03965272727272728
0.07314181818181818
0.11895818181818181
-0.06595090909090909
0.1103290909090909
0.010067272727272725
-0.22826000000000002
0.05095272727272727
0.01725818181818182
-0.16354181818181818
0.04684363636363636
0.03739272727272727
-0.019518181818181816
0.13498363636363636
0.03246181818181818
0.001849090909090909
0.14237999999999998
-0.00452
0.013149090909090907
0.1495709090909091
-0.06944363636363636
0.05198
0.19826363636363634
-0.02938
0.09245454545454544
0.1329290909090909
-0.019107272727272726
0.06512909090909091
0.005136363636363636
-0.09204363636363636
0.019107272727272726
-0.03410545454545454
-0.08752363636363636
0.0538290909090909
0.05691090909090909
-0.016025454545454544
0.10642545454545453
0.07581272727272727
-0.043350909090909086
0.06348545454545454
-0.07314181818181818
-0.04294
0.06964909090909091
-0.11628727272727273
0.019723636363636363
0.07047090909090908
-0.06533454545454545
0.04417272727272727
0.10334363636363636
0.01623090909090909
0.014381818181818181
0.06492363636363636
0.06410181818181818
0.0113
0.04109090909090909
0.09389272727272728
0.1397090909090909
0.19045636363636362
-0.07088181818181817
0.040063636363636364
0.2504490909090909
-0.017874545454545452
0.04437818181818182
-0.033694545454545456
-0.16744545454545454
0.032872727272727276
-0.0012327272727272727
-0.0452
0.12142363636363637
0.10539818181818181
-0.02075090909090909
0.06595090909090909
0.10868545454545453
0.05937636363636363
0.13868181818181818
0.005547272727272727
-0.14402363636363635
0.11772545454545454
-0.039241818181818176
-0.055678181818181814
0.16621272727272726
-0.06348545454545454
-0.07560727272727272
-0.013560000000000001
-0.016436363636363638
0.06410181818181818
0.15409090909090908
-0.05732181818181818
0.039241818181818176
0.2138781818181818
-0.032872727272727276
0.1479272727272727
0.16724
-0.09594727272727273
0.04047454545454546
0.012532727272727272
-0.20442727272727274
0.11793090909090909
0.08362
-0.03307818181818182
0.19723636363636363
0.008012727272727272
0.09615272727272728
0.12717636363636362
-0.06389636363636363
-0.0008218181818181817
0.017463636363636362
-0.13190181818181818
-0.12388909090909091
0.07560727272727272
-0.013560000000000001
0.009245454545454545
0.22004181818181817
0.08444181818181817
0.06759454545454545
0.21922
0.0069854545454545456
0.0538290909090909
-0.019518181818181816
-0.1610763636363636
0.045610909090909084
-0.13765454545454545
-0.04684363636363636
0.09820727272727273
0.0012327272727272727
0.03143454545454545
0.1193690909090909
0.15080363636363636
0.040063636363636364
0.11176727272727273
0.13231272727272728
0.013970909090909091
-0.005341818181818182
0.06862181818181817
0.039241818181818176
0.05198
0.020956363636363638
-0.03616
-0.0039036363636363635
-0.06923818181818181
-0.02691454545454545
-0.03636545454545455
-0.028352727272727273
0.044994545454545454
0.06656727272727272
-0.018696363636363636
0.05526727272727273
0.14402363636363635
-0.010067272727272725
0.12758727272727272
0.05341818181818182
-0.12101272727272726
0.005341818181818182
0.02157272727272727
0.00226
0.10190545454545454
0.09327636363636364
-0.01890181818181818
0.12902545454545453
0.08875636363636363
-0.011094545454545454
0.13827090909090908
-0.012738181818181817
-0.1766909090909091
0.04109090909090909
0.00862909090909091
-0.0764290909090909
0.18490909090909088
0.10704181818181817
0.06101999999999999
0.16703454545454544
0.01766909090909091
0.04746
0.1325181818181818
-0.09553636363636364
-0.07232
0.07375818181818182
-0.07807272727272727
0.04129636363636364
0.05115818181818182
-0.012738181818181817
0.09348181818181817
0.015614545454545454
-0.04047454545454546
0.0024654545454545454
0.07211454545454546
-0.014998181818181817
0.022805454545454542
0.09512545454545453
-0.028147272727272726
0.16929454545454545
0.1314909090909091
-0.08772909090909091
0.13025818181818183
0.00041090909090909085
-0.08834545454545455
0.07211454545454546
-0.06862181818181817
0.01664181818181818
0.07458
0.03328363636363636
0.14012
0.08896181818181817
0.06307454545454545
0.06574545454545455
-0.022805454545454542
-0.07129272727272727
-0.01849090909090909
-0.10026181818181817
-0.13827090909090908
0.10806909090909089
0.08279818181818181
0.03410545454545454
0.18758
0.09163272727272727
0.07519636363636363
0.11115090909090909
-0.09923454545454545
-0.04294
0.05115818181818182
-0.17176
-0.06800545454545455
0.08978363636363636
0.00226
0.18490909090909088
0.18285454545454544
-0.05855454545454545
0.11834181818181817
0.1257381818181818
-0.07334727272727272
0.08998909090909091
0.04458363636363636
-0.0895781818181818
0.12594363636363634
0.07683999999999999
-0.08094909090909091
0.12861454545454545
0.025887272727272724
-0.010478181818181819
0.1826490909090909
-0.08403090909090909
-0.06040363636363636
0.14422909090909092
0.002876363636363636
-0.02979090909090909
0.09615272727272728
0.015409090909090907
0.03451636363636364
0.15121454545454543
-0.03410545454545454
-0.02650363636363636
0.055061818181818184
-0.0741690909090909
-0.010478181818181819
0.16046
-0.027120000000000002
0.11135636363636363
0.2753090909090909
-0.09861818181818181
0.05876
0.07519636363636363
-0.1528581818181818
0.04047454545454546
-0.005341818181818182
-0.18860727272727273
0.043556363636363636
0.1682672727272727
-0.015203636363636362
0.17011636363636362
0.1510090909090909
-0.005136363636363636
0.19189454545454546
0.054240000000000003
-0.19004545454545455
0.0006163636363636364
-0.16498
-0.25579090909090907
0.08177090909090909
-0.05115818181818182
0.03616
0.18901818181818184
0.11895818181818181
0.05465090909090909
0.14053090909090907
0.03328363636363636
-0.10334363636363636
0.1337509090909091
-0.1676509090909091
-0.013560000000000001
0.1076581818181818
-0.08608545454545455
0.2153163636363636
0.0727309090909091
-0.007601818181818181
0.17997818181818181
0.06738909090909091
-0.036776363636363635
0.19477090909090908
0.06163636363636363
-0.10622
0.10108363636363636
0.04787090909090909
0.013354545454545456
-0.0041090909090909095
-0.04068
0.016025454545454544
0.09594727272727273
-0.040063636363636364
0.015614545454545454
0.1216290909090909
-0.027530909090909092
0.16292545454545454
0.19025090909090905
0.03225636363636363
0.08855090909090908
0.11505454545454545
-0.040885454545454544
-0.00226
-0.05547272727272727
-0.11649272727272726
0.08814
-0.0895781818181818
-0.009245454545454545
0.19785272727272726
0.1103290909090909
0.1296418181818182
0.11464363636363636
0.02403818181818182
-0.0069854545454545456
0.04807636363636364
0.003287272727272727
-0.023216363636363632
-0.024243636363636363
-0.12512181818181817
0.028558181818181816
0.09882363636363636
-0.08731818181818181
0.09389272727272728
0.08978363636363636
-0.05937636363636363
0.0020545454545454547
0.0
-0.029174545454545453
-0.14505090909090906
0.0008218181818181817
0.05300727272727272
-0.007396363636363636
0.05259636363636363
0.03739272727272727
0.16046
0.06882727272727272
-0.1216290909090909
0.0805381818181818
0.03533818181818182
-0.04910363636363636
0.18347090909090907
0.02116181818181818
-0.010272727272727272
0.052390909090909085
0.07519636363636363
0.06143090909090909
-0.0030818181818181817
0.06595090909090909
-0.07601818181818182
0.07827818181818182
-0.0034927272727272728
0.013765454545454546
0.24305272727272725
0.001849090909090909
0.04684363636363636
0.16662363636363633
0.05115818181818182
-0.01992909090909091
0.10272727272727272
-0.0402690909090909
-0.10087818181818181
-0.06143090909090909
-0.14073636363636363
0.07745636363636363
0.1103290909090909
0.0470490909090909
0.11012363636363637
0.10416545454545453
-0.04396727272727272
0.08238727272727273
0.03944727272727273
-0.0727309090909091
0.08505818181818181
-0.044994545454545454
-0.06451272727272726
0.06574545454545455
0.13477818181818182
0.08279818181818181
0.19312727272727273
0.09122181818181817
0.03246181818181818
0.19600363636363635
-0.04828181818181818
0.02157272727272727
0.04889818181818182
-0.12101272727272726
0.07992181818181819
0.06122545454545455
-0.13868181818181818
0.08690727272727272
0.12060181818181817
-0.06841636363636364
-0.02444909090909091
-0.06533454545454545
-0.055883636363636364
-0.0226
-0.010683636363636364
-0.0034927272727272728
0.07129272727272727
0.03451636363636364
0.027120000000000002
0.1962090909090909
-0.04211818181818182
-0.028763636363636363
0.11526
-0.07786727272727272
-0.01705272727272727
0.11464363636363636
0.06882727272727272
0.04622727272727272
0.10950727272727273
0.06471818181818181
0.10827454545454546
0.045610909090909084
-0.05691090909090909
0.14505090909090906
-0.012738181818181817
-0.18449818181818184
0.07437454545454546
0.041707272727272725
-0.03903636363636363
0.08649636363636364
0.020956363636363638
-0.005958181818181818
0.05855454545454545
0.07807272727272727
-0.01808
0.010889090909090909
0.027120000000000002
-0.06307454545454545
0.08341454545454545
-0.0447890909090909
0.028558181818181816
0.1495709090909091
-0.09327636363636364
0.06143090909090909
0.10642545454545453
-0.09594727272727273
0.011916363636363636
0.1727872727272727
-0.007601818181818181
0.02670909090909091
0.14073636363636363
0.043350909090909086
0.18141636363636363
0.1723763636363636
0.045816363636363634
0.10375454545454545
0.02362727272727273
-0.17114363636363633
0.046432727272727264
-0.07478545454545454
-0.23524545454545454
0.17730727272727273
0.03985818181818182
-0.11053454545454545
0.10663090909090908
0.11669818181818181
0.010889090909090909
0.12799818181818182
0.02362727272727273
-0.055061818181818184
0.13190181818181818
-0.08937272727272727
0.02568181818181818
0.19189454545454546
-0.05177454545454545
-0.007807272727272727
0.13354545454545455
-0.13190181818181818
-0.061841818181818185
0.19703090909090906
-0.07622363636363635
0.06944363636363636
0.09594727272727273
-0.07766181818181818
0.17751272727272727
0.1257381818181818
-0.05773272727272727
0.1076581818181818
0.016436363636363638
-0.20463272727272727
0.10293272727272727
-0.02486
-0.14361272727272725
0.16600727272727273
0.1464890909090909
0.12717636363636362
0.17319818181818183
0.06204727272727273
-0.0041090909090909095
0.17114363636363633
-0.0918381818181818
-0.12594363636363634
0.01171090909090909
-0.1721709090909091
0.027325454545454545
0.004930909090909091
-0.04869272727272727
0.12101272727272726
0.16292545454545454
0.03513272727272727
0.13683272727272727
0.031023636363636364
-0.12368363636363637
0.11854727272727272
-0.031639999999999995
-0.09923454545454545
-0.019312727272727273
0.016847272727272728
0.007807272727272727
0.15614545454545453
0.03903636363636363
-0.02486
0.22230181818181818
-0.08711272727272727
0.09327636363636364
0.1419690909090909
-0.11320545454545454
0.1247109090909091
0.15409090909090908
-0.01808
0.008423636363636364
0.037598181818181815
-0.01890181818181818
0.039241818181818176
-0.1076581818181818
-0.08752363636363636
0.0016436363636363634
0.09224909090909092
-0.01171090909090909
0.005547272727272727
0.19867454545454544
-0.042529090909090905
0.17484181818181818
0.08588
-0.10026181818181817
0.08300363636363636
-0.07704545454545454
-0.03739272727272727
0.13827090909090908
-0.014792727272727272
0.026298181818181814
0.23195818181818179
0.05876
0.09122181818181817
0.05773272727272727
0.003287272727272727
0.05691090909090909
-0.00945090909090909
-0.09985090909090909
-0.13724363636363635
0.09430363636363637
-0.02075090909090909
0.1012890909090909
0.20072909090909088
-0.09163272727272727
0.13005272727272726
0.17525272727272728
-0.06410181818181818
0.0008218181818181817
0.07334727272727272
-0.09142727272727272
-0.003287272727272727
0.04807636363636364
-0.06081454545454545
0.05115818181818182
0.06369090909090909
-0.01705272727272727
0.019312727272727273
-0.051569090909090905
-0.14628363636363637
0.08731818181818181
-0.034310909090909086
-0.019312727272727273
0.21634363636363635
0.045610909090909084
0.0764290909090909
0.15388545454545455
0.05259636363636363
0.01705272727272727
0.06862181818181817
-0.062458181818181815
-0.02403818181818182
0.07067636363636363
-0.04047454545454546
0.08485272727272727
0.19682545454545455
0.059170909090909087
0.02239454545454545
0.05444545454545455
-0.05547272727272727
0.007396363636363636
-0.09081090909090908
-0.10313818181818181
0.045610909090909084
-0.028147272727272726
0.11053454545454545
0.1727872727272727
0.1415581818181818
0.1623090909090909
0.15491272727272726
-0.040885454545454544
-0.01808
0.07704545454545454
-0.16272
-0.04889818181818182
-0.045610909090909084
-0.045610909090909084
0.12943636363636363
0.06903272727272727
0.0904
0.12943636363636363
0.060609090909090904
0.002670909090909091
0.11423272727272726
0.030612727272727274
-0.05362363636363636
0.11156181818181818
0.06512909090909091
-0.023216363636363632
0.060609090909090904
0.10087818181818181
-0.06574545454545455
0.013560000000000001
0.08033272727272728
-0.1325181818181818
-0.056705454545454545
-0.03883090909090909
-0.00041090909090909085
0.06019818181818181
-0.1341618181818182
0.06040363636363636
0.15265272727272727
-0.02650363636363636
0.07108727272727272
0.07704545454545454
0.010272727272727272
-0.01623090909090909
0.01849090909090909
0.032667272727272725
0.006574545454545454
0.17176
0.08300363636363636
0.027941818181818182
0.09286545454545453
-0.13231272727272728
0.10868545454545453
0.04869272727272727
-0.21285090909090906
0.1356
-0.011505454545454544
-0.05054181818181818
0.1836763636363636
0.04910363636363636
0.07252545454545453
0.18901818181818184
0.0786890909090909
-0.05218545454545454
0.02157272727272727
-0.07047090909090908
-0.12697090909090908
-0.003698181818181818
-0.07129272727272727
-0.023216363636363632
0.20586545454545455
0.030818181818181814
0.08279818181818181
0.29544363636363635
-0.1148490909090909
0.07396363636363636
0.15799454545454544
-0.11217818181818182
0.09019454545454544
0.006574545454545454
-0.027941818181818182
0.09718
0.0452
-0.007807272727272727
0.15306363636363635
0.06101999999999999
-0.06430727272727273
0.13231272727272728
0.005547272727272727
-0.08814
0.17258181818181817
0.03985818181818182
-0.06410181818181818
0.19292181818181817
-0.07951090909090908
0.012327272727272727
0.07540181818181818
-0.17566363636363633
0.10806909090909089
-0.04889818181818182
-0.10231636363636364
0.09923454545454545
0.12019090909090908
0.020545454545454544
0.02670909090909091
0.19066181818181818
-0.03821454545454545
-0.022805454545454542
0.00020545454545454542
-0.1341618181818182
-0.0024654545454545454
-0.08444181818181817
-0.10375454545454545
0.22928727272727273
0.043556363636363636
0.06410181818181818
0.3172218181818182
0.02342181818181818
0.13272363636363635
0.06369090909090909
-0.005752727272727272
-0.06677272727272728
-0.12717636363636362
0.0
-0.08382545454545455
0.06451272727272726
-0.03657090909090909
0.14669454545454544
0.15203636363636364
-0.07601818181818182
0.10334363636363636
0.07766181818181818
-0.056705454545454545
-0.028969090909090906
0.05855454545454545
-0.09512545454545453
0.1325181818181818
0.08444181818181817
-0.0226
0.1881963636363636
0.002876363636363636
0.013970909090909091
0.09697454545454545
0.018285454545454546
-0.04437818181818182
0.12039636363636362
-0.04602181818181818
0.0008218181818181817
0.16806181818181817
-0.09738545454545454
0.03307818181818182
0.17771818181818183
0.010683636363636364
-0.08464727272727272
0.15491272727272726
-0.06471818181818181
-0.02034
0.18511454545454545
-0.06451272727272726
0.12491636363636363
0.08362
-0.019518181818181816
0.07170363636363636
0.05608909090909091
-0.11053454545454545
-0.02979090909090909
-0.01705272727272727
-0.22230181818181818
0.0041090909090909095
0.027736363636363635
0.011505454545454544
0.14484545454545456
0.09594727272727273
-0.008012727272727272
0.13354545454545455
0.012327272727272727
-0.09224909090909092
0.11012363636363637
-0.14772181818181818
-0.12306727272727273
0.0006163636363636364
-0.05855454545454545
0.07355272727272727
0.24695636363636364
0.12101272727272726
0.09163272727272727
0.23586181818181817
0.007190909090909091
0.14525636363636363
0.05280181818181818
-0.0967690909090909
0.1397090909090909
-0.023832727272727273
-0.08094909090909091
0.07930545454545455
0.06040363636363636
-0.04458363636363636
0.0339
-0.028558181818181816
-0.1631309090909091
-0.0069854545454545456
0.06800545454545455
0.008834545454545454
0.07478545454545454
-0.027325454545454545
0.027325454545454545
0.2142890909090909
-0.02527090909090909
0.1171090909090909
0.0628690909090909
-0.06389636363636363
0.22045272727272727
0.026298181818181814
-0.002876363636363636
0.15162545454545454
0.11567090909090909
0.06677272727272728
0.04437818181818182
-0.00041090909090909085
-0.02218909090909091
0.04417272727272727
-0.03800909090909091
-0.11813636363636362
-0.07355272727272727
-0.02034
0.029996363636363634
0.11546545454545454
0.05280181818181818
0.015819999999999997
0.1469
0.024243636363636363
0.0
0.07006
-0.14176363636363634
-0.09101636363636363
0.05177454545454545
-0.08074363636363636
-0.0041090909090909095
0.06143090909090909
-0.04663818181818182
0.0741690909090909
0.09492
0.0008218181818181817
0.0008218181818181817
0.10991818181818182
0.05280181818181818
0.007601818181818181
0.1257381818181818
-0.0024654545454545454
0.1721709090909091
0.15491272727272726
-0.03554363636363636
0.1193690909090909
0.0039036363636363635
-0.12265636363636362
0.05259636363636363
-0.04725454545454546
-0.17484181818181818
0.18449818181818184
-0.00020545454545454542
-0.04314545454545454
0.15984363636363638
-0.005752727272727272
0.11895818181818181
0.11977999999999998
-0.0226
-0.03965272727272728
0.09964545454545454
-0.05876
0.006574545454545454
0.11587636363636362
-0.07807272727272727
0.008012727272727272
0.07067636363636363
0.015203636363636362
-0.00226
0.09122181818181817
-0.12224545454545453
0.1306690909090909
0.12655999999999998
-0.11443818181818181
0.1713490909090909
0.061841818181818185
0.05999272727272727
0.10437090909090908
0.01664181818181818
-0.06923818181818181
0.08937272727272727
-0.07211454545454546
-0.06389636363636363
0.09060545454545453
-0.09512545454545453
0.20504363636363634
0.14628363636363637
-0.008218181818181819
0.1374490909090909
0.15224181818181817
-0.09964545454545454
0.016847272727272728
0.05876
-0.18326545454545454
-0.05691090909090909
-0.0034927272727272728
0.030818181818181814
0.0452
0.1676509090909091
0.027120000000000002
0.1479272727272727
0.07704545454545454
-0.09286545454545453
0.10930181818181818
-0.15532363636363636
-0.05547272727272727
0.05608909090909091
-0.06225272727272727
-0.06225272727272727
0.19230545454545456
0.1321072727272727
0.05896545454545454
0.17484181818181818
-0.027530909090909092
0.11053454545454545
0.09224909090909092
0.07211454545454546
-0.01808
0.026298181818181814
0.010067272727272725
-0.005958181818181818
0.10560363636363636
-0.14135272727272727
0.04972
-0.026298181818181814
-0.12594363636363634
0.009656363636363637
-0.012121818181818182
-0.08074363636363636
0.15491272727272726
0.18059454545454545
-0.08588
0.1577890909090909
0.05033636363636364
0.06081454545454545
0.11628727272727273
-0.07951090909090908
-0.07047090909090908
0.029996363636363634
-0.06204727272727273
-0.001438181818181818
0.1939490909090909
-0.027530909090909092
0.11587636363636362
0.15409090909090908
0.03225636363636363
-0.014381818181818181
0.03472181818181818
-0.03800909090909091
-0.1247109090909091
0.08320909090909091
-0.11423272727272726
0.11238363636363637
0.15409090909090908
-0.0010272727272727274
0.19456545454545454
0.03821454545454545
-0.09800181818181818
0.09471454545454545
0.06348545454545454
-0.1808
0.038625454545454546
0.00945090909090909
-0.033489090909090906
0.10375454545454545
0.03451636363636364
0.00020545454545454542
0.13231272727272728
0.057527272727272726
-0.11156181818181818
0.08875636363636363
-0.09224909090909092
0.029996363636363634
0.22620545454545452
-0.08156545454545455
0.07663454545454546
0.23442363636363636
0.0006163636363636364
0.024654545454545453
0.15162545454545454
-0.09450909090909092
-0.02198363636363636
0.04930909090909091
-0.05547272727272727
0.11977999999999998
0.07190909090909091
0.05054181818181818
0.19888
0.016847272727272728
-0.12553272727272727
0.11094545454545454
-0.04458363636363636
-0.15347454545454545
0.03944727272727273
-0.10950727272727273
-0.03821454545454545
0.1633363636363636
0.07519636363636363
0.13621636363636364
0.2183981818181818
-0.02486
0.06862181818181817
0.08505818181818181
-0.19066181818181818
-0.001849090909090909
-0.008423636363636364
-0.13107999999999997
0.018696363636363636
0.06348545454545454
0.05485636363636363
0.10416545454545453
0.1088909090909091
0.0764290909090909
0.027325454545454545
-0.013354545454545456
0.030612727272727274
0.0
0.01705272727272727
0.06821090909090909
0.054034545454545446
0.03410545454545454
0.03472181818181818
0.03143454545454545
-0.0012327272727272727
0.026298181818181814
-0.0012327272727272727
-0.03328363636363636
-0.05629454545454545
0.014792727272727272
0.04232363636363636
0.026298181818181814
0.04437818181818182
0.0339
0.07519636363636363
-0.013354545454545456
0.014176363636363636
0.08670181818181817
0.011505454545454544
-0.027530909090909092
0.14053090909090907
0.18984
0.0967690909090909
0.16498
0.08793454545454545
0.03718727272727273
-0.027530909090909092
-0.10293272727272727
-0.06307454545454545
-0.02034
-0.06964909090909091
-0.10026181818181817
0.08362
0.03307818181818182
0.1193690909090909
0.3408490909090909
0.08444181818181817
0.019312727272727273
0.1356
-0.10745272727272726
-0.11813636363636362
-0.09245454545454544
-0.1682672727272727
0.008834545454545454
-0.03780363636363636
-0.027736363636363635
0.12779272727272725
0.16169272727272727
0.042734545454545456
0.08588
0.11690363636363636
-0.15162545454545454
0.024243636363636363
0.05855454545454545
-0.10622
0.07088181818181817
-0.02301090909090909
-0.0030818181818181817
0.16148727272727273
-0.02403818181818182
0.06081454545454545
0.19333272727272727
0.028969090909090906
0.0727309090909091
0.05341818181818182
-0.06964909090909091
0.016025454545454544
0.0918381818181818
-0.023832727272727273
-0.03554363636363636
-0.02239454545454545
-0.14751636363636364
0.11628727272727273
0.06964909090909091
-0.20504363636363634
0.14073636363636363
0.16888363636363635
0.03739272727272727
0.20607090909090908
0.13539454545454546
0.09574181818181818
0.14135272727272727
-0.061841818181818185
-0.1193690909090909
0.0226
-0.10683636363636365
-0.14402363636363635
0.11176727272727273
0.042734545454545456
0.011916363636363636
0.2525036363636364
0.1678563636363636
0.1454618181818182
0.1356
0.021367272727272728
0.1076581818181818
0.007190909090909091
-0.11628727272727273
-0.028969090909090906
0.008218181818181819
-0.09348181818181817
0.029996363636363634
0.1464890909090909
-0.07663454545454546
0.06327999999999999
0.2029890909090909
-0.13005272727272726
-0.023216363636363632
0.0339
-0.1337509090909091
0.11628727272727273
0.012121818181818182
-0.0470490909090909
0.16806181818181817
-0.0008218181818181817
-0.04294
0.18121090909090906
-0.016025454545454544
-0.10601454545454544
0.11074
-0.04458363636363636
-0.033489090909090906
0.14176363636363634
0.023832727272727273
-0.09265999999999999
0.08012727272727273
-0.01890181818181818
-0.09224909090909092
0.13457272727272726
-0.07355272727272727
0.0024654545454545454
0.11526
-0.09081090909090908
0.1865527272727273
0.20175636363636362
-0.03513272727272727
0.22805454545454545
0.07992181818181819
-0.1284090909090909
0.13231272727272728
-0.09450909090909092
-0.24469636363636363
-0.04684363636363636
-0.08033272727272728
-0.05773272727272727
0.14094181818181817
0.07560727272727272
0.06081454545454545
0.21182363636363635
0.003287272727272727
0.045816363636363634
0.14135272727272727
-0.08094909090909091
-0.02116181818181818
0.11834181818181817
-0.08978363636363636
-0.04047454545454546
0.21305636363636363
0.06204727272727273
0.17360909090909088
0.20894727272727273
0.00226
0.13025818181818183
0.07108727272727272
-0.07129272727272727
0.10334363636363636
-0.010272727272727272
-0.07211454545454546
0.13683272727272727
-0.03636545454545455
0.02157272727272727
0.05218545454545454
-0.054240000000000003
0.016436363636363638
-0.08485272727272727
-0.10231636363636364
0.015203636363636362
0.08793454545454545
0.013765454545454546
0.07827818181818182
0.08814
-0.0030818181818181817
0.12491636363636363
0.10642545454545453
-0.08896181818181817
-0.012738181818181817
0.10827454545454546
-0.025476363636363634
0.03020181818181818
0.09820727272727273
0.08259272727272728
0.10416545454545453
0.02527090909090909
0.06040363636363636
0.09368727272727272
-0.08608545454545455
-0.05855454545454545
0.057527272727272726
-0.19374363636363634
-0.09861818181818181
0.07314181818181818
0.0024654545454545454
0.12861454545454545
0.01766909090909091
0.03410545454545454
0.1586109090909091
-0.0226
-0.03903636363636363
0.02938
-0.04972
-0.08403090909090909
0.03636545454545455
0.07293636363636363
-0.07170363636363636
0.061841818181818185
0.18223818181818183
-0.01705272727272727
0.06903272727272727
0.016025454545454544
-0.021778181818181818
0.19436
-0.04376181818181818
0.07355272727272727
0.22209636363636362
-0.041707272727272725
0.07047090909090908
0.2120290909090909
0.05547272727272727
-0.09594727272727273
0.06410181818181818
-0.009245454545454545
-0.12183454545454545
-0.013354545454545456
-0.053212727272727266
0.08218181818181818
0.06512909090909091
-0.05280181818181818
0.07232
0.1125890909090909
-0.04663818181818182
0.08916727272727272
0.1247109090909091
-0.13642181818181817
0.11279454545454545
0.11916363636363636
-0.018285454545454546
0.06841636363636364
0.02342181818181818
0.017463636363636362
0.06882727272727272
-0.025887272727272724
-0.15676181818181817
0.13313454545454545
0.01808
-0.07663454545454546
0.17319818181818183
-0.04047454545454546
0.07252545454545453
0.24346363636363635
-0.010067272727272725
-0.007601818181818181
0.0805381818181818
-0.09430363636363637
-0.006574545454545454
0.1035490909090909
-0.061841818181818185
0.07786727272727272
0.19600363636363635
0.06553999999999999
0.07026545454545453
0.12450545454545454
-0.02691454545454545
0.0
-0.040885454545454544
-0.19292181818181817
-0.001849090909090909
-0.06327999999999999
-0.059170909090909087
0.1292309090909091
0.047665454545454546
0.05958181818181818
0.20668727272727272
0.08300363636363636
0.039241818181818176
0.06307454545454545
-0.08012727272727273
-0.018696363636363636
-0.02486
-0.055883636363636364
0.02198363636363636
0.08136
0.004314545454545455
0.06862181818181817
0.14628363636363637
-0.019312727272727273
0.0628690909090909
0.09697454545454545
0.007190909090909091
0.038419999999999996
0.054240000000000003
-0.004314545454545455
0.06656727272727272
0.040063636363636364
-0.02609272727272727
0.07149818181818181
-0.10971272727272725
-0.10991818181818182
0.07108727272727272
-0.035954545454545454
-0.16148727272727273
0.10745272727272726
0.15388545454545455
-0.03205090909090909
0.1356
0.10724727272727272
0.1058090909090909
0.10190545454545454
0.018285454545454546
-0.009861818181818182
0.035749090909090904
-0.043350909090909086
-0.027736363636363635
0.19888
-0.029996363636363634
0.07663454545454546
0.19045636363636362
-0.041912727272727275
0.10375454545454545
0.14279090909090908
-0.15059818181818183
-0.054034545454545446
0.06944363636363636
-0.13991454545454546
0.039241818181818176
0.10519272727272726
0.09615272727272728
0.16415818181818181
0.07704545454545454
0.01992909090909091
0.15306363636363635
0.06964909090909091
-0.16518545454545455
0.14361272727272725
-0.07745636363636363
-0.14710545454545454
0.18306
-0.04294
-0.02486
0.05773272727272727
0.002876363636363636
-0.07067636363636363
0.005958181818181818
0.03513272727272727
-0.028558181818181816
0.09964545454545454
0.03821454545454545
0.08444181818181817
0.13457272727272726
-0.05218545454545454
0.13457272727272726
0.16025454545454546
-0.18326545454545454
0.021778181818181818
0.025887272727272724
-0.10663090909090908
0.09841272727272728
0.007807272727272727
0.07704545454545454
0.12142363636363637
-0.01808
0.11053454545454545
0.043556363636363636
-0.17093818181818182
0.01992909090909091
0.02486
-0.20216727272727272
-0.028147272727272726
0.15080363636363636
0.07252545454545453
0.17628
0.23504
0.04663818181818182
0.09841272727272728
0.10642545454545453
-0.0764290909090909
-0.054240000000000003
-0.05855454545454545
-0.15922727272727272
0.045816363636363634
0.0452
-0.006574545454545454
0.2301090909090909
0.07458
0.0741690909090909
0.2097690909090909
-0.03903636363636363
0.03533818181818182
0.1296418181818182
-0.04869272727272727
0.044994545454545454
0.03451636363636364
-0.030612727272727274
0.1103290909090909
0.09163272727272727
-0.02444909090909091
0.07725090909090909
0.0470490909090909
-0.1076581818181818
0.04232363636363636
-0.027736363636363635
-0.15532363636363636
0.09656363636363637
0.09224909090909092
-0.10457636363636363
0.08012727272727273
0.09122181818181817
-0.00904
0.10313818181818181
-0.001438181818181818
-0.040063636363636364
0.0904
0.09615272727272728
0.001438181818181818
0.20072909090909088
0.06923818181818181
-0.1284090909090909
0.18326545454545454
-0.10252181818181817
-0.06081454545454545
0.13642181818181817
-0.15963818181818182
-0.05362363636363636
0.05547272727272727
0.03965272727272728
0.10683636363636365
0.1631309090909091
0.09985090909090909
0.14073636363636363
0.013560000000000001
-0.1360109090909091
-0.00452
-0.11752
-0.2342181818181818
-0.001438181818181818
0.07786727272727272
-0.07971636363636364
0.23791636363636362
0.22846545454545453
-0.003698181818181818
0.2584618181818182
0.09101636363636363
-0.05485636363636363
0.11012363636363637
-0.10087818181818181
-0.09820727272727273
0.1464890909090909
-0.14176363636363634
0.03821454545454545
0.2301090909090909
-0.11690363636363636
0.10868545454545453
0.2116181818181818
0.001438181818181818
0.02034
0.18244363636363634
0.02938
-0.005136363636363636
0.12450545454545454
-0.04930909090909091
0.025065454545454544
0.05198
-0.057527272727272726
0.031229090909090908
-0.041707272727272725
-0.1356
0.16354181818181818
0.008834545454545454
-0.06369090909090909
0.2364781818181818
0.039241818181818176
0.05526727272727273
0.09553636363636364
-0.001849090909090909
-0.0069854545454545456
-0.0538290909090909
-0.14176363636363634
-0.02403818181818182
0.010889090909090909
-0.05177454545454545
0.19723636363636363
0.18490909090909088
0.0918381818181818
0.13457272727272726
0.16272
-0.04540545454545454
0.028558181818181816
0.04951454545454545
-0.23031454545454547
-0.07909999999999999
-0.07560727272727272
-0.04437818181818182
0.004314545454545455
0.028969090909090906
0.059170909090909087
0.15635090909090907
0.03739272727272727
-0.041912727272727275
0.19189454545454546
-0.0805381818181818
-0.02198363636363636
0.043350909090909086
-0.015614545454545454
0.016847272727272728
0.04540545454545454
0.12594363636363634
-0.01725818181818182
0.11382181818181818
0.05814363636363636
0.017463636363636362
-0.009245454545454545
0.030818181818181814
0.17422545454545454
0.04684363636363636
-0.07047090909090908
0.0016436363636363634
0.18203272727272726
-0.08670181818181817
0.042734545454545456
0.15614545454545453
-0.08033272727272728
0.0010272727272727274
0.09081090909090908
0.09615272727272728
0.052390909090909085
0.1370381818181818
0.07622363636363635
0.1088909090909091
0.020545454545454544
0.005547272727272727
0.1035490909090909
-0.059787272727272724
-0.15963818181818182
-0.12224545454545453
-0.07725090909090909
-0.14607818181818183
0.1325181818181818
0.113
0.01992909090909091
0.1495709090909091
0.04602181818181818
0.07540181818181818
0.10745272727272726
-0.005958181818181818
-0.05465090909090909
0.0678
-0.17360909090909088
-0.08341454545454545
0.15470727272727272
-0.012327272727272727
0.18100545454545455
0.19826363636363634
-0.01725818181818182
0.1058090909090909
0.14669454545454544
-0.020956363636363638
0.10416545454545453
-0.06759454545454545
-0.08012727272727273
0.10827454545454546
-0.10909636363636364
-0.03143454545454545
-0.018696363636363636
-0.00226
-0.01171090909090909
-0.02013454545454545
-0.032872727272727276
-0.04951454545454545
0.16724
0.028969090909090906
0.04602181818181818
0.09861818181818181
-0.013765454545454546
0.15635090909090907
0.08752363636363636
-0.029174545454545453
0.07848363636363635
-0.06327999999999999
0.03739272727272727
0.23771090909090908
-0.05814363636363636
0.030818181818181814
0.20278363636363633
0.06204727272727273
0.04211818181818182
0.07170363636363636
0.054034545454545446
0.010683636363636364
0.043350909090909086
-0.08629090909090908
-0.0940981818181818
0.029996363636363634
0.061841818181818185
0.09450909090909092
0.02527090909090909
-0.05999272727272727
0.09964545454545454
0.11649272727272726
-0.14073636363636363
0.03246181818181818
0.041707272727272725
-0.1103290909090909
0.0034927272727272728
-0.011505454545454544
0.03533818181818182
0.025476363636363634
0.007190909090909091
0.11464363636363636
0.060609090909090904
-0.0069854545454545456
-0.0020545454545454547
0.1329290909090909
0.1076581818181818
-0.06595090909090909
0.16662363636363633
0.08362
0.00862909090909091
0.22928727272727273
-0.07006
0.00945090909090909
0.13107999999999997
-0.22209636363636362
-0.04787090909090909
-0.05362363636363636
-0.16929454545454545
0.13868181818181818
0.042529090909090905
-0.028352727272727273
0.11402727272727273
0.12409454545454546
0.021778181818181818
0.11341090909090909
0.15943272727272728
-0.1292309090909091
0.07519636363636363
0.08033272727272728
-0.09594727272727273
0.08588
0.02034
-0.08033272727272728
0.14587272727272727
0.03821454545454545
-0.14361272727272725
0.18449818181818184
-0.049925454545454544
0.030818181818181814
0.17176
-0.09533090909090909
0.12984727272727273
0.1633363636363636
0.036776363636363635
0.03020181818181818
0.09101636363636363
-0.09656363636363637
0.003287272727272727
0.07992181818181819
-0.12019090909090908
0.08855090909090908
0.13025818181818183
0.02938
0.1608709090909091
0.10950727272727273
-0.02691454545454545
0.15224181818181817
-0.04828181818181818
-0.11916363636363636
0.02301090909090909
-0.09533090909090909
-0.029996363636363634
0.038625454545454546
-0.005958181818181818
0.02342181818181818
0.21860363636363636
0.009656363636363637
0.05958181818181818
0.17977272727272728
-0.09204363636363636
-0.0041090909090909095
0.009861818181818182
-0.09861818181818181
0.025476363636363634
0.060609090909090904
-0.0034927272727272728
0.12738181818181818
-0.03205090909090909
0.01992909090909091
0.18881272727272727
0.018696363636363636
-0.040063636363636364
0.11361636363636363
0.059787272727272724
-0.11567090909090909
0.1727872727272727
0.02034
0.015203636363636362
0.09430363636363637
-0.08608545454545455
0.009245454545454545
-0.07971636363636364
-0.021778181818181818
0.04376181818181818
0.07458
-0.09820727272727273
0.03533818181818182
0.22867090909090906
-0.05280181818181818
0.08279818181818181
0.17977272727272728
-0.0470490909090909
-0.004725454545454545
0.11341090909090909
-0.12388909090909091
0.019518181818181816
0.056705454545454545
-0.001438181818181818
0.15943272727272728
0.02527090909090909
0.09142727272727272
0.12265636363636362
0.07396363636363636
-0.08320909090909091
0.059787272727272724
0.005341818181818182
-0.1836763636363636
0.15059818181818183
0.007601818181818181
-0.06369090909090909
0.14505090909090906
0.08834545454545455
0.05691090909090909
0.14012
-0.055883636363636364
-0.041707272727272725
0.10005636363636364
-0.10642545454545453
0.015819999999999997
0.06615636363636364
-0.08978363636363636
0.04211818181818182
0.17176
-0.11341090909090909
-0.027941818181818182
0.1645690909090909
-0.14073636363636363
0.04047454545454546
0.09204363636363636
-0.09738545454545454
0.16436363636363635
0.20093454545454545
0.019107272727272726
0.18347090909090907
0.07786727272727272
-0.08896181818181817
0.1808
0.007396363636363636
-0.08300363636363636
0.07560727272727272
-0.015409090909090907
0.029996363636363634
0.14053090909090907
0.06964909090909091
-0.0069854545454545456
0.13231272727272728
-0.05814363636363636
-0.1076581818181818
0.010683636363636364
-0.16046
0.03554363636363636
0.025887272727272724
-0.1058090909090909
0.17032181818181816
0.2097690909090909
0.1058090909090909
0.20607090909090908
0.07478545454545454
0.034927272727272723
0.06985454545454545
-0.07766181818181818
-0.05136363636363636
-0.08834545454545455
-0.00945090909090909
0.015409090909090907
0.011505454545454544
0.058349090909090906
0.00945090909090909
0.1415581818181818
0.015409090909090907
-0.06451272727272726
0.07601818181818182
-0.03143454545454545
0.03472181818181818
0.058349090909090906
-0.016436363636363638
0.07930545454545455
0.023832727272727273
0.02116181818181818
0.06471818181818181
-0.004725454545454545
-0.01725818181818182
-0.002876363636363636
-0.040885454545454544
-0.06040363636363636
0.052390909090909085
0.00041090909090909085
-0.03718727272727273
0.16025454545454546
0.05896545454545454
-0.04930909090909091
0.12429999999999998
0.07766181818181818
-0.03410545454545454
0.07458
0.06677272727272728
0.054034545454545446
0.14936545454545455
0.11402727272727273
0.04869272727272727
0.11793090909090909
-0.002670909090909091
-0.0786890909090909
0.08136
-0.11813636363636362
-0.056705454545454545
0.14443454545454545
-0.09142727272727272
0.02218909090909091
0.22353454545454546
0.02013454545454545
0.12655999999999998
0.24079272727272724
-0.008012727272727272
0.08074363636363636
-0.014998181818181817
-0.15655636363636363
0.023216363636363632
-0.09204363636363636
-0.04376181818181818
0.1351890909090909
0.032872727272727276
0.016025454545454544
0.21922
0.07396363636363636
-0.07971636363636364
0.1939490909090909
-0.05280181818181818
-0.17176
0.07704545454545454
-0.12347818181818182
0.0069854545454545456
0.17340363636363634
-0.07951090909090908
0.05280181818181818
0.16806181818181817
-0.09389272727272728
0.13498363636363636
0.15840545454545454
-0.15367999999999998
0.11834181818181817
0.048487272727272726
-0.12594363636363634
0.11608181818181817
0.053212727272727266
-0.12738181818181818
0.06040363636363636
-0.030818181818181814
-0.14566727272727273
0.0904
-0.08608545454545455
0.0741690909090909
0.15676181818181817
-0.005136363636363636
0.13765454545454545
0.1321072727272727
0.06718363636363636
-0.040885454545454544
0.0967690909090909
-0.12019090909090908
-0.1325181818181818
0.12450545454545454
-0.10231636363636364
0.050747272727272724
0.13888727272727272
0.08156545454545455
0.23278000000000001
0.17997818181818181
0.030818181818181814
0.20175636363636362
0.05177454545454545
-0.12861454545454545
0.07622363636363635
-0.06882727272727272
-0.13231272727272728
-0.0113
0.12655999999999998
-0.014381818181818181
0.031639999999999995
0.13334
0.01766909090909091
0.10868545454545453
-0.043556363636363636
-0.0113
0.07170363636363636
-0.011505454545454544
0.007396363636363636
0.15491272727272726
0.03554363636363636
0.002876363636363636
0.2116181818181818
-0.009245454545454545
-0.004314545454545455
0.0990290909090909
-0.05095272727272727
-0.01992909090909091
0.06615636363636364
-0.07232
0.04150181818181818
0.02301090909090909
-0.07581272727272727
0.14443454545454545
-0.03143454545454545
-0.017874545454545452
0.09450909090909092
-0.05937636363636363
-0.0786890909090909
0.11341090909090909
0.11423272727272726
-0.0226
0.14484545454545456
0.0940981818181818
0.014587272727272727
0.05773272727272727
0.0041090909090909095
-0.07540181818181818
-0.06307454545454545
-0.1341618181818182
-0.14464
-0.0069854545454545456
-0.07190909090909091
0.10457636363636363
0.12039636363636362
-0.010683636363636364
0.10622
0.14340727272727272
0.04047454545454546
0.03020181818181818
0.04437818181818182
-0.06163636363636363
-0.008423636363636364
-0.028147272727272726
0.055061818181818184
0.15080363636363636
0.06471818181818181
0.13025818181818183
0.27284363636363634
0.06862181818181817
-0.09882363636363636
0.17792363636363634
0.00041090909090909085
-0.07006
0.06369090909090909
-0.034927272727272723
0.08033272727272728
0.024243636363636363
-0.013354545454545456
0.02609272727272727
0.012943636363636362
-0.032872727272727276
-0.012121818181818182
0.00041090909090909085
-0.05259636363636363
0.06595090909090909
0.13334
0.038625454545454546
0.055883636363636364
0.12861454545454545
0.04376181818181818
0.10457636363636363
0.010478181818181819
0.01705272727272727
0.08074363636363636
-0.06101999999999999
0.13642181818181817
0.10067272727272727
-0.01725818181818182
0.11341090909090909
0.12635454545454544
0.02609272727272727
-0.013765454545454546
0.031229090909090908
-0.07601818181818182
-0.07129272727272727
-0.027736363636363635
-0.09944
-0.022805454545454542
0.07889454545454545
0.07375818181818182
0.08444181818181817
-0.00041090909090909085
-0.05280181818181818
0.14813272727272728
0.003287272727272727
-0.12717636363636362
0.041912727272727275
-0.07067636363636363
-0.03143454545454545
0.032872727272727276
-0.0063690909090909084
0.03472181818181818
0.031229090909090908
0.13169636363636364
0.05691090909090909
0.05629454545454545
0.034927272727272723
0.07067636363636363
0.19045636363636362
-0.02403818181818182
0.08177090909090909
0.09430363636363637
0.013970909090909091
0.11834181818181817
0.07149818181818181
-0.05629454545454545
-0.09286545454545453
-0.03636545454545455
-0.12080727272727272
-0.0039036363636363635
0.06574545454545455
-0.05280181818181818
0.033694545454545456
0.16662363636363633
-0.00020545454545454542
0.08567454545454545
0.13785999999999998
0.007807272727272727
0.14032545454545453
-0.1171090909090909
-0.04622727272727272
0.18223818181818183
0.002670909090909091
-0.012327272727272727
0.11443818181818181
-0.010478181818181819
-0.11423272727272726
0.14813272727272728
0.027736363636363635
-0.09882363636363636
0.0764290909090909
0.01705272727272727
0.0470490909090909
0.10539818181818181
0.0069854545454545456
0.18860727272727273
0.14402363636363635
-0.12779272727272725
0.10067272727272727
0.06533454545454545
-0.18223818181818183
0.11567090909090909
0.1713490909090909
-0.058349090909090906
0.13642181818181817
0.11464363636363636
0.032667272727272725
0.16970545454545455
-0.06533454545454545
-0.1193690909090909
0.04725454545454546
-0.14094181818181817
-0.17052727272727272
0.046432727272727264
-0.07704545454545454
0.0741690909090909
0.2572290909090909
0.012327272727272727
0.1464890909090909
0.19374363636363634
0.06204727272727273
0.04930909090909091
-0.07108727272727272
-0.14381818181818182
0.06512909090909091
0.02486
-0.1341618181818182
0.13642181818181817
0.07560727272727272
0.01171090909090909
0.13724363636363635
0.10190545454545454
-0.014587272727272727
0.08670181818181817
-0.00452
-0.1076581818181818
0.15409090909090908
-0.08998909090909091
0.053212727272727266
0.15717272727272727
-0.09574181818181818
-0.025065454545454544
-0.01992909090909091
-0.03328363636363636
0.014381818181818181
0.05259636363636363
-0.09142727272727272
0.024243636363636363
0.1216290909090909
0.04417272727272727
0.06697818181818181
0.17566363636363633
0.01664181818181818
-0.043350909090909086
0.11854727272727272
-0.13128545454545454
0.04129636363636364
0.041707272727272725
-0.04458363636363636
0.14710545454545454
0.0012327272727272727
0.021367272727272728
0.18634727272727272
0.10519272727272726
-0.02362727272727273
0.1341618181818182
-0.12306727272727273
-0.13272363636363635
0.13868181818181818
-0.01623090909090909
0.020545454545454544
0.1495709090909091
0.10663090909090908
0.06040363636363636
0.15491272727272726
-0.031845454545454545
0.05013090909090909
0.12409454545454546
-0.14854363636363635
-0.05732181818181818
0.019723636363636363
-0.06903272727272727
0.09841272727272728
0.1645690909090909
-0.13354545454545455
0.048487272727272726
0.12203999999999998
-0.025887272727272724
0.11505454545454545
-0.0024654545454545454
-0.08731818181818181
0.13169636363636364
0.11813636363636362
0.02938
0.19600363636363635
0.02157272727272727
0.03533818181818182
0.1510090909090909
-0.10704181818181817
-0.027325454545454545
0.046432727272727264
-0.14916
-0.0067800000000000004
0.11998545454545453
-0.07108727272727272
0.13436727272727272
0.1370381818181818
-0.06718363636363636
0.004314545454545455
-0.05136363636363636
-0.09204363636363636
0.016847272727272728
0.01623090909090909
-0.11813636363636362
0.16292545454545454
0.1314909090909091
0.0805381818181818
0.30304545454545456
-0.004725454545454545
0.010272727272727272
0.13272363636363635
-0.13272363636363635
-0.13169636363636364
-0.007190909090909091
-0.13457272727272726
0.0034927272727272728
0.12902545454545453
0.0069854545454545456
0.12594363636363634
0.1351890909090909
0.01664181818181818
0.11772545454545454
0.08690727272727272
-0.11957454545454545
0.12121818181818181
0.05958181818181818
-0.12943636363636363
0.08916727272727272
0.08485272727272727
0.06101999999999999
0.05773272727272727
0.10642545454545453
-0.02670909090909091
0.02527090909090909
0.03718727272727273
-0.09204363636363636
0.04314545454545454
-0.02116181818181818
0.012943636363636362
0.08629090909090908
0.03780363636363636
0.007396363636363636
0.1411472727272727
0.05300727272727272
-0.034310909090909086
0.11012363636363637
-0.0030818181818181817
0.04869272727272727
0.17360909090909088
0.05465090909090909
0.05177454545454545
0.10519272727272726
-0.02301090909090909
0.027941818181818182
-0.027941818181818182
-0.09738545454545454
0.00226
-0.04211818181818182
-0.004314545454545455
0.010683636363636364
0.09697454545454545
0.07396363636363636
0.2029890909090909
0.15203636363636364
-0.054240000000000003
0.11998545454545453
-0.05547272727272727
-0.1894290909090909
-0.12409454545454546
-0.11793090909090909
-0.11053454545454545
0.08567454545454545
0.04951454545454545
0.010683636363636364
0.24510727272727273
0.05341818181818182
0.07909999999999999
0.2025781818181818
-0.034927272727272723
-0.06821090909090909
0.06040363636363636
-0.10190545454545454
-0.05259636363636363
0.13395636363636362
-0.03903636363636363
0.03328363636363636
0.1469
0.0452
0.11895818181818181
0.11279454545454545
-0.005958181818181818
0.10498727272727272
0.06656727272727272
-0.0749909090909091
0.05115818181818182
0.09450909090909092
-0.0749909090909091
-0.02116181818181818
0.053212727272727266
-0.05218545454545454
0.07704545454545454
-0.027325454545454545
0.035749090909090904
0.14731090909090908
0.007601818181818181
0.17730727272727273
0.12101272727272726
0.04211818181818182
0.038625454545454546
0.032667272727272725
-0.05958181818181818
-0.05896545454545454
-0.001438181818181818
-0.06677272727272728
0.028558181818181816
0.06533454545454545
0.07992181818181819
0.14505090909090906
0.18511454545454545
0.024654545454545453
0.1668290909090909
0.057527272727272726
-0.14525636363636363
0.07026545454545453
-0.10005636363636364
-0.10930181818181818
-0.0678
-0.05855454545454545
0.027530909090909092
0.10601454545454544
0.07930545454545455
0.001849090909090909
0.08978363636363636
-0.02670909090909091
-0.005958181818181818
0.048487272727272726
-0.05896545454545454
-0.01890181818181818
0.06204727272727273
-0.06677272727272728
0.10868545454545453
0.15367999999999998
-0.10334363636363636
0.1341618181818182
0.029585454545454543
-0.08115454545454545
0.09060545454545453
0.0741690909090909
-0.06553999999999999
0.07334727272727272
0.13334
-0.13477818181818182
0.08505818181818181
0.019312727272727273
0.03328363636363636
0.1555290909090909
-0.12820363636363635
0.012738181818181817
0.2414090909090909
-0.02116181818181818
-0.00041090909090909085
0.3455745454545454
0.01623090909090909
-0.00904
0.21223454545454545
0.016025454545454544
-0.08341454545454545
-0.053212727272727266
-0.058349090909090906
-0.11628727272727273
-0.11752
-0.1600490909090909
0.16354181818181818
0.14012
-0.05526727272727273
0.26072181818181817
0.10909636363636364
-0.11217818181818182
0.20031818181818178
0.14916
-0.19641454545454545
0.07375818181818182
0.015203636363636362
-0.06492363636363636
0.15635090909090907
-0.05526727272727273
0.12121818181818181
0.30037454545454545
0.0113
0.06964909090909091
0.13457272727272726
-0.1224509090909091
0.024243636363636363
0.08937272727272727
-0.11053454545454545
-0.10334363636363636
0.015203636363636362
-0.012121818181818182
-0.04417272727272727
0.038419999999999996
-0.09122181818181817
0.035954545454545454
0.0020545454545454547
-0.08834545454545455
0.14237999999999998
0.004930909090909091
0.06923818181818181
0.17155454545454543
-0.034927272727272723
0.04930909090909091
0.14422909090909092
-0.020956363636363638
0.03821454545454545
0.03780363636363636
-0.12327272727272726
0.12758727272727272
0.12224545454545453
0.0226
0.15018727272727272
0.0067800000000000004
0.0030818181818181817
0.09697454545454545
0.05855454545454545
-0.04972
-0.030818181818181814
0.06677272727272728
-0.06697818181818181
0.01766909090909091
0.03554363636363636
-0.05629454545454545
0.22168545454545452
0.04972
-0.1148490909090909
0.10950727272727273
-0.043350909090909086
-0.003698181818181818
0.07807272727272727
-0.07375818181818182
-0.025065454545454544
0.035749090909090904
0.07252545454545453
0.06122545454545455
0.08218181818181818
0.04787090909090909
0.016436363636363638
0.1171090909090909
-0.024243636363636363
0.002670909090909091
0.11669818181818181
0.001438181818181818
0.15840545454545454
0.11567090909090909
-0.0678
0.1356
0.09533090909090909
-0.05711636363636363
0.04437818181818182
-0.09286545454545453
-0.21449454545454544
-0.003698181818181818
0.03472181818181818
-0.08300363636363636
0.07334727272727272
0.0904
-0.03616
0.18244363636363634
0.10704181818181817
0.03616
0.16621272727272726
-0.051569090909090905
-0.013354545454545456
0.04807636363636364
-0.10190545454545454
0.03965272727272728
0.16251454545454544
-0.06327999999999999
-0.08546909090909091
0.06636181818181817
-0.014587272727272727
0.039241818181818176
0.08649636363636364
-0.02691454545454545
0.05033636363636364
0.13005272727272726
0.015203636363636362
0.1668290909090909
0.13313454545454545
-0.06019818181818181
0.16128181818181817
-0.02034
-0.13107999999999997
0.09163272727272727
-0.011916363636363636
0.052390909090909085
0.17093818181818182
0.015614545454545454
-0.00041090909090909085
0.1103290909090909
0.05280181818181818
0.042529090909090905
0.010889090909090909
-0.18121090909090906
-0.09697454545454545
-0.0016436363636363634
-0.12039636363636362
0.04068
0.10313818181818181
0.032667272727272725
0.2278490909090909
0.12450545454545454
-0.039241818181818176
0.20545454545454545
0.12183454545454545
-0.1314909090909091
-0.010683636363636364
0.00862909090909091
-0.01705272727272727
0.04540545454545454
0.03143454545454545
0.04725454545454546
-0.01725818181818182
0.0012327272727272727
0.08896181818181817
0.06410181818181818
-0.030818181818181814
-0.04314545454545454
0.07334727272727272
-0.015819999999999997
0.017463636363636362
0.08793454545454545
-0.01890181818181818
-0.01171090909090909
0.008834545454545454
-0.015614545454545454
-0.029996363636363634
0.02938
-0.02301090909090909
0.04746
0.10416545454545453
-0.01766909090909091
0.1247109090909091
0.1808
0.05095272727272727
0.042529090909090905
0.013970909090909091
-0.08567454545454545
0.0034927272727272728
0.027736363636363635
-0.0402690909090909
0.04047454545454546
0.07622363636363635
0.061841818181818185
0.10293272727272727
0.13991454545454546
0.05608909090909091
0.14237999999999998
0.019312727272727273
-0.08382545454545455
0.08423636363636364
-0.12265636363636362
0.008834545454545454
0.1633363636363636
-0.03698181818181818
0.07047090909090908
0.11793090909090909
-0.013560000000000001
0.12142363636363637
0.08423636363636364
-0.13991454545454546
0.04602181818181818
-0.05177454545454545
-0.13005272727272726
0.1495709090909091
0.04068
-0.04150181818181818
0.1645690909090909
0.006574545454545454
-0.11217818181818182
0.13991454545454546
0.012532727272727272
-0.028969090909090906
0.11793090909090909
0.031845454545454545
0.08341454545454545
0.10950727272727273
-0.013970909090909091
0.10437090909090908
0.1803890909090909
-0.1415581818181818
-0.04930909090909091
0.1292309090909091
-0.11156181818181818
-0.0034927272727272728
0.08526363636363636
-0.06204727272727273
0.10046727272727272
0.15676181818181817
-0.03143454545454545
0.06718363636363636
-0.05218545454545454
-0.08670181818181817
0.11669818181818181
-0.16888363636363635
-0.11279454545454545
0.2025781818181818
0.09512545454545453
0.09307090909090908
0.2549690909090909
0.14710545454545454
0.046432727272727264
0.09615272727272728
0.004314545454545455
-0.03698181818181818
-0.04068
-0.1623090909090909
-0.06738909090909091
0.11094545454545454
-0.032667272727272725
0.10026181818181817
0.1916890909090909
-0.03698181818181818
0.15614545454545453
0.09923454545454545
-0.0904
0.12080727272727272
0.040063636363636364
-0.11053454545454545
0.032667272727272725
-0.03800909090909091
0.005547272727272727
0.18737454545454543
-0.018696363636363636
-0.031023636363636364
0.08588
-0.03205090909090909
-0.02486
0.010889090909090909
-0.06081454545454545
-0.09245454545454544
0.05362363636363636
0.042734545454545456
-0.015614545454545454
0.15162545454545454
0.013354545454545456
0.0678
0.1686781818181818
-0.03985818181818182
0.12368363636363637
0.15799454545454544
0.019312727272727273
0.12882
0.11752
-0.07909999999999999
-0.011916363636363636
0.04150181818181818
-0.17155454545454543
-0.02075090909090909
-0.04869272727272727
-0.12429999999999998
0.10478181818181817
0.02650363636363636
0.018285454545454546
0.19333272727272727
0.18326545454545454
0.09471454545454545
0.2177818181818182
0.02239454545454545
-0.1292309090909091
0.08033272727272728
-0.13046363636363634
-0.11053454545454545
0.08423636363636364
-0.017874545454545452
0.09553636363636364
0.12655999999999998
0.043350909090909086
0.12820363636363635
0.09307090909090908
-0.05876
0.03718727272727273
0.08526363636363636
-0.19292181818181817
-0.00452
0.11854727272727272
-0.07930545454545455
0.13642181818181817
0.10272727272727272
0.013765454545454546
0.17977272727272728
0.10272727272727272
0.035954545454545454
0.10745272727272726
-0.014176363636363636
0.01623090909090909
0.09512545454545453
-0.10601454545454544
-0.06759454545454545
0.06451272727272726
-0.08464727272727272
-0.1125890909090909
0.13436727272727272
-0.11094545454545454
-0.11361636363636363
0.11156181818181818
-0.010478181818181819
0.18059454545454545
0.03472181818181818
0.06348545454545454
0.18984
-0.01766909090909091
-0.0904
0.005752727272727272
-0.029174545454545453
-0.1148490909090909
0.056705454545454545
-0.04684363636363636
0.08485272727272727
0.13477818181818182
0.1608709090909091
0.12882
0.09697454545454545
0.1088909090909091
-0.055883636363636364
0.12861454545454545
-0.15594
-0.021778181818181818
0.02198363636363636
-0.21798727272727272
0.0786890909090909
0.10560363636363636
-0.0113
0.05444545454545455
0.2233290909090909
-0.03472181818181818
0.04068
0.05444545454545455
0.009656363636363637
0.04150181818181818
-0.10375454545454545
0.12450545454545454
0.024243636363636363
0.04746
0.037598181818181815
0.13827090909090908
0.10231636363636364
-0.07560727272727272
0.20155090909090906
0.0628690909090909
-0.043350909090909086
0.08916727272727272
0.0069854545454545456
-0.10334363636363636
0.09615272727272728
-0.040885454545454544
-0.0402690909090909
0.15963818181818182
-0.02527090909090909
0.06410181818181818
0.003698181818181818
0.03533818181818182
0.1881963636363636
0.07129272727272727
0.02157272727272727
0.08711272727272727
0.04889818181818182
-0.04910363636363636
-0.005958181818181818
0.02670909090909091
-0.18634727272727272
-0.18696363636363633
0.03472181818181818
-0.16929454545454545
-0.006163636363636363
0.11998545454545453
0.06225272727272727
0.21860363636363636
0.0069854545454545456
0.034927272727272723
0.12142363636363637
0.010067272727272725
0.03698181818181818
0.09142727272727272
-0.10704181818181817
-0.13950363636363636
0.13025818181818183
0.02691454545454545
0.030612727272727274
0.19497636363636361
0.07478545454545454
0.11217818181818182
0.14813272727272728
-0.09697454545454545
0.038625454545454546
0.09245454545454544
-0.12388909090909091
0.031845454545454545
-0.027120000000000002
-0.09718
0.12512181818181817
0.10704181818181817
-0.04540545454545454
0.009245454545454545
-0.0226
-0.02157272727272727
0.1148490909090909
0.0063690909090909084
0.02362727272727273
0.07848363636363635
0.030407272727272724
0.09944
0.14361272727272725
-0.003698181818181818
0.08444181818181817
0.1645690909090909
-0.04437818181818182
0.09964545454545454
0.09656363636363637
0.012532727272727272
0.1586109090909091
0.05999272727272727
-0.021778181818181818
0.06903272727272727
-0.0020545454545454547
0.0063690909090909084
0.028969090909090906
-0.12491636363636363
-0.1284090909090909
-0.016436363636363638
0.05054181818181818
-0.07129272727272727
0.11423272727272726
0.09635818181818182
-0.015819999999999997
0.2029890909090909
-0.034927272727272723
0.002670909090909091
0.08403090909090909
-0.040885454545454544
-0.0063690909090909084
-0.028147272727272726
-0.08608545454545455
0.031639999999999995
0.1370381818181818
-0.08772909090909091
0.05999272727272727
0.16292545454545454
-0.02403818181818182
0.02198363636363636
0.12450545454545454
-0.011094545454545454
0.011916363636363636
0.16415818181818181
-0.05095272727272727
0.10498727272727272
0.11156181818181818
-0.04314545454545454
0.19230545454545456
-0.05013090909090909
-0.1366272727272727
0.045816363636363634
-0.1224509090909091
-0.03965272727272728
0.12347818181818182
-0.06369090909090909
-0.09574181818181818
0.21860363636363636
0.07108727272727272
-0.02979090909090909
0.2229181818181818
0.02568181818181818
0.033489090909090906
0.07047090909090908
-0.09512545454545453
0.0918381818181818
0.08629090909090908
-0.11649272727272726
0.07930545454545455
0.01623090909090909
-0.15717272727272727
0.10950727272727273
0.08074363636363636
-0.09101636363636363
0.06759454545454545
0.14813272727272728
-0.08362
0.14874909090909091
0.18203272727272726
-0.015819999999999997
0.1791563636363636
-0.018696363636363636
-0.030818181818181814
0.02691454545454545
-0.028352727272727273
0.06266363636363637
0.14977636363636362
0.015614545454545454
0.024243636363636363
0.17874545454545454
-0.03225636363636363
0.031639999999999995
0.05465090909090909
-0.07807272727272727
-0.061841818181818185
-0.05485636363636363
-0.12450545454545454
0.02609272727272727
0.031023636363636364
0.018285454545454546
0.26442
0.0565
0.10601454545454544
0.21326181818181816
0.04150181818181818
-0.020956363636363638
0.0470490909090909
-0.016847272727272728
-0.17052727272727272
0.05711636363636363
0.016025454545454544
-0.06040363636363636
0.13785999999999998
0.03533818181818182
0.04068
0.14073636363636363
-0.06574545454545455
0.06697818181818181
0.10087818181818181
-0.0895781818181818
0.08505818181818181
0.0628690909090909
-0.029996363636363634
0.020545454545454544
0.06882727272727272
-0.038625454545454546
-0.02157272727272727
0.01849090909090909
-0.07047090909090908
0.015819999999999997
-0.028147272727272726
0.007601818181818181
0.14299636363636362
0.036776363636363635
-0.027120000000000002
0.17956727272727271
0.04602181818181818
-0.08444181818181817
0.10211090909090909
-0.04068
-0.06656727272727272
0.06369090909090909
0.0034927272727272728
0.008834545454545454
0.15491272727272726
0.07355272727272727
0.08218181818181818
0.13868181818181818
-0.05896545454545454
0.02239454545454545
0.03657090909090909
-0.09019454545454544
-0.029585454545454543
0.09450909090909092
-0.011505454545454544
0.04807636363636364
0.18449818181818184
0.024243636363636363
0.1148490909090909
0.10622
-0.005341818181818182
0.0041090909090909095
-0.04109090909090909
-0.1088909090909091
-0.014792727272727272
-0.028763636363636363
-0.028352727272727273
0.14340727272727272
0.01623090909090909
0.012943636363636362
0.11834181818181817
0.03616
-0.01705272727272727
0.13991454545454546
0.04129636363636364
0.06081454545454545
0.1791563636363636
0.005136363636363636
0.19312727272727273
0.10868545454545453
-0.012943636363636362
0.0786890909090909
-0.031229090909090908
-0.0764290909090909
-0.02198363636363636
-0.01623090909090909
-0.05876
0.09923454545454545
0.07355272727272727
-0.021778181818181818
0.07108727272727272
-0.011505454545454544
-0.05465090909090909
0.07560727272727272
-0.1035490909090909
-0.05711636363636363
0.07149818181818181
-0.05691090909090909
0.19127818181818182
0.17114363636363633
0.10950727272727273
0.18285454545454544
0.10457636363636363
-0.04294
-0.011094545454545454
0.04294
-0.18696363636363633
-0.10971272727272725
-0.09779636363636364
-0.039241818181818176
0.10067272727272727
0.06944363636363636
0.10827454545454546
0.11012363636363637
0.05444545454545455
0.04437818181818182
0.11115090909090909
-0.07437454545454546
-0.033489090909090906
0.10190545454545454
-0.06143090909090909
0.012532727272727272
0.06923818181818181
-0.03205090909090909
0.04972
0.1510090909090909
-0.044994545454545454
-0.010067272727272725
0.06636181818181817
-0.08259272727272728
0.02239454545454545
0.07129272727272727
-0.037598181818181815
0.055883636363636364
0.17093818181818182
0.014587272727272727
0.03410545454545454
0.09019454545454544
-0.007396363636363636
0.05259636363636363
0.09553636363636364
-0.02013454545454545
0.07889454545454545
0.21860363636363636
0.040063636363636364
0.11628727272727273
0.013765454545454546
-0.15963818181818182
0.08649636363636364
-0.0067800000000000004
-0.14669454545454544
0.008423636363636364
0.005547272727272727
-0.026298181818181814
0.1499818181818182
0.15388545454545455
0.1510090909090909
0.28106181818181813
0.07211454545454546
0.024654545454545453
0.06512909090909091
-0.18901818181818184
-0.11669818181818181
-0.00041090909090909085
-0.17956727272727271
-0.10806909090909089
0.1193690909090909
-0.0402690909090909
0.12779272727272725
0.26113272727272724
-0.07971636363636364
0.15573454545454543
0.04437818181818182
-0.1148490909090909
0.11402727272727273
-0.08444181818181817
-0.08320909090909091
0.10560363636363636
0.01766909090909091
-0.1341618181818182
0.15758363636363634
0.1296418181818182
-0.030407272727272724
0.20278363636363633
0.030818181818181814
-0.015203636363636362
0.13580545454545453
-0.006163636363636363
0.03718727272727273
0.05526727272727273
-0.14320181818181818
0.03903636363636363
-0.058349090909090906
-0.1668290909090909
0.07725090909090909
-0.045610909090909084
-0.034927272727272723
0.12265636363636362
0.17710181818181817
0.09101636363636363
0.16046
0.1723763636363636
0.04376181818181818
0.12224545454545453
-0.10560363636363636
-0.06040363636363636
0.0990290909090909
-0.18162181818181816
0.043350909090909086
0.20607090909090908
-0.12758727272727272
0.19086727272727272
0.27099454545454543
-0.03698181818181818
0.11320545454545454
0.09615272727272728
-0.008218181818181819
-0.03944727272727273
-0.042529090909090905
-0.10909636363636364
-0.03143454545454545
0.02527090909090909
-0.05793818181818181
0.11834181818181817
0.09779636363636364
-0.015614545454545454
0.14012
0.08649636363636364
-0.12409454545454546
0.10601454545454544
0.09471454545454545
-0.06759454545454545
0.113
-0.03636545454545455
0.02444909090909091
0.08588
-0.015203636363636362
0.11320545454545454
-0.009861818181818182
-0.09512545454545453
0.007807272727272727
0.10272727272727272
-0.06369090909090909
-0.014998181818181817
0.19641454545454545
-0.04807636363636364
-0.00226
0.11238363636363637
-0.08238727272727273
0.08937272727272727
0.06451272727272726
-0.14772181818181818
0.09122181818181817
0.002876363636363636
-0.02486
0.21305636363636363
0.13169636363636364
0.007807272727272727
0.05444545454545455
0.11608181818181817
-0.12943636363636363
-0.009656363636363637
0.03472181818181818
-0.2683236363636364
-0.008423636363636364
-0.027530909090909092
-0.05814363636363636
0.19004545454545455
0.07951090909090908
0.10950727272727273
0.12943636363636363
0.014587272727272727
0.11669818181818181
0.11546545454545454
-0.02403818181818182
0.03225636363636363
0.03800909090909091
-0.06759454545454545
0.011505454545454544
0.19127818181818182
0.07930545454545455
0.10437090909090908
0.19292181818181817
-0.009861818181818182
0.055061818181818184
0.028558181818181816
-0.06389636363636363
0.01890181818181818
-0.003287272727272727
-0.07786727272727272
-0.010067272727272725
0.031023636363636364
-0.01849090909090909
0.08382545454545455
-0.05793818181818181
-0.06964909090909091
0.0727309090909091
-0.024654545454545453
0.09985090909090909
0.11834181818181817
0.04746
0.11320545454545454
0.034310909090909086
0.040063636363636364
0.12758727272727272
0.040063636363636364
-0.02486
-0.02362727272727273
-0.07088181818181817
0.016436363636363638
0.1257381818181818
0.05177454545454545
0.016847272727272728
0.11012363636363637
0.010067272727272725
0.012121818181818182
0.14484545454545456
-0.07437454545454546
-0.05444545454545455
0.0538290909090909
-0.08259272727272728
-0.013765454545454546
-0.06369090909090909
0.030818181818181814
0.14977636363636362
-0.028352727272727273
-0.02979090909090909
0.06944363636363636
0.05033636363636364
-0.0470490909090909
0.09759090909090909
0.02403818181818182
-0.08485272727272727
0.05608909090909091
0.1012890909090909
0.0727309090909091
-0.03143454545454545
0.10786363636363637
0.1224509090909091
0.07909999999999999
0.029585454545454543
-0.008012727272727272
0.11238363636363637
0.02444909090909091
0.02218909090909091
0.10396
0.0339
-0.03944727272727273
0.1411472727272727
0.11402727272727273
-0.15758363636363634
-0.02670909090909091
0.006574545454545454
-0.10416545454545453
0.03739272727272727
-0.04376181818181818
-0.007601818181818181
0.1957981818181818
0.013354545454545456
0.07067636363636363
0.1397090909090909
-0.04828181818181818
0.08115454545454545
0.08156545454545455
-0.15840545454545454
-0.039241818181818176
0.13477818181818182
-0.024654545454545453
0.028147272727272726
0.08649636363636364
-0.10026181818181817
0.06553999999999999
0.05937636363636363
-0.08197636363636364
0.09718
0.019312727272727273
-0.0016436363636363634
0.1645690909090909
0.06800545454545455
0.015203636363636362
0.17977272727272728
0.06718363636363636
-0.029996363636363634
0.07170363636363636
-0.10971272727272725
-0.04807636363636364
0.07951090909090908
-0.014792727272727272
0.07622363636363635
0.0727309090909091
0.04725454545454546
0.16600727272727273
0.05444545454545455
-0.07478545454545454
0.0967690909090909
0.024654545454545453
-0.14895454545454545
-0.03739272727272727
-0.035954545454545454
-0.013354545454545456
0.08670181818181817
0.07252545454545453
0.07232
0.13477818181818182
0.10457636363636363
0.08855090909090908
0.14073636363636363
-0.06471818181818181
-0.061841818181818185
0.08115454545454545
-0.1216290909090909
-0.011916363636363636
0.12594363636363634
-0.07129272727272727
0.040063636363636364
0.08444181818181817
-0.03143454545454545
0.07437454545454546
0.02218909090909091
-0.01766909090909091
0.06574545454545455
0.008218181818181819
-0.0039036363636363635
0.07786727272727272
0.10416545454545453
-0.06081454545454545
0.02979090909090909
0.019312727272727273
-0.18018363636363635
0.09533090909090909
-0.007190909090909091
-0.11217818181818182
0.13107999999999997
0.07293636363636363
-0.010889090909090909
0.1012890909090909
0.0749909090909091
0.0039036363636363635
0.08896181818181817
-0.06451272727272726
-0.009656363636363637
0.05054181818181818
-0.0786890909090909
0.028147272727272726
0.1577890909090909
0.04869272727272727
0.06430727272727273
0.22928727272727273
-0.03246181818181818
0.09553636363636364
0.1939490909090909
-0.10313818181818181
-0.013560000000000001
-0.007807272727272727
-0.08177090909090909
0.033489090909090906
0.059787272727272724
0.016025454545454544
0.15162545454545454
0.00226
-0.013560000000000001
0.13950363636363636
-0.10087818181818181
-0.07848363636363635
0.0967690909090909
0.026298181818181814
-0.07088181818181817
0.12450545454545454
0.08177090909090909
0.00862909090909091
0.14977636363636362
-0.036776363636363635
0.0339
0.09450909090909092
-0.05999272727272727
0.08814
0.12368363636363637
-0.07889454545454545
0.11895818181818181
0.20668727272727272
-0.03307818181818182
0.04622727272727272
0.04787090909090909
-0.08978363636363636
0.001438181818181818
-0.014792727272727272
-0.1631309090909091
0.08012727272727273
-0.005136363636363636
0.03883090909090909
0.24757272727272725
-0.10108363636363636
0.035954545454545454
0.12101272727272726
-0.12697090909090908
-0.1148490909090909
0.03636545454545455
-0.030407272727272724
-0.016847272727272728
0.18860727272727273
0.09759090909090909
0.17854
0.18860727272727273
0.020956363636363638
0.09348181818181817
0.017463636363636362
-0.07190909090909091
0.05999272727272727
-0.0741690909090909
-0.19066181818181818
0.04232363636363636
0.0339
0.013354545454545456
0.1148490909090909
0.05937636363636363
0.05793818181818181
0.13272363636363635
0.030407272727272724
-0.03451636363636364
0.10971272727272725
-0.015203636363636362
0.010272727272727272
0.0452
-0.05280181818181818
0.11382181818181818
0.09861818181818181
0.004314545454545455
0.04889818181818182
0.030407272727272724
-0.11977999999999998
-0.011916363636363636
0.10786363636363637
-0.0895781818181818
-0.0565
0.14340727272727272
0.01766909090909091
0.010683636363636364
0.11608181818181817
-0.00020545454545454542
0.09368727272727272
0.06081454545454545
-0.02527090909090909
0.14936545454545455
0.03533818181818182
0.025065454545454544
0.1631309090909091
-0.054240000000000003
-0.06985454545454545
0.038419999999999996
-0.04807636363636364
-0.05136363636363636
-0.04150181818181818
-0.07334727272727272
-0.00041090909090909085
0.1017
0.08711272727272727
0.13087454545454547
0.23278000000000001
0.06553999999999999
0.045816363636363634
0.12655999999999998
-0.17956727272727271
-0.11217818181818182
0.019518181818181816
-0.17648545454545456
0.012121818181818182
0.08218181818181818
0.03698181818181818
0.20196181818181816
0.14135272727272727
-0.0010272727272727274
0.10806909090909089
0.10375454545454545
-0.05691090909090909
0.07766181818181818
-0.00226
-0.10108363636363636
0.06800545454545455
0.05280181818181818
0.04376181818181818
0.18922363636363634
0.11094545454545454
0.0452
0.1676509090909091
-0.0069854545454545456
0.004930909090909091
0.008834545454545454
-0.08772909090909091
0.04376181818181818
0.041912727272727275
-0.06225272727272727
0.03800909090909091
0.06143090909090909
-0.12183454545454545
0.05033636363636364
0.01890181818181818
-0.09615272727272728
0.07437454545454546
0.10375454545454545
0.04376181818181818
0.14731090909090908
0.13169636363636364
0.032872727272727276
0.10930181818181818
-0.09450909090909092
-0.02301090909090909
0.01171090909090909
-0.11875272727272726
-0.050747272727272724
0.04807636363636364
0.03328363636363636
-0.008218181818181819
0.23380727272727272
0.0678
0.07807272727272727
0.13827090909090908
-0.031845454545454545
-0.05711636363636363
-0.08012727272727273
-0.10046727272727272
-0.09553636363636364
-0.06040363636363636
-0.10930181818181818
0.12101272727272726
0.06656727272727272
0.04150181818181818
0.11094545454545454
0.09265999999999999
0.039241818181818176
0.005958181818181818
0.09450909090909092
-0.10457636363636363
0.1569672727272727
0.034310909090909086
-0.09265999999999999
0.1881963636363636
0.07519636363636363
0.05198
0.05115818181818182
0.01766909090909091
-0.02198363636363636
0.10868545454545453
-0.038625454545454546
0.010478181818181819
0.12655999999999998
-0.05732181818181818
0.039241818181818176
0.0940981818181818
0.05013090909090909
0.040063636363636364
0.1921
-0.03246181818181818
0.008012727272727272
0.13190181818181818
-0.0063690909090909084
0.21223454545454545
0.05115818181818182
-0.06204727272727273
0.15573454545454543
0.051569090909090905
-0.1419690909090909
0.09348181818181817
-0.1017
-0.3159890909090909
-0.008834545454545454
-0.017874545454545452
-0.01849090909090909
0.06163636363636363
0.12347818181818182
0.14628363636363637
0.17833454545454544
0.0538290909090909
0.11197272727272727
0.21223454545454545
-0.14772181818181818
-0.0226
0.10560363636363636
-0.19066181818181818
-0.035954545454545454
0.16395272727272728
0.020956363636363638
0.0727309090909091
0.040063636363636364
0.05876
0.13827090909090908
-0.10745272727272726
-0.033694545454545456
0.058349090909090906
-0.0764290909090909
-0.07375818181818182
0.11567090909090909
0.014792727272727272
-0.07293636363636363
0.11669818181818181
-0.04684363636363636
-0.03533818181818182
-0.03944727272727273
-0.08444181818181817
0.15347454545454545
0.014587272727272727
-0.08998909090909091
0.2274381818181818
0.11669818181818181
-0.05177454545454545
0.23339636363636362
0.09594727272727273
-0.09964545454545454
0.07314181818181818
0.08320909090909091
-0.03225636363636363
0.10539818181818181
0.10067272727272727
0.06512909090909091
0.20114
-0.007601818181818181
0.06738909090909091
0.07601818181818182
-0.08711272727272727
-0.02218909090909091
-0.028763636363636363
-0.10087818181818181
-0.11115090909090909
0.08896181818181817
0.0008218181818181817
0.04047454545454546
0.16046
0.02075090909090909
0.07458
0.08074363636363636
0.040063636363636364
0.039241818181818176
-0.061841818181818185
-0.040063636363636364
0.11012363636363637
-0.04869272727272727
-0.06697818181818181
0.19333272727272727
0.07088181818181817
-0.01664181818181818
0.12368363636363637
0.015409090909090907
-0.04684363636363636
0.12429999999999998
0.059170909090909087
-0.015614545454545454
0.08998909090909091
0.04314545454545454
0.08629090909090908
0.09389272727272728
-0.06985454545454545
-0.0113
0.03410545454545454
-0.13785999999999998
-0.1366272727272727
0.08341454545454545
-0.07067636363636363
-0.017463636363636362
0.22230181818181818
-0.0024654545454545454
0.11608181818181817
0.12368363636363637
0.06225272727272727
0.12553272727272727
-0.05526727272727273
-0.11094545454545454
0.020956363636363638
0.03965272727272728
-0.11998545454545453
0.11752
0.023832727272727273
-0.06143090909090909
0.13046363636363634
-0.042734545454545456
-0.06019818181818181
0.08670181818181817
0.06266363636363637
-0.03143454545454545
0.17525272727272728
-0.01766909090909091
0.08629090909090908
0.26893999999999996
-0.02075090909090909
0.14505090909090906
0.04663818181818182
-0.08834545454545455
0.021367272727272728
0.0678
-0.08546909090909091
0.03657090909090909
0.11053454545454545
-0.04684363636363636
0.0904
0.011505454545454544
0.020956363636363638
0.044994545454545454
-0.029585454545454543
-0.11115090909090909
0.02116181818181818
-0.07170363636363636
-0.0226
0.26873454545454545
-0.019518181818181816
0.1360109090909091
0.22271272727272726
0.10601454545454544
0.09594727272727273
0.01171090909090909
-0.007601818181818181
-0.04232363636363636
-0.03800909090909091
-0.10190545454545454
-0.0006163636363636364
0.02650363636363636
0.014381818181818181
0.06636181818181817
0.09286545454545453
-0.05876
0.09985090909090909
0.16128181818181817
-0.14340727272727272
0.10560363636363636
0.07540181818181818
-0.001438181818181818
0.07827818181818182
0.07766181818181818
0.06964909090909091
-0.028969090909090906
-0.012943636363636362
-0.026298181818181814
0.0034927272727272728
-0.11649272727272726
-0.04828181818181818
0.0805381818181818
-0.006163636363636363
-0.008834545454545454
0.16292545454545454
0.07375818181818182
-0.012532727272727272
0.2029890909090909
-0.02342181818181818
-0.054240000000000003
0.05300727272727272
-0.05054181818181818
0.04807636363636364
0.05115818181818182
-0.007190909090909091
0.1035490909090909
0.09450909090909092
-0.029996363636363634
0.12594363636363634
0.06882727272727272
-0.09286545454545453
0.09163272727272727
0.02157272727272727
-0.16046
0.03020181818181818
0.11012363636363637
0.02301090909090909
0.07149818181818181
0.017874545454545452
0.05177454545454545
0.055678181818181814
-0.04972
0.011094545454545454
0.03800909090909091
-0.11423272727272726
-0.042529090909090905
0.19333272727272727
-0.02362727272727273
-0.011505454545454544
0.20196181818181816
0.00904
0.031229090909090908
0.07581272727272727
-0.03821454545454545
0.11279454545454545
0.04232363636363636
0.006574545454545454
0.20545454545454545
0.04376181818181818
0.03328363636363636
0.20381090909090907
0.04396727272727272
-0.11731454545454545
0.024654545454545453
0.08567454545454545
-0.11731454545454545
-0.08341454545454545
0.05814363636363636
0.05198
0.14566727272727273
0.054034545454545446
0.02650363636363636
0.08649636363636364
-0.09594727272727273
0.008834545454545454
0.02691454545454545
-0.15717272727272727
0.04972
0.14381818181818182
0.018285454545454546
0.18121090909090906
0.17833454545454544
0.05259636363636363
0.14443454545454545
0.04068
-0.04417272727272727
0.03020181818181818
-0.08177090909090909
-0.10622
0.06985454545454545
-0.07293636363636363
-0.033489090909090906
0.2177818181818182
-0.055061818181818184
-0.005341818181818182
0.11854727272727272
-0.09060545454545453
0.01766909090909091
0.025887272727272724
-0.06841636363636364
0.008012727272727272
0.010272727272727272
0.0010272727272727274
0.10663090909090908
0.05465090909090909
-0.0805381818181818
0.07848363636363635
0.08218181818181818
-0.16847272727272727
0.07971636363636364
0.08588
-0.1555290909090909
0.14895454545454545
0.07232
-0.05136363636363636
0.19251090909090907
0.1058090909090909
-0.0067800000000000004
0.032667272727272725
-0.015819999999999997
-0.008012727272727272
0.0749909090909091
0.02362727272727273
0.033489090909090906
0.1419690909090909
0.07252545454545453
0.018696363636363636
0.11669818181818181
-0.06430727272727273
-0.10539818181818181
0.10478181818181817
-0.09923454545454545
-0.001438181818181818
0.08320909090909091
-0.027530909090909092
0.18121090909090906
0.09019454545454544
0.056705454545454545
0.21922
0.12060181818181817
0.03513272727272727
0.08074363636363636
-0.04458363636363636
-0.16600727272727273
0.02979090909090909
0.07108727272727272
-0.11957454545454545
0.15635090909090907
0.09019454545454544
-0.05814363636363636
0.24962727272727273
-0.054240000000000003
0.02650363636363636
0.09204363636363636
-0.12306727272727273
0.03698181818181818
-0.05814363636363636
-0.04109090909090909
0.07622363636363635
0.11402727272727273
-0.031639999999999995
0.015614545454545454
0.17710181818181817
0.07190909090909091
0.08382545454545455
0.06615636363636364
-0.06615636363636364
0.05999272727272727
0.020956363636363638
-0.14607818181818183
0.11094545454545454
-0.09553636363636364
-0.0918381818181818
0.13272363636363635
-0.13683272727272727
-0.11382181818181818
0.06492363636363636
0.043556363636363636
-0.005136363636363636
0.21264545454545453
0.004930909090909091
0.08197636363636364
0.2933890909090909
-0.0918381818181818
0.04129636363636364
0.07930545454545455
-0.11176727272727273
-0.026298181818181814
0.04294
-0.06471818181818181
0.1017
0.15840545454545454
0.017874545454545452
0.16518545454545455
0.032872727272727276
-0.0041090909090909095
0.10663090909090908
0.02691454545454545
-0.1341618181818182
0.028558181818181816
0.03533818181818182
-0.08731818181818181
0.113
0.03533818181818182
0.05341818181818182
0.15943272727272728
0.0470490909090909
-0.03451636363636364
0.1411472727272727
-0.04068
-0.09861818181818181
0.11834181818181817
-0.07252545454545453
0.02013454545454545
0.09923454545454545
0.05115818181818182
0.05465090909090909
0.14731090909090908
0.02670909090909091
0.002670909090909091
0.14299636363636362
-0.07786727272727272
0.03821454545454545
0.09923454545454545
-0.05341818181818182
0.013149090909090907
0.1510090909090909
-0.08197636363636364
-0.035749090909090904
0.1125890909090909
-0.06307454545454545
0.08978363636363636
-0.05999272727272727
-0.05300727272727272
0.09060545454545453
0.03657090909090909
-0.016436363636363638
0.1351890909090909
0.07827818181818182
-0.09533090909090909
0.21182363636363635
-0.08320909090909091
-0.16621272727272726
0.013149090909090907
-0.12861454545454545
-0.06410181818181818
0.04889818181818182
-0.007807272727272727
0.027736363636363635
0.23052
0.04396727272727272
0.12738181818181818
0.15881636363636362
-0.06615636363636364
0.08136
0.10950727272727273
-0.11443818181818181
0.021778181818181818
0.07848363636363635
-0.09348181818181817
0.2194254545454545
0.04150181818181818
0.014998181818181817
0.2568181818181818
0.015409090909090907
0.012327272727272727
0.010889090909090909
-0.010889090909090909
-0.05218545454545454
0.03780363636363636
0.0339
-0.0039036363636363635
0.09964545454545454
-0.025887272727272724
0.03944727272727273
0.11402727272727273
-0.12820363636363635
-0.03307818181818182
0.15840545454545454
-0.07560727272727272
0.08690727272727272
0.12738181818181818
0.013149090909090907
0.17771818181818183
0.05485636363636363
0.03944727272727273
0.04869272727272727
-0.02075090909090909
0.030407272727272724
0.06410181818181818
-0.06533454545454545
0.05814363636363636
0.20792
0.02609272727272727
0.010889090909090909
0.08197636363636364
0.035749090909090904
-0.030612727272727274
0.016847272727272728
-0.09430363636363637
-0.10416545454545453
-0.03965272727272728
-0.02979090909090909
0.08279818181818181
-0.01171090909090909
0.02609272727272727
0.1017
0.06882727272727272
0.0030818181818181817
0.012738181818181817
0.06615636363636364
-0.04951454545454545
0.04294
0.04314545454545454
-0.05218545454545454
0.07889454545454545
0.03020181818181818
0.05526727272727273
0.13169636363636364
-0.08300363636363636
0.0339
0.14813272727272728
-0.028969090909090906
-0.0063690909090909084
0.10498727272727272
0.07683999999999999
0.031229090909090908
0.18285454545454544
0.02403818181818182
-0.011094545454545454
0.15614545454545453
-0.008218181818181819
-0.07375818181818182
-0.08320909090909091
-0.1148490909090909
0.09265999999999999
0.13025818181818183
-0.13929818181818182
0.13498363636363636
0.17011636363636362
-0.07807272727272727
0.1871690909090909
0.06553999999999999
-0.10868545454545453
0.06656727272727272
-0.07437454545454546
-0.055678181818181814
0.1296418181818182
-0.07129272727272727
0.044994545454545454
0.16415818181818181
-0.06040363636363636
0.039241818181818176
0.12676545454545454
-0.0402690909090909
0.06738909090909091
0.14484545454545456
-0.1314909090909091
0.04047454545454546
0.2188090909090909
-0.03780363636363636
0.10457636363636363
0.10622
-0.1744309090909091
0.07006
0.05608909090909091
-0.1351890909090909
0.10827454545454546
0.03821454545454545
0.043350909090909086
0.2142890909090909
-0.03328363636363636
-0.020545454545454544
0.15635090909090907
-0.05958181818181818
-0.06656727272727272
-0.0039036363636363635
-0.19045636363636362
0.007807272727272727
0.06492363636363636
-0.0339
0.21018
0.1808
0.09224909090909092
0.2518872727272727
0.17689636363636363
-0.06081454545454545
0.02362727272727273
0.02568181818181818
-0.11053454545454545
-0.05855454545454545
-0.0113
-0.04396727272727272
0.0805381818181818
0.1171090909090909
-0.08156545454545455
0.12019090909090908
0.056705454545454545
-0.03533818181818182
0.1058090909090909
-0.10786363636363637
-0.01849090909090909
0.10272727272727272
0.03513272727272727
0.02527090909090909
0.04972
0.028969090909090906
0.03472181818181818
0.06410181818181818
-0.03554363636363636
-0.0447890909090909
-0.010272727272727272
-0.024243636363636363
0.05896545454545454
0.09327636363636364
-0.05259636363636363
0.07026545454545453
0.09615272727272728
-0.04725454545454546
0.015614545454545454
-0.010889090909090909
-0.06903272727272727
0.06307454545454545
0.12121818181818181
-0.05732181818181818
0.1370381818181818
0.13580545454545453
0.06512909090909091
0.2278490909090909
-0.010683636363636364
-0.030407272727272724
0.04972
-0.04663818181818182
-0.04869272727272727
0.007807272727272727
-0.06923818181818181
0.03554363636363636
0.16744545454545454
-0.005958181818181818
0.04725454545454546
0.10724727272727272
-0.01623090909090909
0.027120000000000002
0.05711636363636363
-0.17977272727272728
0.04396727272727272
0.15142
-0.12327272727272726
0.14710545454545454
0.1637472727272727
-0.02218909090909091
0.13107999999999997
0.14669454545454544
-0.09204363636363636
0.0786890909090909
0.11546545454545454
-0.06348545454545454
0.18614181818181816
0.014381818181818181
-0.003698181818181818
0.18614181818181816
0.011916363636363636
-0.023832727272727273
0.09697454545454545
-0.04047454545454546
-0.14607818181818183
0.02034
-0.0678
-0.027736363636363635
0.10827454545454546
0.06553999999999999
0.02075090909090909
0.040063636363636364
-0.031639999999999995
0.035749090909090904
0.05711636363636363
-0.13580545454545453
0.04211818181818182
0.009245454545454545
-0.012738181818181817
0.1532690909090909
0.22846545454545453
0.17956727272727271
0.09163272727272727
0.07108727272727272
-0.04047454545454546
0.13457272727272726
-0.113
-0.17258181818181817
0.07026545454545453
-0.17792363636363634
0.010272727272727272
0.1397090909090909
0.030818181818181814
0.07252545454545453
0.09389272727272728
0.09450909090909092
-0.05711636363636363
-0.0226
0.040063636363636364
-0.03143454545454545
0.045816363636363634
-0.06019818181818181
0.03513272727272727
0.10375454545454545
-0.03554363636363636
0.18326545454545454
0.0470490909090909
-0.06615636363636364
0.0918381818181818
0.028969090909090906
0.019107272727272726
0.012943636363636362
0.057527272727272726
0.05013090909090909
0.053212727272727266
0.11320545454545454
0.04211818181818182
0.0727309090909091
0.03225636363636363
-0.031229090909090908
0.10622
-0.012121818181818182
-0.0024654545454545454
0.20442727272727274
0.010272727272727272
-0.034310909090909086
0.02444909090909091
-0.010889090909090909
-0.05218545454545454
-0.010067272727272725
-0.07190909090909091
-0.07622363636363635
0.09492
-0.05526727272727273
0.20011272727272728
0.20894727272727273
0.005958181818181818
0.2929781818181818
0.15758363636363634
-0.14340727272727272
0.03225636363636363
-0.05033636363636364
-0.33797272727272726
0.004930909090909091
-0.113
-0.16046
0.15963818181818182
0.03225636363636363
0.16066545454545456
0.2255890909090909
0.0741690909090909
0.07375818181818182
0.19066181818181818
-0.08279818181818181
-0.05711636363636363
0.22148
-0.17956727272727271
-0.04972
0.20545454545454545
-0.048487272727272726
0.10190545454545454
0.13806545454545455
-0.03020181818181818
0.20812545454545453
0.045816363636363634
-0.12882
0.15491272727272726
-0.001438181818181818
-0.16436363636363635
0.11977999999999998
0.040063636363636364
-0.20812545454545453
0.08156545454545455
0.04930909090909091
-0.027325454545454545
0.0904
0.016847272727272728
0.14279090909090908
0.16066545454545456
0.03657090909090909
0.12902545454545453
0.17381454545454544
-0.08731818181818181
0.043350909090909086
0.06595090909090909
-0.1314909090909091
-0.014998181818181817
-0.012532727272727272
-0.034310909090909086
-0.003287272727272727
0.07006
0.14484545454545456
0.20072909090909088
0.029585454545454543
0.056705454545454545
0.16929454545454545
-0.09368727272727272
-0.1148490909090909
0.033694545454545456
-0.14566727272727273
-0.14772181818181818
0.06862181818181817
-0.113
0.045816363636363634
0.21244
-0.05115818181818182
0.043556363636363636
0.1397090909090909
0.002670909090909091
-0.017463636363636362
0.04294
-0.043556363636363636
-0.004725454545454545
0.08012727272727273
-0.01992909090909091
0.06451272727272726
0.11238363636363637
-0.04396727272727272
0.11526
0.10806909090909089
-0.10848000000000001
0.13683272727272727
0.04417272727272727
-0.025887272727272724
0.1411472727272727
-0.014176363636363636
0.021367272727272728
0.06800545454545455
-0.0113
0.07786727272727272
0.12347818181818182
-0.13354545454545455
0.051569090909090905
0.23031454545454547
-0.12717636363636362
0.07252545454545453
0.24613454545454547
0.007601818181818181
0.020545454545454544
0.054240000000000003
-0.015203636363636362
0.03307818181818182
-0.08464727272727272
-0.1744309090909091
0.01890181818181818
-0.012532727272727272
-0.11074
0.19456545454545454
0.24017636363636363
-0.055678181818181814
0.23832727272727272
0.1881963636363636
-0.05280181818181818
0.11464363636363636
0.046432727272727264
0.025887272727272724
-0.03205090909090909
-0.09286545454545453
0.019312727272727273
0.04109090909090909
-0.04437818181818182
0.09224909090909092
0.17484181818181818
-0.005341818181818182
-0.016436363636363638
0.1247109090909091
-0.027530909090909092
-0.07992181818181819
0.10991818181818182
-0.030407272727272724
-0.0063690909090909084
-0.03205090909090909
-0.02157272727272727
0.1419690909090909
-0.09348181818181817
-0.031845454545454545
0.08588
-0.11505454545454545
-0.06019818181818181
0.1370381818181818
0.07375818181818182
0.04150181818181818
0.1171090909090909
0.06985454545454545
0.0918381818181818
0.06595090909090909
-0.025065454545454544
0.0041090909090909095
-0.005752727272727272
-0.02691454545454545
0.09759090909090909
0.08896181818181817
-0.023832727272727273
0.09594727272727273
0.19703090909090906
-0.02342181818181818
0.040885454545454544
0.12183454545454545
-0.10683636363636365
-0.01664181818181818
-0.07108727272727272
-0.05444545454545455
0.04807636363636364
-0.03205090909090909
0.10149454545454545
0.06019818181818181
0.014792727272727272
0.07293636363636363
0.16354181818181818
0.06307454545454545
-0.15347454545454545
0.03246181818181818
0.027736363636363635
0.012327272727272727
0.07622363636363635
0.004314545454545455
0.11012363636363637
0.10149454545454545
0.008012727272727272
0.021367272727272728
0.08485272727272727
0.003287272727272727
0.017874545454545452
0.14073636363636363
-0.038419999999999996
0.044994545454545454
0.18162181818181816
0.015819999999999997
0.08711272727272727
0.031023636363636364
-0.09635818181818182
0.07663454545454546
-0.05958181818181818
-0.20483818181818178
0.0012327272727272727
-0.01623090909090909
-0.0069854545454545456
0.13087454545454547
0.05793818181818181
0.02527090909090909
0.22497272727272724
0.13313454545454545
-0.0538290909090909
0.08752363636363636
-0.030612727272727274
-0.11793090909090909
0.027325454545454545
-0.020545454545454544
-0.03883090909090909
0.09861818181818181
-0.008012727272727272
-0.035954545454545454
0.12203999999999998
-0.0764290909090909
0.13190181818181818
0.16189818181818183
-0.10375454545454545
0.18511454545454545
0.0918381818181818
-0.019518181818181816
0.17340363636363634
0.1296418181818182
-0.1076581818181818
-0.02116181818181818
0.04068
-0.10231636363636364
0.004314545454545455
0.03225636363636363
0.06533454545454545
0.08752363636363636
0.02116181818181818
0.04622727272727272
0.20956363636363634
-0.031229090909090908
-0.023832727272727273
0.12306727272727273
-0.17484181818181818
-0.05793818181818181
0.05177454545454545
0.01766909090909091
0.06101999999999999
0.1871690909090909
0.10704181818181817
0.17093818181818182
0.14566727272727273
-0.04376181818181818
0.12265636363636362
-0.07355272727272727
-0.0727309090909091
-0.013354545454545456
-0.08711272727272727
-0.07683999999999999
0.07766181818181818
0.09307090909090908
-0.05876
0.12594363636363634
0.014792727272727272
0.07827818181818182
0.13025818181818183
-0.008834545454545454
-0.007396363636363636
0.055678181818181814
0.0339
0.025065454545454544
0.12882
-0.05855454545454545
0.06800545454545455
0.017874545454545452
-0.12347818181818182
0.015819999999999997
-0.027530909090909092
-0.07211454545454546
0.050747272727272724
0.11012363636363637
-0.055883636363636364
0.1510090909090909
0.1499818181818182
-0.02116181818181818
0.10334363636363636
0.03718727272727273
-0.10560363636363636
0.04417272727272727
0.03554363636363636
-0.06410181818181818
0.21716545454545452
0.023216363636363632
-0.021778181818181818
0.2274381818181818
0.05711636363636363
0.009656363636363637
0.13765454545454545
-0.03698181818181818
-0.17299272727272727
0.04746
-0.10827454545454546
-0.028352727272727273
0.14669454545454544
-0.029174545454545453
0.10272727272727272
0.11341090909090909
-0.04828181818181818
0.030818181818181814
0.08238727272727273
-0.11197272727272727
-0.03225636363636363
0.029174545454545453
-0.05362363636363636
0.14813272727272728
0.18018363636363635
-0.021778181818181818
0.08793454545454545
0.1528581818181818
-0.06903272727272727
0.10272727272727272
0.032667272727272725
-0.06040363636363636
0.18223818181818183
0.018696363636363636
-0.017463636363636362
0.12697090909090908
0.06759454545454545
0.04787090909090909
0.07108727272727272
-0.07129272727272727
-0.08423636363636364
-0.0226
-0.07889454545454545
0.051569090909090905
0.09019454545454544
0.0020545454545454547
0.1088909090909091
0.11443818181818181
0.0339
0.05855454545454545
-0.05937636363636363
-0.07170363636363636
0.061841818181818185
-0.07458
-0.03780363636363636
0.18758
0.12491636363636363
0.16908909090909088
0.17648545454545456
0.04417272727272727
0.1454618181818182
0.08012727272727273
-0.05300727272727272
0.027941818181818182
-0.0727309090909091
-0.15717272727272727
0.09265999999999999
0.042734545454545456
-0.10827454545454546
0.12060181818181817
0.045610909090909084
-0.02527090909090909
0.14525636363636363
0.0024654545454545454
-0.02116181818181818
0.028763636363636363
-0.06718363636363636
0.009861818181818182
0.03616
0.01808
0.11546545454545454
0.030818181818181814
-0.11320545454545454
-0.013354545454545456
0.15059818181818183
-0.010067272727272725
-0.12019090909090908
0.10437090909090908
-0.017874545454545452
-0.0034927272727272728
0.12224545454545453
0.055061818181818184
0.07827818181818182
-0.035954545454545454
0.042734545454545456
0.10519272727272726
-0.027736363636363635
-0.042529090909090905
0.07745636363636363
0.14340727272727272
-0.01725818181818182
0.04376181818181818
0.12594363636363634
-0.07334727272727272
0.09327636363636364
0.02403818181818182
-0.22497272727272724
0.01766909090909091
-0.012327272727272727
-0.06985454545454545
0.10005636363636364
0.05937636363636363
0.03718727272727273
0.25764
0.16559636363636362
0.02670909090909091
0.17956727272727271
-0.06821090909090909
-0.07006
0.11176727272727273
-0.10539818181818181
-0.14895454545454545
0.11115090909090909
0.08896181818181817
-0.015203636363636362
0.2336018181818182
-0.001438181818181818
-0.01992909090909091
0.24716181818181818
-0.04047454545454546
-0.013149090909090907
0.07149818181818181
-0.04663818181818182
0.11669818181818181
0.05280181818181818
-0.09348181818181817
0.17689636363636363
0.113
-0.02979090909090909
0.15450181818181818
0.08403090909090909
-0.03739272727272727
0.06944363636363636
0.04910363636363636
-0.07334727272727272
0.06615636363636364
-0.027530909090909092
-0.04889818181818182
0.05280181818181818
-0.14464
-0.05793818181818181
0.018285454545454546
-0.08156545454545455
-0.03020181818181818
0.1610763636363636
0.07581272727272727
0.059787272727272724
0.23401272727272723
0.08300363636363636
0.042529090909090905
0.015409090909090907
-0.002876363636363636
-0.014176363636363636
-0.06841636363636364
-0.14299636363636362
-0.007807272727272727
0.05444545454545455
-0.03903636363636363
0.18429272727272727
0.043556363636363636
0.08156545454545455
0.10067272727272727
0.013354545454545456
0.05465090909090909
-0.07232
0.031023636363636364
-0.03985818181818182
-0.0678
-0.05876
0.09861818181818181
0.11752
-0.028352727272727273
0.13190181818181818
0.13087454545454547
-0.034927272727272723
-0.02013454545454545
0.12655999999999998
-0.10108363636363636
0.01623090909090909
0.1058090909090909
-0.07807272727272727
0.10334363636363636
0.08218181818181818
0.00226
0.12635454545454544
0.10190545454545454
0.014792727272727272
0.20586545454545455
0.011916363636363636
-0.0006163636363636364
0.14135272727272727
-0.027941818181818182
-0.005136363636363636
-0.0067800000000000004
0.06081454545454545
-0.033489090909090906
0.025476363636363634
0.02670909090909091
-0.0041090909090909095
0.10396
-0.016436363636363638
0.029996363636363634
0.08115454545454545
-0.01890181818181818
0.06225272727272727
0.09163272727272727
-0.17011636363636362
0.1012890909090909
0.018285454545454546
-0.26380363636363635
0.031639999999999995
-0.027325454545454545
-0.02116181818181818
0.08752363636363636
0.12738181818181818
0.08218181818181818
0.14566727272727273
0.08115454545454545
-0.006163636363636363
0.20401636363636363
-0.01849090909090909
-0.10272727272727272
0.08341454545454545
-0.0967690909090909
-0.15039272727272726
0.13621636363636364
0.01725818181818182
0.02301090909090909
0.2584618181818182
-0.014587272727272727
0.0226
0.11834181818181817
-0.03410545454545454
0.11752
-0.005341818181818182
-0.19929090909090907
0.12142363636363637
0.04417272727272727
-0.11053454545454545
0.15984363636363638
0.07293636363636363
-0.07786727272727272
0.02486
0.041707272727272725
-0.05608909090909091
0.07396363636363636
0.03533818181818182
0.017463636363636362
0.1608709090909091
-0.05013090909090909
0.09327636363636364
0.1999072727272727
0.013970909090909091
0.12655999999999998
0.07725090909090909
-0.011916363636363636
0.07334727272727272
0.06122545454545455
0.036776363636363635
0.06430727272727273
0.028352727272727273
-0.03410545454545454
0.07807272727272727
-0.01171090909090909
-0.1532690909090909
0.0741690909090909
-0.014792727272727272
-0.1727872727272727
0.010889090909090909
-0.033694545454545456
0.04068
0.17463636363636362
-0.05033636363636364
0.08629090909090908
0.17114363636363633
0.04787090909090909
0.07334727272727272
-0.04150181818181818
0.002876363636363636
0.016847272727272728
0.05259636363636363
-0.03636545454545455
-0.08444181818181817
0.15573454545454543
0.030818181818181814
-0.009656363636363637
0.07889454545454545
-0.04294
0.1035490909090909
0.10067272727272727
-0.07211454545454546
0.10067272727272727
0.005136363636363636
0.04437818181818182
0.1631309090909091
0.031845454545454545
0.019518181818181816
-0.001438181818181818
0.06944363636363636
-0.10046727272727272
0.021778181818181818
-0.02691454545454545
-0.13806545454545455
0.22004181818181817
-0.04376181818181818
-0.051569090909090905
0.19312727272727273
0.06656727272727272
0.06553999999999999
0.12738181818181818
-0.07334727272727272
-0.09286545454545453
0.1076581818181818
-0.03903636363636363
-0.03800909090909091
0.12532727272727273
-0.04437818181818182
0.03307818181818182
0.2165490909090909
-0.11854727272727272
0.1148490909090909
0.13929818181818182
-0.15717272727272727
0.14402363636363635
0.0226
-0.031229090909090908
0.14587272727272727
0.09635818181818182
-0.06081454545454545
0.03472181818181818
-0.002876363636363636
-0.10642545454545453
0.1148490909090909
-0.00904
-0.021778181818181818
0.08588
0.05341818181818182
0.08629090909090908
0.14772181818181818
-0.02362727272727273
0.043556363636363636
0.07149818181818181
-0.16272
0.05136363636363636
-0.09944
-0.08546909090909091
0.08341454545454545
0.07560727272727272
0.10416545454545453
0.1356
0.2210690909090909
0.09348181818181817
0.22579454545454544
-0.06533454545454545
-0.06553999999999999
0.09841272727272728
-0.20915272727272727
-0.028969090909090906
0.008834545454545454
-0.07334727272727272
0.10683636363636365
0.18984
0.016025454545454544
0.09697454545454545
0.12512181818181817
-0.0024654545454545454
0.07683999999999999
0.04396727272727272
-0.06553999999999999
-0.014792727272727272
0.08567454545454545
0.0008218181818181817
0.05547272727272727
-0.012738181818181817
-0.03718727272727273
0.06697818181818181
-0.0402690909090909
-0.08998909090909091
0.06163636363636363
0.06738909090909091
-0.11176727272727273
0.14237999999999998
0.056705454545454545
-0.04540545454545454
0.22148
0.007190909090909091
-0.0678
0.06266363636363637
-0.019312727272727273
-0.007396363636363636
0.07704545454545454
-0.031639999999999995
0.07766181818181818
0.17032181818181816
0.015409090909090907
0.04663818181818182
0.15470727272727272
-0.044994545454545454
-0.1337509090909091
0.07971636363636364
-0.16991090909090908
-0.024654545454545453
0.1415581818181818
-0.0918381818181818
0.11238363636363637
0.12758727272727272
0.034927272727272723
0.07396363636363636
0.0339
0.004725454545454545
0.06307454545454545
-0.08670181818181817
-0.058349090909090906
0.14176363636363634
0.02938
0.016847272727272728
0.15142
0.05465090909090909
-0.04458363636363636
0.16662363636363633
0.06738909090909091
-0.02362727272727273
0.05033636363636364
0.013149090909090907
0.12060181818181817
0.09163272727272727
-0.0008218181818181817
0.09553636363636364
0.18531999999999998
-0.09348181818181817
-0.03883090909090909
0.07971636363636364
-0.18860727272727273
0.003698181818181818
0.10786363636363637
0.005752727272727272
0.09389272727272728
0.0895781818181818
0.07560727272727272
0.1499818181818182
-0.06759454545454545
-0.07725090909090909
0.058349090909090906
-0.12861454545454545
-0.05218545454545454
0.06492363636363636
-0.0067800000000000004
0.07827818181818182
0.31146909090909086
0.1148490909090909
0.10806909090909089
0.1962090909090909
-0.04437818181818182
0.08218181818181818
-0.02979090909090909
-0.22456181818181817
0.013149090909090907
0.009245454545454545
-0.15367999999999998
0.09718
0.07683999999999999
-0.02157272727272727
0.22374
0.03821454545454545
-0.06923818181818181
0.09944
-0.08033272727272728
-0.06697818181818181
0.18799090909090907
-0.055061818181818184
-0.04437818181818182
0.12327272727272726
-0.10375454545454545
-0.033489090909090906
0.12861454545454545
0.008012727272727272
-0.03821454545454545
0.16641818181818183
-0.02568181818181818
-0.013560000000000001
0.21716545454545452
-0.02444909090909091
0.09492
0.09985090909090909
-0.10457636363636363
0.08752363636363636
0.10806909090909089
-0.08341454545454545
0.02075090909090909
0.08711272727272727
0.011094545454545454
0.08629090909090908
0.1464890909090909
0.017463636363636362
0.022805454545454542
0.0940981818181818
-0.19415454545454544
0.0470490909090909
0.010272727272727272
-0.20422181818181817
0.20442727272727274
-0.054240000000000003
0.015409090909090907
0.24983272727272726
0.06143090909090909
0.18634727272727272
0.20011272727272728
0.012327272727272727
-0.03328363636363636
0.059787272727272724
-0.17833454545454544
-0.11957454545454545
0.02979090909090909
-0.2572290909090909
0.048487272727272726
0.20072909090909088
-0.05136363636363636
0.17710181818181817
0.16724
-0.011094545454545454
0.1193690909090909
0.13272363636363635
-0.04663818181818182
0.04294
0.0940981818181818
-0.12655999999999998
0.054034545454545446
0.029174545454545453
-0.09081090909090908
0.1803890909090909
-0.05136363636363636
-0.04828181818181818
0.21963090909090907
-0.07622363636363635
0.006574545454545454
0.1524472727272727
-0.031845454545454545
0.005752727272727272
0.011505454545454544
-0.030818181818181814
-0.0034927272727272728
0.006574545454545454
-0.06019818181818181
0.03903636363636363
0.07149818181818181
0.02444909090909091
0.20545454545454545
0.14443454545454545
0.10519272727272726
0.15347454545454545
0.15039272727272726
-0.00020545454545454542
-0.05136363636363636
-0.004725454545454545
-0.13231272727272728
-0.02239454545454545
-0.03718727272727273
0.02013454545454545
0.08115454545454545
0.0741690909090909
0.17176
0.10211090909090909
0.06656727272727272
0.10416545454545453
0.02075090909090909
0.0041090909090909095
0.0226
-0.1411472727272727
-0.06595090909090909
-0.03883090909090909
0.008423636363636364
0.021367272727272728
0.03821454545454545
0.10950727272727273
-0.032667272727272725
0.13929818181818182
0.02157272727272727
-0.04787090909090909
0.07601818181818182
0.015614545454545454
-0.021778181818181818
0.007807272727272727
0.1216290909090909
-0.05773272727272727
0.13642181818181817
0.1012890909090909
-0.10519272727272726
0.10149454545454545
0.04068
-0.014381818181818181
0.055678181818181814
0.02157272727272727
0.03328363636363636
0.07232
-0.15039272727272726
0.03410545454545454
0.09923454545454545
-0.0904
0.02444909090909091
0.06122545454545455
-0.030407272727272724
-0.07519636363636363
0.19189454545454546
0.05732181818181818
0.05937636363636363
0.10149454545454545
-0.07930545454545455
0.13847636363636362
0.001438181818181818
-0.05362363636363636
0.0565
-0.13785999999999998
-0.19230545454545456
0.17710181818181817
0.11526
-0.05465090909090909
0.29955272727272725
0.1686781818181818
0.04129636363636364
0.15614545454545453
0.09964545454545454
0.04232363636363636
0.043350909090909086
-0.06348545454545454
-0.048487272727272726
0.010683636363636364
-0.09142727272727272
0.07827818181818182
0.16929454545454545
0.040063636363636364
0.020545454545454544
0.16949999999999998
0.03985818181818182
0.07190909090909091
0.08074363636363636
-0.16970545454545455
0.07375818181818182
-0.012121818181818182
-0.05773272727272727
0.13190181818181818
-0.01664181818181818
-0.05259636363636363
0.054240000000000003
-0.04458363636363636
-0.06040363636363636
0.12203999999999998
-0.05136363636363636
0.046432727272727264
0.17771818181818183
-0.04129636363636364
0.06512909090909091
0.19764727272727273
0.046432727272727264
0.03965272727272728
0.05526727272727273
-0.12635454545454544
0.07314181818181818
0.10745272727272726
-0.05054181818181818
0.10313818181818181
0.009245454545454545
-0.03800909090909091
0.13457272727272726
0.00041090909090909085
-0.14320181818181818
0.10108363636363636
0.01664181818181818
-0.20730363636363636
-0.02444909090909091
-0.024654545454545453
-0.00020545454545454542
0.10848000000000001
0.019107272727272726
0.0940981818181818
0.1321072727272727
0.019312727272727273
0.10067272727272727
0.10745272727272726
-0.1171090909090909
-0.05362363636363636
0.16970545454545455
-0.0402690909090909
-0.054034545454545446
0.14505090909090906
0.03472181818181818
0.12738181818181818
0.11238363636363637
-0.05814363636363636
0.11217818181818182
0.09307090909090908
-0.0764290909090909
0.11402727272727273
0.04746
-0.08670181818181817
0.2188090909090909
0.10642545454545453
-0.08772909090909091
0.16518545454545455
0.06122545454545455
-0.11217818181818182
0.019723636363636363
-0.05362363636363636
-0.10806909090909089
0.05485636363636363
0.004930909090909091
-0.03657090909090909
0.16970545454545455
0.002876363636363636
0.05013090909090909
0.23257454545454545
-0.05362363636363636
0.02362727272727273
0.05300727272727272
-0.10519272727272726
0.07108727272727272
0.06553999999999999
-0.08608545454545455
0.07108727272727272
0.023216363636363632
0.00226
0.11628727272727273
0.012943636363636362
0.03020181818181818
0.10663090909090908
0.07047090909090908
-0.09327636363636364
0.17381454545454544
0.08341454545454545
-0.0727309090909091
0.2023727272727273
-0.11546545454545454
-0.09368727272727272
0.06553999999999999
-0.06101999999999999
-0.0041090909090909095
0.06759454545454545
-0.03143454545454545
0.0470490909090909
0.1608709090909091
-0.0020545454545454547
0.13498363636363636
0.07149818181818181
-0.04376181818181818
0.05136363636363636
0.028763636363636363
-0.08937272727272727
0.013149090909090907
0.12799818181818182
-0.02157272727272727
0.20052363636363635
0.08115454545454545
0.07252545454545453
0.2364781818181818
-0.029996363636363634
-0.024654545454545453
0.00226
-0.12902545454545453
-0.0904
0.07190909090909091
-0.13272363636363635
0.023216363636363632
0.1510090909090909
-0.039241818181818176
0.1633363636363636
0.12779272727272725
0.00945090909090909
0.09245454545454544
0.11834181818181817
-0.08814
0.03554363636363636
0.10745272727272726
-0.05485636363636363
0.023216363636363632
-0.052390909090909085
0.005958181818181818
0.027120000000000002
-0.02444909090909091
-0.04437818181818182
0.025887272727272724
-0.007190909090909091
-0.06410181818181818
0.14772181818181818
0.04294
0.08074363636363636
0.14505090909090906
0.028558181818181816
0.06553999999999999
0.09163272727272727
0.010272727272727272
0.008218181818181819
0.1148490909090909
-0.055883636363636364
0.02157272727272727
0.14751636363636364
-0.00904
0.13128545454545454
0.14012
-0.07930545454545455
0.058349090909090906
0.0628690909090909
-0.14772181818181818
-0.04376181818181818
0.039241818181818176
-0.048487272727272726
0.023216363636363632
0.12758727272727272
-0.02157272727272727
0.09553636363636364
0.1360109090909091
-0.08998909090909091
0.10642545454545453
-0.005136363636363636
-0.08567454545454545
0.17299272727272727
-0.07540181818181818
0.013560000000000001
0.2093581818181818
-0.054034545454545446
0.054034545454545446
0.12306727272727273
-0.032872727272727276
0.047665454545454546
0.10539818181818181
-0.07704545454545454
0.09492
0.17833454545454544
-0.13806545454545455
0.10211090909090909
0.1569672727272727
-0.1366272727272727
0.08156545454545455
0.11977999999999998
-0.18203272727272726
-0.012532727272727272
0.027120000000000002
-0.0741690909090909
0.10211090909090909
0.013765454545454546
0.05095272727272727
0.17299272727272727
-0.005958181818181818
-0.06738909090909091
0.10067272727272727
-0.06143090909090909
-0.08300363636363636
0.08464727272727272
-0.04930909090909091
0.1035490909090909
0.15388545454545455
0.17484181818181818
0.19723636363636363
0.08423636363636364
0.09060545454545453
0.11402727272727273
0.04972
-0.12388909090909091
0.04622727272727272
-0.017463636363636362
-0.10827454545454546
0.06307454545454545
0.015409090909090907
-0.014998181818181817
0.07314181818181818
0.0678
-0.02301090909090909
0.02609272727272727
0.008218181818181819
0.04294
0.07725090909090909
0.02609272727272727
0.04047454545454546
0.10950727272727273
-0.03246181818181818
-0.027120000000000002
0.16128181818181817
-0.018696363636363636
0.03533818181818182
0.08259272727272728
-0.04150181818181818
0.003698181818181818
0.08793454545454545
0.08094909090909091
-0.01623090909090909
0.021367272727272728
-0.038625454545454546
0.07540181818181818
0.08670181818181817
-0.08485272727272727
0.08464727272727272
0.011094545454545454
-0.06410181818181818
0.11402727272727273
0.06800545454545455
-0.03205090909090909
0.11197272727272727
0.04951454545454545
-0.08115454545454545
0.0538290909090909
-0.06369090909090909
-0.03205090909090909
0.06348545454545454
-0.10601454545454544
0.02938
0.1935381818181818
-0.01705272727272727
0.05177454545454545
0.2999636363636364
-0.06081454545454545
-0.03739272727272727
0.17052727272727272
-0.1483381818181818
-0.0741690909090909
-0.005547272727272727
-0.08711272727272727
0.15018727272727272
0.14525636363636363
-0.04437818181818182
0.16744545454545454
0.15655636363636363
-0.04437818181818182
0.19127818181818182
0.10498727272727272
-0.15429636363636362
0.08382545454545455
0.02650363636363636
-0.12779272727272725
0.1284090909090909
0.019107272727272726
0.042529090909090905
0.22230181818181818
-0.04663818181818182
0.09389272727272728
0.22394545454545453
-0.09861818181818181
0.08362
0.1366272727272727
-0.13457272727272726
0.06204727272727273
0.04889818181818182
-0.09081090909090908
0.02013454545454545
0.02301090909090909
-0.05280181818181818
0.08896181818181817
0.12039636363636362
-0.04602181818181818
0.1411472727272727
0.07396363636363636
0.00862909090909091
0.21572727272727274
0.010889090909090909
-0.05280181818181818
0.2183981818181818
-0.033489090909090906
-0.15080363636363636
0.14587272727272727
-0.06882727272727272
-0.07540181818181818
0.001438181818181818
-0.0010272727272727274
0.08156545454545455
0.06204727272727273
0.07704545454545454
0.04314545454545454
0.019312727272727273
-0.10046727272727272
0.0470490909090909
-0.025476363636363634
-0.15080363636363636
0.04437818181818182
0.06410181818181818
-0.09512545454545453
0.046432727272727264
0.17936181818181818
-0.09944
0.08300363636363636
0.034310909090909086
-0.01890181818181818
0.04787090909090909
-0.060609090909090904
0.07992181818181819
0.11464363636363636
-0.04417272727272727
-0.07088181818181817
0.28948545454545455
0.022805454545454542
-0.008834545454545454
0.19908545454545457
0.031639999999999995
0.12388909090909091
0.07334727272727272
0.026298181818181814
-0.0067800000000000004
0.04602181818181818
-0.047665454545454546
0.07786727272727272
0.06821090909090909
-0.12327272727272726
0.14299636363636362
0.09471454545454545
-0.07704545454545454
0.09944
0.11731454545454545
-0.09122181818181817
0.14094181818181817
0.04294
-0.03636545454545455
0.12594363636363634
-0.05198
0.028352727272727273
0.055883636363636364
-0.09574181818181818
-0.10539818181818181
0.12429999999999998
-0.025476363636363634
0.008012727272727272
0.2825
0.03513272727272727
0.07601818181818182
0.22086363636363635
0.05485636363636363
0.010067272727272725
0.07334727272727272
-0.13272363636363635
-0.05013090909090909
0.00226
-0.12101272727272726
0.0940981818181818
0.02013454545454545
0.027325454545454545
0.20504363636363634
0.07396363636363636
-0.05608909090909091
0.10067272727272727
-0.036776363636363635
-0.10848000000000001
0.1193690909090909
-0.07704545454545454
-0.07807272727272727
0.09327636363636364
0.06512909090909091
0.02403818181818182
0.050747272727272724
-0.02670909090909091
0.017874545454545452
0.060609090909090904
-0.14464
0.09142727272727272
0.07129272727272727
-0.09656363636363637
0.19251090909090907
0.14813272727272728
-0.012327272727272727
0.12491636363636363
0.14135272727272727
0.08136
0.053212727272727266
-0.08423636363636364
0.05465090909090909
0.05259636363636363
-0.002670909090909091
0.11320545454545454
0.05300727272727272
0.01849090909090909
0.013149090909090907
0.15573454545454543
-0.06471818181818181
-0.1415581818181818
0.06882727272727272
-0.12738181818181818
-0.08875636363636363
-0.006163636363636363
0.06101999999999999
0.1758690909090909
0.09656363636363637
0.059170909090909087
0.07047090909090908
0.05054181818181818
0.03739272727272727
0.11977999999999998
-0.007190909090909091
-0.10601454545454544
0.05937636363636363
0.05341818181818182
0.005136363636363636
0.07704545454545454
0.07951090909090908
-0.02034
0.028147272727272726
0.06903272727272727
0.00862909090909091
0.05608909090909091
0.0339
0.013149090909090907
0.1257381818181818
0.006574545454545454
-0.017874545454545452
0.2722272727272727
0.02938
-0.13313454545454545
0.06677272727272728
-0.13169636363636364
-0.06738909090909091
0.06492363636363636
-0.13395636363636362
-0.009861818181818182
0.12902545454545453
0.0063690909090909084
0.13539454545454546
0.12183454545454545
-0.04540545454545454
0.13785999999999998
0.050747272727272724
-0.10231636363636364
0.010683636363636364
0.05629454545454545
0.04047454545454546
0.08341454545454545
0.028969090909090906
-0.027736363636363635
0.21038545454545451
0.03143454545454545
-0.029174545454545453
0.16518545454545455
-0.1374490909090909
-0.051569090909090905
0.16128181818181817
-0.04869272727272727
0.04211818181818182
0.1329290909090909
-0.05485636363636363
0.07704545454545454
0.051569090909090905
-0.10991818181818182
0.04602181818181818
0.10971272727272725
-0.0727309090909091
0.035749090909090904
0.1555290909090909
-0.00904
0.22456181818181817
0.09964545454545454
-0.07683999999999999
0.04540545454545454
-0.0940981818181818
-0.04068
0.04540545454545454
-0.05629454545454545
-0.04725454545454546
0.12882
0.06821090909090909
0.11752
0.1766909090909091
0.07458
0.06143090909090909
0.0678
-0.029174545454545453
-0.1296418181818182
0.02075090909090909
-0.09574181818181818
0.05958181818181818
0.1224509090909091
-0.14525636363636363
0.1171090909090909
0.1637472727272727
0.06040363636363636
0.11156181818181818
0.02342181818181818
-0.06636181818181817
0.10334363636363636
0.07745636363636363
-0.04951454545454545
0.11156181818181818
0.055883636363636364
-0.01766909090909091
0.06040363636363636
-0.003287272727272727
-0.10704181818181817
0.06553999999999999
0.010272727272727272
-0.09553636363636364
0.035749090909090904
-0.028147272727272726
0.10293272727272727
0.18531999999999998
-0.004725454545454545
0.023216363636363632
0.14525636363636363
0.007396363636363636
0.038419999999999996
0.11176727272727273
-0.05608909090909091
0.007190909090909091
0.1088909090909091
0.06656727272727272
0.07683999999999999
0.044994545454545454
0.00041090909090909085
0.11341090909090909
-0.029174545454545453
-0.20483818181818178
0.04807636363636364
-0.03657090909090909
-0.20278363636363633
0.11279454545454545
0.04602181818181818
-0.10313818181818181
0.1921
0.10108363636363636
-0.0039036363636363635
0.10211090909090909
-0.002876363636363636
0.05711636363636363
0.10786363636363637
-0.04458363636363636
-0.013765454545454546
0.17854
-0.005958181818181818
0.027120000000000002
0.20997454545454544
-0.07314181818181818
0.010272727272727272
0.11608181818181817
-0.09533090909090909
0.04129636363636364
0.08670181818181817
-0.06307454545454545
0.1415581818181818
0.06553999999999999
-0.03780363636363636
0.17874545454545454
0.062458181818181815
-0.048487272727272726
0.07909999999999999
0.025065454545454544
-0.17381454545454544
0.11074
0.11197272727272727
-0.07129272727272727
0.2116181818181818
0.0447890909090909
0.013970909090909091
0.06348545454545454
-0.1148490909090909
0.06553999999999999
0.05526727272727273
-0.11793090909090909
0.062458181818181815
0.09985090909090909
0.03554363636363636
0.22805454545454545
0.12203999999999998
0.10005636363636364
0.18429272727272727
0.07560727272727272
0.0063690909090909084
-0.025476363636363634
-0.02013454545454545
-0.045610909090909084
-0.07190909090909091
-0.10396
0.01664181818181818
0.04930909090909091
-0.028969090909090906
0.08156545454545455
0.0741690909090909
-0.1247109090909091
-0.019518181818181816
0.07047090909090908
-0.023216363636363632
0.04376181818181818
0.02670909090909091
0.06636181818181817
0.09307090909090908
0.00041090909090909085
-0.011094545454545454
0.02362727272727273
0.05198
-0.010683636363636364
0.01664181818181818
-0.005136363636363636
0.03020181818181818
0.12039636363636362
0.007396363636363636
0.01664181818181818
0.05896545454545454
0.08649636363636364
0.05033636363636364
0.03718727272727273
0.07560727272727272
-0.08259272727272728
0.031639999999999995
0.08670181818181817
-0.05793818181818181
0.11834181818181817
-0.014381818181818181
-0.0016436363636363634
0.13580545454545453
-0.09163272727272727
0.041707272727272725
0.0805381818181818
-0.031639999999999995
0.04417272727272727
0.06636181818181817
0.02301090909090909
0.07745636363636363
0.19086727272727272
0.01849090909090909
0.04232363636363636
0.11977999999999998
-0.1076581818181818
0.0741690909090909
0.002670909090909091
-0.17340363636363634
0.10786363636363637
-0.003698181818181818
0.027736363636363635
0.14874909090909091
0.060609090909090904
0.037598181818181815
0.19785272727272726
0.1713490909090909
-0.09348181818181817
0.12512181818181817
-0.06923818181818181
-0.06225272727272727
0.12183454545454545
-0.2029890909090909
-0.019518181818181816
0.14422909090909092
-0.06204727272727273
-0.030818181818181814
0.17977272727272728
-0.05814363636363636
0.06718363636363636
0.10416545454545453
-0.14135272727272727
0.16189818181818183
-0.018696363636363636
-0.07951090909090908
0.14012
-0.009245454545454545
-0.10272727272727272
0.10663090909090908
0.03965272727272728
-0.07519636363636363
0.12820363636363635
0.06964909090909091
0.08464727272727272
0.09923454545454545
0.0538290909090909
0.07190909090909091
0.09718
-0.06821090909090909
-0.009861818181818182
0.12902545454545453
-0.17525272727272728
-0.032872727272727276
0.14443454545454545
0.0012327272727272727
0.0034927272727272728
0.16641818181818183
0.14012
0.06821090909090909
0.07766181818181818
0.060609090909090904
0.07745636363636363
-0.10416545454545453
-0.11998545454545453
-0.008012727272727272
0.01623090909090909
-0.06944363636363636
0.05958181818181818
0.08197636363636364
-0.018285454545454546
0.14299636363636362
0.06369090909090909
0.03020181818181818
0.03944727272727273
0.02938
-0.0069854545454545456
0.004930909090909091
0.036776363636363635
0.06964909090909091
0.0990290909090909
0.011916363636363636
0.10087818181818181
0.08218181818181818
0.002876363636363636
0.0940981818181818
0.15717272727272727
-0.10560363636363636
-0.009245454545454545
0.09471454545454545
-0.17874545454545454
0.10498727272727272
0.021367272727272728
-0.10971272727272725
0.14977636363636362
-0.018696363636363636
-0.04314545454545454
0.05485636363636363
-0.05526727272727273
-0.004725454545454545
0.09594727272727273
-0.034927272727272723
-0.0447890909090909
0.1573781818181818
0.03903636363636363
-0.07786727272727272
0.10786363636363637
-0.08136
-0.08012727272727273
0.09430363636363637
-0.11608181818181817
0.057527272727272726
0.15203636363636364
0.06512909090909091
0.2194254545454545
0.1103290909090909
-0.029174545454545453
0.1608709090909091
0.13929818181818182
-0.11115090909090909
-0.010683636363636364
0.012121818181818182
-0.13005272727272726
0.008218181818181819
-0.013970909090909091
-0.00020545454545454542
0.21696000000000001
0.09327636363636364
0.10067272727272727
0.17463636363636362
-0.06964909090909091
0.06882727272727272
0.21346727272727273
-0.16498
-0.09923454545454545
0.16600727272727273
-0.07170363636363636
-0.0030818181818181817
0.12882
-0.030612727272727274
0.012532727272727272
0.02444909090909091
0.008012727272727272
0.05547272727272727
0.031845454545454545
-0.00226
0.13539454545454546
0.060609090909090904
-0.04951454545454545
0.2147
0.08115454545454545
-0.03513272727272727
0.16703454545454544
-0.04396727272727272
-0.05547272727272727
0.11135636363636363
-0.0565
0.11731454545454545
0.05526727272727273
-0.11505454545454545
0.1360109090909091
0.0470490909090909
-0.04232363636363636
-0.01890181818181818
-0.05773272727272727
-0.14874909090909091
-0.03636545454545455
0.031845454545454545
-0.05136363636363636
0.14381818181818182
0.08485272727272727
0.034310909090909086
0.1836763636363636
0.03451636363636364
-0.08382545454545455
0.1721709090909091
-0.029996363636363634
-0.1744309090909091
0.05855454545454545
-0.03903636363636363
0.058349090909090906
0.06738909090909091
0.10211090909090909
0.04787090909090909
0.09553636363636364
0.10046727272727272
-0.012327272727272727
0.16518545454545455
-0.08752363636363636
0.06964909090909091
0.1017
-0.10786363636363637
0.09122181818181817
0.11053454545454545
0.07375818181818182
0.04725454545454546
0.0024654545454545454
-0.1088909090909091
-0.06266363636363637
0.020545454545454544
-0.04869272727272727
0.00862909090909091
0.08752363636363636
-0.052390909090909085
0.19641454545454545
0.17689636363636363
-0.019107272727272726
0.21223454545454545
0.03328363636363636
-0.035749090909090904
0.012738181818181817
-0.06081454545454545
-0.05054181818181818
0.13539454545454546
-0.005752727272727272
-0.09779636363636364
0.1415581818181818
-0.002876363636363636
0.05876
0.14587272727272727
-0.025476363636363634
-0.040885454545454544
0.11669818181818181
-0.005547272727272727
0.06718363636363636
0.13107999999999997
-0.05033636363636364
0.11977999999999998
0.013354545454545456
-0.10683636363636365
-0.010067272727272725
0.012738181818181817
-0.07006
0.09307090909090908
0.05814363636363636
-0.05793818181818181
0.20689272727272728
0.0452
0.039241818181818176
0.0904
-0.06348545454545454
-0.07314181818181818
0.010272727272727272
-0.01171090909090909
-0.013560000000000001
0.07704545454545454
0.03307818181818182
0.20504363636363634
0.17258181818181817
0.11587636363636362
0.13827090909090908
0.032667272727272725
-0.04828181818181818
-0.014998181818181817
-0.07930545454545455
-0.15943272727272728
0.06595090909090909
-0.020545454545454544
-0.005136363636363636
0.11115090909090909
0.13005272727272726
0.10416545454545453
0.10622
0.09985090909090909
-0.04910363636363636
0.04109090909090909
-0.05177454545454545
-0.0012327272727272727
0.0918381818181818
-0.08814
-0.007601818181818181
0.11217818181818182
-0.06923818181818181
-0.034310909090909086
0.12224545454545453
-0.055061818181818184
-0.04294
0.06553999999999999
0.051569090909090905
-0.00041090909090909085
0.13868181818181818
0.09101636363636363
0.024243636363636363
0.17689636363636363
-0.03225636363636363
0.059787272727272724
0.05177454545454545
-0.10334363636363636
0.06574545454545455
0.03513272727272727
-0.03821454545454545
0.10046727272727272
0.13847636363636362
-0.03533818181818182
0.09553636363636364
0.03903636363636363
-0.07930545454545455
0.029585454545454543
-0.11895818181818181
-0.062458181818181815
0.07581272727272727
-0.04828181818181818
0.07683999999999999
0.2364781818181818
-0.029996363636363634
-0.008834545454545454
0.19477090909090908
-0.01623090909090909
-0.07108727272727272
0.13909272727272726
-0.029996363636363634
-0.055061818181818184
0.13190181818181818
0.014587272727272727
0.14977636363636362
0.07293636363636363
-0.02218909090909091
0.21675454545454545
-0.007807272727272727
-0.07848363636363635
0.1411472727272727
0.031023636363636364
-0.049925454545454544
0.07930545454545455
0.05547272727272727
-0.07211454545454546
0.10252181818181817
0.07766181818181818
-0.08423636363636364
0.07683999999999999
-0.08033272727272728
-0.031023636363636364
0.12655999999999998
-0.09985090909090909
0.1292309090909091
0.16025454545454546
-0.08670181818181817
0.06615636363636364
0.05115818181818182
-0.10026181818181817
-0.010683636363636364
0.04047454545454546
-0.10930181818181818
0.012121818181818182
0.13334
0.03698181818181818
0.2527090909090909
0.14813272727272728
0.04417272727272727
0.24284727272727274
-0.027120000000000002
0.041707272727272725
0.14032545454545453
-0.16847272727272727
-0.09081090909090908
0.0006163636363636364
-0.0749909090909091
-0.009245454545454545
0.13909272727272726
0.01705272727272727
-0.00226
0.14422909090909092
-0.05300727272727272
0.05300727272727272
0.03616
-0.1415581818181818
0.16518545454545455
0.05485636363636363
-0.07211454545454546
0.12676545454545454
0.00945090909090909
0.005752727272727272
0.1495709090909091
0.07786727272727272
-0.004725454545454545
0.1148490909090909
0.10683636363636365
-0.038625454545454546
0.08156545454545455
-0.00020545454545454542
-0.02979090909090909
0.1744309090909091
-0.05937636363636363
-0.05691090909090909
0.14443454545454545
-0.031845454545454545
0.026298181818181814
0.14587272727272727
0.02670909090909091
0.02670909090909091
0.14525636363636363
0.02301090909090909
-0.05526727272727273
0.06718363636363636
-0.1360109090909091
-0.0452
0.028147272727272726
-0.21305636363636363
0.02342181818181818
0.09101636363636363
-0.06985454545454545
0.16888363636363635
0.12080727272727272
-0.02157272727272727
0.23339636363636362
0.05855454545454545
-0.045816363636363634
0.01890181818181818
-0.09759090909090909
-0.13806545454545455
0.013765454545454546
0.009861818181818182
-0.11813636363636362
0.2857872727272727
0.06492363636363636
0.019107272727272726
0.3116745454545454
-0.044994545454545454
0.10087818181818181
0.20545454545454545
-0.14032545454545453
-0.1017
0.08772909090909091
-0.17340363636363634
0.007396363636363636
0.08978363636363636
-0.10005636363636364
0.15819999999999998
0.07293636363636363
0.03780363636363636
0.1723763636363636
0.10498727272727272
-0.0565
0.12224545454545453
0.006163636363636363
-0.06101999999999999
0.07108727272727272
-0.11320545454545454
0.03451636363636364
0.05198
0.02486
0.03698181818181818
0.22312363636363636
0.02670909090909091
0.13313454545454545
0.32790545454545456
-0.11197272727272727
0.20668727272727272
0.06862181818181817
-0.10704181818181817
0.05444545454545455
-0.08711272727272727
-0.07663454545454546
-0.01705272727272727
-0.005341818181818182
-0.06369090909090909
0.10539818181818181
0.04930909090909091
0.05526727272727273
0.20586545454545455
0.0565
0.045816363636363634
0.13621636363636364
-0.054240000000000003
-0.02486
0.03533818181818182
-0.1360109090909091
-0.035954545454545454
-0.06266363636363637
-0.07437454545454546
0.02444909090909091
0.059787272727272724
-0.05198
0.026298181818181814
0.11094545454545454
-0.06512909090909091
0.036776363636363635
0.0678
-0.05793818181818181
0.05773272727272727
0.07971636363636364
-0.06677272727272728
0.2025781818181818
0.07458
-0.015819999999999997
0.19374363636363634
0.04684363636363636
0.025065454545454544
0.05136363636363636
0.11895818181818181
-0.08136
0.0039036363636363635
0.05691090909090909
-0.11895818181818181
0.016847272727272728
0.03821454545454545
-0.02444909090909091
0.043556363636363636
0.07108727272727272
-0.0749909090909091
0.20668727272727272
0.003287272727272727
0.0069854545454545456
0.24223090909090908
-0.07088181818181817
0.1415581818181818
0.06738909090909091
-0.0452
-0.007601818181818181
0.0006163636363636364
-0.07725090909090909
-0.030612727272727274
0.11731454545454545
0.02527090909090909
0.14135272727272727
0.1637472727272727
0.09327636363636364
0.07745636363636363
0.21100181818181818
-0.022805454545454542
0.016847272727272728
0.042734545454545456
-0.14772181818181818
0.07047090909090908
-0.09265999999999999
-0.07601818181818182
0.12429999999999998
0.14176363636363634
-0.0452
0.13498363636363636
0.10539818181818181
-0.06040363636363636
0.14710545454545454
-0.12553272727272727
-0.016436363636363638
0.002876363636363636
-0.10991818181818182
0.0452
0.05115818181818182
0.040063636363636364
0.04807636363636364
0.03965272727272728
-0.0034927272727272728
0.07560727272727272
-0.04602181818181818
0.03328363636363636
0.11361636363636363
0.022805454545454542
0.043556363636363636
0.07314181818181818
0.09800181818181818
0.08341454545454545
0.13765454545454545
-0.07601818181818182
-0.02670909090909091
0.06964909090909091
-0.07355272727272727
0.04684363636363636
0.04294
0.015614545454545454
0.08464727272727272
0.013765454545454546
-0.038625454545454546
0.055678181818181814
0.025065454545454544
-0.05814363636363636
-0.03965272727272728
-0.02301090909090909
-0.03965272727272728
0.0628690909090909
0.08690727272727272
0.054034545454545446
0.2149054545454545
0.0565
0.05054181818181818
0.1292309090909091
-0.031845454545454545
0.01849090909090909
0.007807272727272727
-0.03718727272727273
-0.055678181818181814
0.05876
0.04889818181818182
-0.02979090909090909
0.10642545454545453
0.05691090909090909
0.027120000000000002
0.06410181818181818
-0.04746
0.01992909090909091
0.19045636363636362
0.005136363636363636
0.0749909090909091
0.19045636363636362
0.015203636363636362
0.17176
0.045816363636363634
-0.12861454545454545
0.004930909090909091
-0.0628690909090909
-0.16128181818181817
-0.041707272727272725
-0.04746
-0.027736363636363635
0.16292545454545454
0.05115818181818182
0.08136
0.19312727272727273
0.09635818181818182
-0.00226
0.15881636363636362
-0.10745272727272726
-0.16970545454545455
0.24161454545454544
-0.12820363636363635
0.04663818181818182
0.15183090909090907
-0.055678181818181814
0.11402727272727273
0.15799454545454544
0.010067272727272725
-0.10991818181818182
0.11731454545454545
-0.07334727272727272
0.09265999999999999
0.028558181818181816
-0.15655636363636363
0.24531272727272724
0.0565
-0.0967690909090909
0.05958181818181818
0.004930909090909091
-0.09882363636363636
0.20648181818181818
-0.013765454545454546
0.0069854545454545456
0.2194254545454545
-0.043556363636363636
0.14731090909090908
0.08526363636363636
-0.04294
-0.06225272727272727
0.09512545454545453
-0.17730727272727273
-0.09923454545454545
0.13005272727272726
-0.1682672727272727
0.18860727272727273
0.15306363636363635
0.10375454545454545
0.1781290909090909
0.1569672727272727
0.05855454545454545
0.043350909090909086
-0.03739272727272727
-0.23504
0.09348181818181817
-0.11813636363636362
-0.1479272727272727
0.13025818181818183
0.07889454545454545
-0.03821454545454545
0.15203636363636364
0.21100181818181818
-0.007807272727272727
0.09964545454545454
-0.04232363636363636
0.06101999999999999
0.015614545454545454
-0.08814
0.08731818181818181
0.03965272727272728
-0.09944
-0.031229090909090908
0.15717272727272727
-0.10046727272727272
0.0012327272727272727
0.15532363636363636
-0.06225272727272727
0.008012727272727272
0.15409090909090908
0.05773272727272727
0.12080727272727272
0.09368727272727272
0.03698181818181818
0.18634727272727272
-0.06369090909090909
-0.007190909090909091
0.12820363636363635
0.00945090909090909
-0.07540181818181818
0.10231636363636364
0.12368363636363637
-0.07848363636363635
0.2023727272727273
0.061841818181818185
-0.10930181818181818
0.03020181818181818
-0.0565
-0.12697090909090908
-0.04232363636363636
-0.04150181818181818
0.017874545454545452
0.13005272727272726
-0.023216363636363632
0.14237999999999998
0.1836763636363636
-0.015203636363636362
0.0990290909090909
0.11320545454545454
-0.08074363636363636
-0.038625454545454546
0.08916727272727272
-0.01890181818181818
0.039241818181818176
0.04889818181818182
0.005752727272727272
0.06677272727272728
0.02568181818181818
-0.01766909090909091
0.09718
-0.030818181818181814
-0.10375454545454545
0.20689272727272728
-0.02075090909090909
-0.04622727272727272
0.1935381818181818
0.017874545454545452
-0.01890181818181818
0.08300363636363636
-0.03944727272727273
-0.06636181818181817
0.060609090909090904
-0.0741690909090909
0.08033272727272728
0.08649636363636364
-0.010889090909090909
0.1984690909090909
0.04787090909090909
-0.028352727272727273
0.11238363636363637
-0.06307454545454545
-0.1721709090909091
0.09492
0.0069854545454545456
0.00862909090909091
0.20196181818181816
0.1296418181818182
0.16888363636363635
0.15902181818181815
0.13334
0.0764290909090909
0.061841818181818185
-0.043350909090909086
-0.07355272727272727
0.00452
-0.16559636363636362
-0.03780363636363636
0.11402727272727273
-0.008834545454545454
0.00904
0.14484545454545456
0.08136
-0.0069854545454545456
0.08916727272727272
-0.015819999999999997
-0.040063636363636364
0.04889818181818182
0.010889090909090909
0.08074363636363636
-0.021778181818181818
-0.08608545454545455
0.11752
0.043350909090909086
-0.008012727272727272
0.00862909090909091
0.02691454545454545
0.06553999999999999
0.0012327272727272727
0.10293272727272727
-0.02198363636363636
0.04109090909090909
0.10149454545454545
-0.06492363636363636
0.14422909090909092
-0.045816363636363634
-0.04807636363636364
0.22661636363636362
-0.12532727272727273
-0.0067800000000000004
0.17176
-0.08320909090909091
0.08670181818181817
0.12861454545454545
-0.10087818181818181
-0.0786890909090909
0.04417272727272727
-0.028352727272727273
-0.03636545454545455
0.0
-0.03451636363636364
0.12224545454545453
0.06307454545454545
0.045610909090909084
0.19723636363636363
0.10827454545454546
0.03225636363636363
0.09964545454545454
0.0067800000000000004
-0.14340727272727272
0.10827454545454546
-0.007396363636363636
-0.07889454545454545
0.15676181818181817
0.01171090909090909
0.12347818181818182
0.14237999999999998
0.015409090909090907
0.11423272727272726
0.06882727272727272
-0.07663454545454546
0.0990290909090909
0.05033636363636364
-0.17114363636363633
0.09738545454545454
0.01705272727272727
-0.12080727272727272
0.113
0.06348545454545454
-0.054240000000000003
0.15922727272727272
0.07252545454545453
-0.007396363636363636
0.13991454545454546
-0.03410545454545454
0.09964545454545454
0.08382545454545455
-0.09861818181818181
0.00452
0.03513272727272727
-0.04869272727272727
-0.045610909090909084
0.04150181818181818
-0.04663818181818182
0.113
0.14237999999999998
-0.003698181818181818
0.12943636363636363
0.15409090909090908
-0.06327999999999999
0.08444181818181817
0.08362
-0.16662363636363633
0.12265636363636362
-0.13457272727272726
-0.05218545454545454
0.11526
-0.09553636363636364
0.18881272727272727
0.07766181818181818
0.0904
0.05198
0.11423272727272726
0.02116181818181818
-0.05711636363636363
0.08074363636363636
-0.18840181818181817
-0.0020545454545454547
-0.05896545454545454
0.012532727272727272
0.09533090909090909
0.020545454545454544
0.05198
0.017874545454545452
0.18552545454545455
-0.06553999999999999
0.08505818181818181
0.11854727272727272
-0.08814
0.11341090909090909
-0.009861818181818182
-0.05177454545454545
0.17340363636363634
0.07047090909090908
0.008012727272727272
0.20730363636363636
0.044994545454545454
0.05115818181818182
0.19662
0.06019818181818181
-0.07540181818181818
0.039241818181818176
0.0006163636363636364
-0.1469
0.055678181818181814
-0.05259636363636363
-0.030818181818181814
0.09985090909090909
-0.0786890909090909
-0.019312727272727273
0.09122181818181817
-0.02116181818181818
0.06122545454545455
0.12450545454545454
-0.1314909090909091
0.05033636363636364
0.11526
-0.04602181818181818
0.09122181818181817
0.016436363636363638
-0.13991454545454546
0.0538290909090909
0.08670181818181817
-0.09101636363636363
0.2093581818181818
0.10211090909090909
-0.034927272727272723
0.19703090909090906
0.02938
-0.028147272727272726
0.1341618181818182
0.005341818181818182
-0.19333272727272727
0.005341818181818182
-0.14731090909090908
-0.059787272727272724
0.21572727272727274
-0.041912727272727275
0.10642545454545453
0.20175636363636362
0.0339
0.0940981818181818
0.1600490909090909
0.00226
-0.024654545454545453
0.04602181818181818
-0.054034545454545446
-0.028147272727272726
0.07006
-0.004930909090909091
0.07786727272727272
0.08197636363636364
-0.1370381818181818
0.08875636363636363
0.08115454545454545
0.061841818181818185
0.13909272727272726
-0.059170909090909087
0.08896181818181817
0.10211090909090909
0.06841636363636364
0.20360545454545456
0.08341454545454545
-0.03636545454545455
0.09101636363636363
0.11197272727272727
-0.06471818181818181
-0.05711636363636363
0.07560727272727272
0.00945090909090909
0.02527090909090909
0.02301090909090909
-0.07437454545454546
0.13272363636363635
-0.029996363636363634
-0.13436727272727272
0.036776363636363635
-0.15224181818181817
-0.038419999999999996
0.09492
-0.005958181818181818
0.028147272727272726
0.09368727272727272
0.1076581818181818
0.07827818181818182
0.0940981818181818
0.013560000000000001
-0.04663818181818182
0.07766181818181818
-0.02979090909090909
-0.09800181818181818
0.06636181818181817
-0.05855454545454545
0.06862181818181817
0.17402
-0.04458363636363636
0.11094545454545454
0.11053454545454545
0.016025454545454544
0.08115454545454545
-0.014381818181818181
-0.06697818181818181
0.04417272727272727
0.11053454545454545
-0.008218181818181819
0.10272727272727272
0.1058090909090909
-0.08156545454545455
0.06574545454545455
-0.03143454545454545
-0.18901818181818184
0.03307818181818182
0.03020181818181818
-0.10005636363636364
0.09245454545454544
0.02486
0.06841636363636364
0.30735999999999997
0.05855454545454545
0.04211818181818182
0.1524472727272727
-0.03821454545454545
-0.017874545454545452
0.13436727272727272
-0.08136
0.009656363636363637
0.15984363636363638
-0.048487272727272726
0.042529090909090905
0.12265636363636362
-0.031845454545454545
0.04129636363636364
0.13128545454545454
-0.14628363636363637
0.02362727272727273
-0.0024654545454545454
-0.051569090909090905
0.14484545454545456
0.005136363636363636
-0.035954545454545454
0.16744545454545454
0.04787090909090909
-0.22189090909090908
0.25209272727272725
-0.1415581818181818
0.024243636363636363
0.2562018181818182
-0.10950727272727273
0.1723763636363636
0.040063636363636364
0.16580181818181816
-0.04068
0.10622
-0.13128545454545454
-0.08094909090909091
0.07170363636363636
-0.3048945454545454
0.22990363636363634
0.003287272727272727
0.021367272727272728
0.17956727272727271
0.19929090909090907
0.019723636363636363
0.0727309090909091
0.113
-0.16189818181818183
0.12306727272727273
-0.17484181818181818
-0.005136363636363636
0.06656727272727272
0.015614545454545454
0.06512909090909091
0.12943636363636363
0.08136
0.013149090909090907
0.23935454545454546
-0.10622
0.02670909090909091
-0.07129272727272727
0.021367272727272728
0.02670909090909091
-0.04232363636363636
0.0226
-0.055678181818181814
0.14566727272727273
-0.15943272727272728
0.15470727272727272
0.06738909090909091
-0.1171090909090909
0.13539454545454546
0.10827454545454546
-0.004314545454545455
0.027941818181818182
0.19908545454545457
0.00945090909090909
0.12101272727272726
-0.029996363636363634
0.004725454545454545
0.09389272727272728
-0.036776363636363635
0.011505454545454544
0.03780363636363636
-0.07601818181818182
-0.051569090909090905
0.31188
-0.07047090909090908
0.0069854545454545456
0.1600490909090909
-0.09512545454545453
-0.028969090909090906
-0.06101999999999999
-0.05896545454545454
-0.01664181818181818
0.01705272727272727
-0.08300363636363636
0.2070981818181818
0.13785999999999998
-0.029996363636363634
0.18182727272727273
0.05732181818181818
-0.03944727272727273
0.05259636363636363
0.027325454545454545
-0.05547272727272727
0.14073636363636363
0.027120000000000002
-0.05855454545454545
0.15409090909090908
0.04417272727272727
0.010683636363636364
0.16949999999999998
-0.09224909090909092
-0.0113
0.20833090909090907
-0.09738545454545454
0.11834181818181817
0.04129636363636364
-0.03903636363636363
0.10909636363636364
0.024243636363636363
0.0034927272727272728
-0.04807636363636364
0.1341618181818182
-0.10498727272727272
-0.03698181818181818
0.10046727272727272
-0.03205090909090909
0.2029890909090909
0.017874545454545452
-0.0904
0.1608709090909091
-0.05485636363636363
-0.10026181818181817
0.16415818181818181
-0.06615636363636364
-0.02670909090909091
0.10704181818181817
0.06759454545454545
0.14053090909090907
0.15532363636363636
0.1686781818181818
0.10806909090909089
0.10416545454545453
-0.02116181818181818
0.03225636363636363
-0.021778181818181818
-0.21038545454545451
-0.03143454545454545
-0.0741690909090909
-0.1314909090909091
0.08279818181818181
0.06266363636363637
0.027120000000000002
0.12594363636363634
0.00041090909090909085
0.10067272727272727
0.07971636363636364
-0.08115454545454545
0.08629090909090908
0.09635818181818182
-0.04417272727272727
0.016847272727272728
0.03451636363636364
-0.11526
0.09327636363636364
0.15203636363636364
-0.01849090909090909
-0.0039036363636363635
0.09841272727272728
0.00020545454545454542
0.019107272727272726
0.1171090909090909
-0.07704545454545454
0.15758363636363634
0.040063636363636364
-0.058349090909090906
0.17566363636363633
-0.027120000000000002
0.002670909090909091
0.16621272727272726
0.11505454545454545
-0.03636545454545455
0.13621636363636364
0.07827818181818182
-0.0904
0.08177090909090909
-0.09635818181818182
-0.18511454545454545
0.06225272727272727
-0.0010272727272727274
-0.17196545454545456
0.07334727272727272
0.03903636363636363
0.08012727272727273
0.22723272727272725
0.03739272727272727
0.15183090909090907
0.20504363636363634
0.05444545454545455
-0.07129272727272727
0.01849090909090909
-0.10437090909090908
-0.10704181818181817
0.06553999999999999
-0.14916
0.03616
0.1623090909090909
0.01171090909090909
0.1374490909090909
0.15162545454545454
-0.06019818181818181
0.11053454545454545
0.08156545454545455
-0.15039272727272726
0.04417272727272727
-0.10786363636363637
-0.09923454545454545
0.1284090909090909
-0.08423636363636364
-0.09060545454545453
0.2549690909090909
0.08444181818181817
-0.05280181818181818
0.23627272727272725
-0.02013454545454545
-0.045610909090909084
0.16148727272727273
-0.0226
-0.056705454545454545
0.005958181818181818
-0.08156545454545455
0.04314545454545454
0.0967690909090909
-0.13929818181818182
0.1415581818181818
0.20997454545454544
0.005958181818181818
0.18840181818181817
0.18737454545454543
0.045816363636363634
0.09923454545454545
0.05280181818181818
-0.05814363636363636
-0.027325454545454545
-0.09553636363636364
-0.018285454545454546
0.011094545454545454
-0.0940981818181818
0.040885454545454544
0.22805454545454545
0.05033636363636364
0.05013090909090909
0.27058363636363636
0.04211818181818182
0.04807636363636364
0.0895781818181818
-0.07149818181818181
-0.03965272727272728
-0.06225272727272727
-0.10375454545454545
0.04602181818181818
0.003287272727272727
-0.1171090909090909
0.11074
0.11443818181818181
-0.008218181818181819
0.054240000000000003
0.1035490909090909
-0.039241818181818176
0.09985090909090909
0.15922727272727272
-0.1284090909090909
0.11156181818181818
0.10724727272727272
-0.04211818181818182
0.11628727272727273
-0.013354545454545456
-0.05691090909090909
0.13436727272727272
-0.038625454545454546
-0.030818181818181814
0.1321072727272727
-0.10745272727272726
-0.07149818181818181
0.04437818181818182
-0.05958181818181818
-0.07663454545454546
0.08670181818181817
-0.08012727272727273
0.005958181818181818
0.14607818181818183
-0.11895818181818181
0.09738545454545454
0.12224545454545453
0.06040363636363636
0.0918381818181818
0.07930545454545455
-0.01849090909090909
0.10005636363636364
0.0727309090909091
-0.26380363636363635
0.09841272727272728
-0.018696363636363636
-0.16025454545454546
0.14895454545454545
0.10827454545454546
0.06821090909090909
0.18573090909090906
0.10190545454545454
0.08218181818181818
0.2251781818181818
-0.11012363636363637
0.057527272727272726
0.1284090909090909
-0.2336018181818182
-0.08834545454545455
0.10067272727272727
-0.04540545454545454
0.007396363636363636
0.22641090909090908
0.04068
0.18059454545454545
0.09286545454545453
-0.02157272727272727
0.10724727272727272
-0.08875636363636363
-0.03513272727272727
0.1532690909090909
-0.0940981818181818
-0.15142
0.25989999999999996
-0.020956363636363638
-0.08814
0.08998909090909091
-0.034310909090909086
0.09307090909090908
0.05876
-0.05341818181818182
0.15450181818181818
0.14381818181818182
-0.08814
0.23976545454545453
0.06430727272727273
-0.09389272727272728
0.19888
0.015819999999999997
-0.06533454545454545
0.013970909090909091
-0.02075090909090909
-0.0069854545454545456
0.14402363636363635
-0.09224909090909092
-0.03410545454545454
0.16436363636363635
-0.06143090909090909
-0.06389636363636363
0.030612727272727274
-0.030407272727272724
-0.12697090909090908
0.03225636363636363
-0.04232363636363636
-0.007601818181818181
0.15881636363636362
0.06471818181818181
0.13642181818181817
0.16354181818181818
-0.0039036363636363635
0.008012727272727272
0.12203999999999998
-0.10848000000000001
0.015409090909090907
0.03698181818181818
-0.17566363636363633
0.0895781818181818
0.11567090909090909
0.011916363636363636
0.06574545454545455
0.11423272727272726
0.02444909090909091
0.07725090909090909
0.09759090909090909
-0.08896181818181817
0.1676509090909091
0.12183454545454545
-0.12594363636363634
0.18901818181818184
0.038419999999999996
-0.05629454545454545
0.16189818181818183
-0.08752363636363636
-0.11423272727272726
-0.0113
-0.1329290909090909
-0.03636545454545455
0.15717272727272727
-0.12758727272727272
0.029174545454545453
0.22045272727272727
-0.038625454545454546
0.21305636363636363
0.13765454545454545
-0.014381818181818181
0.15018727272727272
0.11998545454545453
-0.16415818181818181
0.02670909090909091
0.16929454545454545
-0.16251454545454544
0.06204727272727273
0.04129636363636364
-0.044994545454545454
0.10087818181818181
0.0034927272727272728
-0.059170909090909087
0.12635454545454544
-0.08464727272727272
-0.11279454545454545
0.3168109090909091
-0.04396727272727272
-0.005136363636363636
0.13046363636363634
-0.029585454545454543
0.052390909090909085
0.003698181818181818
-0.03410545454545454
0.05341818181818182
0.14422909090909092
-0.017874545454545452
0.13169636363636364
0.03554363636363636
-0.031229090909090908
0.19764727272727273
0.08074363636363636
-0.12676545454545454
-0.014792727272727272
0.07601818181818182
-0.1713490909090909
0.04869272727272727
-0.007396363636363636
0.008834545454545454
0.17854
0.07786727272727272
0.1296418181818182
0.13087454545454547
0.07149818181818181
-0.06040363636363636
0.05259636363636363
-0.08896181818181817
-0.10909636363636364
0.009656363636363637
0.010272727272727272
0.07293636363636363
0.04109090909090909
0.05013090909090909
0.009245454545454545
0.1360109090909091
0.027941818181818182
0.02938
0.06738909090909091
-0.05958181818181818
0.05526727272727273
-0.028558181818181816
-0.03883090909090909
0.00862909090909091
0.002670909090909091
-0.014792727272727272
-0.0006163636363636364
0.07088181818181817
-0.08916727272727272
-0.03020181818181818
0.22805454545454545
0.00904
0.04376181818181818
0.13498363636363636
-0.019107272727272726
0.29256727272727273
0.08033272727272728
-0.07827818181818182
0.22620545454545452
-0.015203636363636362
-0.10704181818181817
0.1148490909090909
-0.06327999999999999
-0.06101999999999999
0.08731818181818181
0.019107272727272726
0.04068
0.002876363636363636
0.07601818181818182
0.01766909090909091
0.031639999999999995
-0.06163636363636363
-0.06553999999999999
0.13190181818181818
-0.06964909090909091
0.10683636363636365
0.14217454545454544
-0.05198
0.18799090909090907
0.15429636363636362
-0.04746
0.061841818181818185
-0.010067272727272725
0.01766909090909091
0.15409090909090908
-0.11772545454545454
-0.008423636363636364
0.18203272727272726
-0.1012890909090909
-0.03800909090909091
0.18100545454545455
-0.07581272727272727
0.012121818181818182
0.1577890909090909
-0.06266363636363637
0.0024654545454545454
0.05608909090909091
0.0470490909090909
0.06492363636363636
0.0538290909090909
-0.08094909090909091
0.008218181818181819
0.04109090909090909
-0.14895454545454545
0.06348545454545454
0.07396363636363636
-0.05136363636363636
0.11423272727272726
0.08608545454545455
-0.030407272727272724
0.08731818181818181
-0.009656363636363637
-0.029585454545454543
0.038625454545454546
-0.09224909090909092
0.05198
0.1216290909090909
0.019723636363636363
0.10334363636363636
0.2147
0.1088909090909091
0.12265636363636362
0.14073636363636363
0.0012327272727272727
0.1103290909090909
-0.005958181818181818
-0.1306690909090909
-0.014792727272727272
-0.18100545454545455
-0.0016436363636363634
0.06738909090909091
-0.02486
0.04807636363636364
0.059170909090909087
0.15984363636363638
-0.1397090909090909
0.23195818181818179
0.012943636363636362
-0.13827090909090908
0.38872
-0.19497636363636361
0.09019454545454544
0.07601818181818182
-0.07848363636363635
0.19744181818181816
-0.05608909090909091
-0.017874545454545452
0.15450181818181818
0.1374490909090909
-0.15840545454545454
0.1721709090909091
0.04458363636363636
-0.14340727272727272
0.09533090909090909
-0.013149090909090907
-0.004314545454545455
0.03533818181818182
0.14895454545454545
-0.08567454545454545
0.07622363636363635
0.08074363636363636
-0.031845454545454545
0.19189454545454546
-0.030612727272727274
-0.10108363636363636
0.14669454545454544
-0.10950727272727273
-0.15121454545454543
0.22148
-0.25989999999999996
-0.01171090909090909
0.16929454545454545
-0.14607818181818183
0.1171090909090909
0.10930181818181818
0.07909999999999999
0.07334727272727272
0.05629454545454545
-0.03903636363636363
0.045816363636363634
0.06862181818181817
-0.05793818181818181
0.02342181818181818
0.14731090909090908
-0.09512545454545453
0.07478545454545454
0.2950327272727273
-0.12491636363636363
0.20792
0.11772545454545454
-0.07375818181818182
0.1569672727272727
-0.09307090909090908
-0.02403818181818182
0.05198
-0.1586109090909091
-0.05793818181818181
0.14176363636363634
-0.11957454545454545
0.05198
0.21798727272727272
-0.015203636363636362
0.11115090909090909
0.11628727272727273
0.019312727272727273
0.07766181818181818
0.09718
-0.04294
0.06451272727272726
0.06327999999999999
-0.11012363636363637
0.06677272727272728
0.006574545454545454
-0.12080727272727272
0.20319454545454546
0.09286545454545453
-0.06656727272727272
0.19477090909090908
0.04047454545454546
0.05691090909090909
0.1125890909090909
0.013560000000000001
-0.02670909090909091
0.04458363636363636
-0.06738909090909091
-0.003698181818181818
0.12286181818181818
-0.2301090909090909
0.1865527272727273
0.031023636363636364
-0.09656363636363637
0.2504490909090909
0.028558181818181816
0.08711272727272727
-0.05033636363636364
0.052390909090909085
-0.07663454545454546
-0.14258545454545454
0.05013090909090909
-0.1645690909090909
-0.04396727272727272
0.02938
-0.04622727272727272
0.10950727272727273
0.05033636363636364
0.012121818181818182
0.25291454545454545
-0.08464727272727272
0.07314181818181818
0.18347090909090907
-0.13087454545454547
0.12080727272727272
0.08978363636363636
0.04437818181818182
-0.06266363636363637
0.13025818181818183
0.16025454545454546
-0.04376181818181818
0.09615272727272728
0.02568181818181818
0.11217818181818182
0.11176727272727273
-0.1058090909090909
0.007396363636363636
0.040885454545454544
-0.20381090909090907
0.1148490909090909
0.06122545454545455
-0.13169636363636364
0.14422909090909092
0.038419999999999996
-0.016025454545454544
0.06348545454545454
0.12512181818181817
0.03328363636363636
0.16148727272727273
0.028147272727272726
-0.06656727272727272
0.17422545454545454
-0.01664181818181818
0.02034
0.05013090909090909
-0.11135636363636363
-0.09101636363636363
0.09923454545454545
0.04869272727272727
0.0538290909090909
0.1314909090909091
-0.008218181818181819
0.1325181818181818
0.14731090909090908
-0.04663818181818182
0.05711636363636363
0.13025818181818183
-0.10848000000000001
-0.02157272727272727
-0.05814363636363636
-0.21346727272727273
0.09081090909090908
0.06410181818181818
-0.04314545454545454
0.1645690909090909
0.09286545454545453
-0.013765454545454546
0.15532363636363636
-0.014176363636363636
-0.09553636363636364
0.14751636363636364
-0.027120000000000002
-0.13580545454545453
0.08793454545454545
-0.007807272727272727
-0.0041090909090909095
0.18901818181818184
-0.055678181818181814
0.01766909090909091
0.10663090909090908
-0.011094545454545454
0.19004545454545455
0.10663090909090908
-0.06101999999999999
0.06738909090909091
0.13909272727272726
0.016436363636363638
0.10375454545454545
0.0041090909090909095
-0.05773272727272727
0.12347818181818182
-0.03636545454545455
-0.040885454545454544
0.10848000000000001
0.04109090909090909
0.04663818181818182
0.1296418181818182
-0.07766181818181818
0.055061818181818184
0.16498
-0.12306727272727273
-0.010067272727272725
-0.030612727272727274
-0.13991454545454546
0.08937272727272727
0.11649272727272726
-0.04437818181818182
0.09492
0.13025818181818183
0.00862909090909091
0.1573781818181818
0.1012890909090909
-0.08382545454545455
0.014587272727272727
0.02116181818181818
-0.13354545454545455
0.05896545454545454
0.08567454545454545
-0.0764290909090909
0.1686781818181818
0.0538290909090909
-0.07971636363636364
0.09738545454545454
0.023216363636363632
0.06081454545454545
0.11567090909090909
-0.054240000000000003
-0.040885454545454544
0.18141636363636363
0.04807636363636364
-0.031023636363636364
0.19436
-0.06553999999999999
-0.18223818181818183
0.09861818181818181
-0.09574181818181818
-0.12429999999999998
0.10437090909090908
-0.04951454545454545
0.05876
0.10478181818181817
-0.0069854545454545456
0.2229181818181818
0.10950727272727273
0.0020545454545454547
0.10601454545454544
0.07006
-0.10519272727272726
0.03636545454545455
0.15409090909090908
-0.1723763636363636
0.1148490909090909
0.12820363636363635
-0.008423636363636364
0.07992181818181819
-0.040885454545454544
0.05259636363636363
0.053212727272727266
0.02034
-0.10539818181818181
0.11875272727272726
0.034927272727272723
-0.04663818181818182
0.2541472727272727
-0.13231272727272728
-0.012532727272727272
0.16724
-0.10313818181818181
0.06225272727272727
0.04232363636363636
-0.004725454545454545
0.13991454545454546
0.014381818181818181
0.043350909090909086
0.07683999999999999
0.02075090909090909
0.07704545454545454
-0.012121818181818182
-0.033489090909090906
-0.05259636363636363
0.07252545454545453
-0.02342181818181818
-0.07992181818181819
0.19415454545454544
0.03205090909090909
0.10067272727272727
0.17504727272727272
0.014176363636363636
0.04663818181818182
0.0041090909090909095
-0.09081090909090908
0.004930909090909091
-0.0039036363636363635
-0.11587636363636362
0.1337509090909091
0.02938
-0.09923454545454545
0.11752
0.05218545454545454
0.02075090909090909
0.08177090909090909
0.016025454545454544
0.051569090909090905
0.07786727272727272
-0.009861818181818182
0.028969090909090906
0.045610909090909084
-0.020956363636363638
-0.0226
0.11752
-0.013149090909090907
-0.049925454545454544
0.19703090909090906
-0.05054181818181818
-0.062458181818181815
0.14217454545454544
0.039241818181818176
0.07026545454545453
0.09101636363636363
0.07026545454545453
0.09450909090909092
0.0447890909090909
-0.0452
0.022805454545454542
0.07540181818181818
-0.10519272727272726
0.015819999999999997
0.16970545454545455
-0.09224909090909092
0.07047090909090908
0.13765454545454545
-0.09492
0.06923818181818181
0.012532727272727272
-0.06163636363636363
0.009245454545454545
-0.021778181818181818
-0.019518181818181816
0.04807636363636364
0.02527090909090909
0.02403818181818182
0.11587636363636362
0.03472181818181818
0.02301090909090909
0.15018727272727272
0.025887272727272724
-0.11875272727272726
0.15265272727272727
0.011094545454545454
-0.049925454545454544
0.15470727272727272
-0.06862181818181817
0.04869272727272727
0.07355272727272727
-0.04622727272727272
0.10108363636363636
0.06430727272727273
-0.08177090909090909
0.08978363636363636
0.05465090909090909
-0.061841818181818185
0.17525272727272728
0.08197636363636364
-0.02444909090909091
0.02938
0.05793818181818181
-0.014381818181818181
0.04602181818181818
0.012327272727272727
-0.035749090909090904
0.14607818181818183
-0.03944727272727273
0.05198
0.12799818181818182
-0.12306727272727273
-0.008218181818181819
0.1411472727272727
-0.05547272727272727
0.018285454545454546
0.09471454545454545
-0.05362363636363636
0.18306
0.12902545454545453
0.07314181818181818
0.17771818181818183
0.12697090909090908
0.07519636363636363
0.05526727272727273
0.0538290909090909
-0.08608545454545455
0.01725818181818182
-0.05341818181818182
-0.18511454545454545
-0.001438181818181818
-0.03718727272727273
-0.038625454545454546
0.08136
-0.02650363636363636
-0.02486
0.10437090909090908
0.007190909090909091
0.028763636363636363
0.08300363636363636
0.004314545454545455
0.05547272727272727
0.045816363636363634
-0.07683999999999999
0.01849090909090909
0.07745636363636363
-0.0565
0.08752363636363636
0.1510090909090909
-0.010683636363636364
0.018285454545454546
0.07971636363636364
0.01849090909090909
0.03985818181818182
0.034310909090909086
-0.03965272727272728
0.11341090909090909
0.08505818181818181
-0.09574181818181818
0.1577890909090909
0.028969090909090906
-0.014381818181818181
0.2387381818181818
-0.032667272727272725
0.012943636363636362
0.00945090909090909
0.015614545454545454
-0.06410181818181818
-0.07889454545454545
0.015614545454545454
-0.15655636363636363
0.18593636363636362
-0.06841636363636364
-0.08320909090909091
0.28455454545454545
-0.033694545454545456
0.16888363636363635
0.2533254545454545
-0.0039036363636363635
0.11731454545454545
0.12717636363636362
0.03307818181818182
0.07375818181818182
-0.11361636363636363
-0.038419999999999996
0.1035490909090909
-0.03636545454545455
-0.05547272727272727
0.08731818181818181
0.08259272727272728
-0.09594727272727273
0.22990363636363634
-0.02691454545454545
-0.1419690909090909
0.18531999999999998
-0.13868181818181818
-0.025476363636363634
0.07190909090909091
-0.18162181818181816
0.020545454545454544
0.17319818181818183
-0.14381818181818182
0.1360109090909091
0.19785272727272726
-0.043350909090909086
0.15840545454545454
0.06266363636363637
-0.04068
0.03800909090909091
0.05793818181818181
-0.16559636363636362
0.053212727272727266
-0.05732181818181818
-0.1686781818181818
0.15881636363636362
-0.0067800000000000004
0.07560727272727272
0.09718
0.10005636363636364
0.13087454545454547
0.10498727272727272
0.00452
0.06656727272727272
0.08279818181818181
-0.14094181818181817
0.06636181818181817
0.027325454545454545
-0.08629090909090908
0.07252545454545453
0.07334727272727272
-0.033489090909090906
0.1479272727272727
0.1012890909090909
0.05218545454545454
0.21593272727272728
-0.0402690909090909
-0.0339
0.14874909090909091
-0.04602181818181818
-0.09348181818181817
0.043350909090909086
-0.09163272727272727
-0.02670909090909091
-0.019723636363636363
0.04746
0.07889454545454545
0.07745636363636363
0.11135636363636363
-0.009861818181818182
0.1600490909090909
-0.04232363636363636
0.1721709090909091
0.12635454545454544
-0.14710545454545454
0.14587272727272727
0.07622363636363635
0.017874545454545452
0.07766181818181818
0.20011272727272728
-0.08629090909090908
0.008012727272727272
0.09718
-0.09718
0.043350909090909086
-0.06307454545454545
-0.08464727272727272
-0.03883090909090909
-0.02486
-0.14751636363636364
0.13046363636363634
0.019107272727272726
-0.08690727272727272
0.22456181818181817
-0.07170363636363636
-0.014998181818181817
0.1916890909090909
0.13272363636363635
-0.08731818181818181
0.08012727272727273
0.07540181818181818
-0.07704545454545454
0.07006
-0.06656727272727272
-0.003287272727272727
-0.02034
-0.10313818181818181
0.03780363636363636
0.14237999999999998
-0.012943636363636362
0.11156181818181818
0.1479272727272727
-0.01664181818181818
0.11567090909090909
0.10231636363636364
0.08033272727272728
-0.07683999999999999
-0.04047454545454546
-0.11813636363636362
-0.02239454545454545
0.07745636363636363
-0.010478181818181819
0.2896909090909091
0.02527090909090909
0.03513272727272727
0.19682545454545455
-0.02444909090909091
0.03451636363636364
0.08505818181818181
-0.07047090909090908
-0.012532727272727272
0.019723636363636363
-0.04622727272727272
0.09019454545454544
0.06882727272727272
0.10786363636363637
-0.014998181818181817
0.04746
0.03205090909090909
0.09656363636363637
0.20422181818181817
-0.1171090909090909
0.12676545454545454
0.09471454545454545
0.01623090909090909
0.13498363636363636
0.0006163636363636364
0.010067272727272725
0.016847272727272728
-0.021367272727272728
0.014998181818181817
0.03698181818181818
-0.04376181818181818
0.08505818181818181
0.06738909090909091
0.01849090909090909
0.04437818181818182
0.05177454545454545
-0.028147272727272726
-0.05814363636363636
0.052390909090909085
-0.18326545454545454
-0.0628690909090909
0.12203999999999998
-0.01705272727272727
0.04746
0.03307818181818182
0.03307818181818182
0.23709454545454545
0.08074363636363636
-0.08793454545454545
0.07889454545454545
-0.041707272727272725
-0.09286545454545453
0.04437818181818182
-0.0067800000000000004
-0.09122181818181817
0.1257381818181818
0.14628363636363637
0.02362727272727273
0.16559636363636362
0.056705454545454545
0.03636545454545455
0.06533454545454545
-0.034927272727272723
-0.09820727272727273
0.002670909090909091
0.09861818181818181
0.02075090909090909
0.0805381818181818
-0.030407272727272724
-0.0226
0.09861818181818181
-0.12491636363636363
-0.09492
0.06122545454545455
-0.05444545454545455
0.05526727272727273
0.17463636363636362
0.06348545454545454
0.1103290909090909
0.16169272727272727
0.1524472727272727
0.15614545454545453
-0.07458
-0.08834545454545455
0.12450545454545454
-0.0008218181818181817
-0.08033272727272728
0.04540545454545454
0.03636545454545455
-0.042529090909090905
0.11464363636363636
-0.00226
-0.07190909090909091
0.14422909090909092
-0.041707272727272725
-0.042529090909090905
0.025065454545454544
-0.047665454545454546
0.1510090909090909
0.22538363636363634
-0.0678
0.055678181818181814
0.15183090909090907
-0.08567454545454545
0.1374490909090909
0.08382545454545455
-0.09245454545454544
0.05136363636363636
0.09512545454545453
-0.027120000000000002
0.06225272727272727
0.017463636363636362
-0.09450909090909092
0.15573454545454543
-0.012121818181818182
-0.1257381818181818
-0.04150181818181818
0.008012727272727272
0.0895781818181818
0.08300363636363636
0.05855454545454545
0.09492
0.21634363636363635
0.1035490909090909
0.08670181818181817
0.059170909090909087
-0.10827454545454546
-0.06307454545454545
0.04211818181818182
-0.18573090909090906
-0.09307090909090908
0.14936545454545455
-0.03616
0.15532363636363636
0.03780363636363636
-0.02568181818181818
0.18922363636363634
-0.047665454545454546
0.01992909090909091
0.09635818181818182
-0.1337509090909091
-0.029174545454545453
0.10642545454545453
0.01171090909090909
-0.012943636363636362
0.019312727272727273
0.12532727272727273
-0.009245454545454545
-0.0030818181818181817
0.031023636363636364
0.0069854545454545456
0.14895454545454545
-0.01664181818181818
0.06553999999999999
0.059787272727272724
-0.031639999999999995
0.15922727272727272
0.061841818181818185
-0.07437454545454546
0.05608909090909091
0.06964909090909091
-0.06615636363636364
0.07375818181818182
0.025065454545454544
-0.04622727272727272
0.13025818181818183
0.03903636363636363
-0.028969090909090906
0.13683272727272727
-0.014998181818181817
-0.13272363636363635
0.10272727272727272
-0.062458181818181815
-0.06040363636363636
0.1528581818181818
-0.007396363636363636
0.05300727272727272
0.2153163636363636
0.0020545454545454547
0.008218181818181819
0.19251090909090907
0.014998181818181817
-0.04376181818181818
0.022805454545454542
-0.010889090909090909
0.047665454545454546
0.14402363636363635
-0.09779636363636364
0.010889090909090909
0.24510727272727273
-0.06471818181818181
0.10149454545454545
0.1125890909090909
-0.05855454545454545
0.11115090909090909
-0.02403818181818182
-0.0008218181818181817
0.11567090909090909
-0.024243636363636363
0.014587272727272727
0.08978363636363636
-0.09944
-0.04068
0.08362
-0.13868181818181818
-0.029174545454545453
0.17566363636363633
-0.05958181818181818
0.009861818181818182
0.16744545454545454
-0.06327999999999999
0.04129636363636364
-0.016436363636363638
-0.09327636363636364
0.12820363636363635
-0.05033636363636364
0.010478181818181819
0.20504363636363634
0.0447890909090909
0.14012
0.28558181818181816
0.016436363636363638
0.024243636363636363
0.16436363636363635
-0.04294
-0.04910363636363636
-0.009861818181818182
-0.18306
-0.0741690909090909
-0.012532727272727272
-0.13929818181818182
0.1360109090909091
0.09594727272727273
-0.10478181818181817
0.14012
0.04622727272727272
-0.042529090909090905
0.09635818181818182
0.06759454545454545
0.02301090909090909
0.0447890909090909
0.03636545454545455
-0.028147272727272726
0.06862181818181817
0.045610909090909084
0.06636181818181817
0.15840545454545454
-0.0039036363636363635
0.10416545454545453
0.18675818181818182
-0.020545454545454544
0.02938
0.07704545454545454
-0.02444909090909091
0.00452
0.06019818181818181
0.012327272727272727
-0.003698181818181818
0.08382545454545455
0.0113
0.06882727272727272
0.16559636363636362
-0.028147272727272726
0.0918381818181818
0.12984727272727273
-0.16847272727272727
-0.054034545454545446
0.045610909090909084
-0.20093454545454545
-0.030612727272727274
0.060609090909090904
-0.11320545454545454
0.08588
0.0904
0.07375818181818182
0.21018
0.14813272727272728
0.005752727272727272
0.18018363636363635
0.11341090909090909
-0.2744872727272727
0.03903636363636363
0.0063690909090909084
-0.18901818181818184
0.04972
-0.04540545454545454
-0.00452
0.05876
0.09163272727272727
0.18593636363636362
0.062458181818181815
-0.0067800000000000004
0.09101636363636363
0.11669818181818181
-0.13868181818181818
-0.07047090909090908
0.08834545454545455
-0.17504727272727272
-0.038625454545454546
0.08362
-0.05280181818181818
0.15717272727272727
0.09286545454545453
0.11197272727272727
0.25743454545454547
0.02444909090909091
0.07006
0.12738181818181818
-0.011916363636363636
-0.06081454545454545
-0.007396363636363636
-0.07704545454545454
-0.08238727272727273
0.09882363636363636
-0.05198
0.00452
0.2672963636363636
0.058349090909090906
0.0940981818181818
0.2368890909090909
0.011094545454545454
0.07622363636363635
0.04910363636363636
-0.07232
0.005547272727272727
-0.025887272727272724
-0.032667272727272725
0.005136363636363636
0.05999272727272727
0.02157272727272727
0.09492
0.12060181818181817
0.005752727272727272
0.13087454545454547
0.08012727272727273
-0.07190909090909091
0.04869272727272727
-0.008012727272727272
-0.11793090909090909
-0.043350909090909086
-0.14628363636363637
-0.035749090909090904
0.09163272727272727
-0.054240000000000003
-0.012738181818181817
0.11546545454545454
0.008834545454545454
0.013765454545454546
0.25887272727272725
0.016436363636363638
0.0067800000000000004
0.15265272727272727
-0.024654545454545453
-0.004725454545454545
0.04807636363636364
0.033694545454545456
0.013765454545454546
0.05177454545454545
-0.12409454545454546
0.09615272727272728
0.18285454545454544
-0.0918381818181818
0.12861454545454545
0.09656363636363637
-0.10642545454545453
-0.05814363636363636
0.06266363636363637
-0.06163636363636363
0.005547272727272727
0.027325454545454545
0.02198363636363636
0.1721709090909091
-0.09574181818181818
0.05711636363636363
0.21346727272727273
0.027941818181818182
0.06101999999999999
0.18347090909090907
-0.025887272727272724
-0.008834545454545454
0.18285454545454544
-0.05999272727272727
-0.03657090909090909
-0.0226
-0.039241818181818176
0.02218909090909091
0.10724727272727272
-0.0113
0.09368727272727272
0.21346727272727273
-0.0805381818181818
0.1645690909090909
0.14422909090909092
-0.05485636363636363
0.06903272727272727
0.001849090909090909
-0.12121818181818181
-0.014998181818181817
-0.12019090909090908
-0.05300727272727272
0.2183981818181818
-0.04129636363636364
0.08464727272727272
0.17689636363636363
-0.033489090909090906
0.03513272727272727
0.10642545454545453
-0.06923818181818181
-0.033489090909090906
0.11464363636363636
-0.14710545454545454
0.04602181818181818
0.09718
-0.04663818181818182
0.15409090909090908
0.01623090909090909
-0.06882727272727272
0.14505090909090906
0.12265636363636362
-0.040063636363636364
0.11546545454545454
-0.012943636363636362
-0.05198
0.18182727272727273
-0.01705272727272727
-0.04109090909090909
0.11752
-0.028969090909090906
-0.02013454545454545
0.08505818181818181
-0.10930181818181818
0.06451272727272726
0.11854727272727272
-0.07006
0.06738909090909091
0.07786727272727272
0.04746
0.1325181818181818
0.08464727272727272
-0.15943272727272728
0.036776363636363635
0.04663818181818182
-0.13580545454545453
0.15470727272727272
0.02116181818181818
-0.04314545454545454
0.19025090909090905
0.12738181818181818
-0.028147272727272726
0.008012727272727272
0.08218181818181818
0.025065454545454544
0.038419999999999996
-0.06533454545454545
-0.03636545454545455
0.13785999999999998
0.06656727272727272
0.04047454545454546
0.11793090909090909
0.006574545454545454
0.02218909090909091
0.1017
-0.07026545454545453
0.043350909090909086
0.06430727272727273
-0.06821090909090909
0.04787090909090909
0.1103290909090909
-0.018696363636363636
-0.003287272727272727
0.1292309090909091
-0.11279454545454545
-0.12450545454545454
-0.04622727272727272
-0.08937272727272727
0.046432727272727264
0.014792727272727272
-0.02218909090909091
0.20915272727272727
0.13909272727272726
0.03410545454545454
0.32728909090909086
0.0447890909090909
-0.055883636363636364
0.13621636363636364
-0.010067272727272725
-0.09142727272727272
-0.027120000000000002
0.04622727272727272
-0.0628690909090909
0.07293636363636363
-0.043350909090909086
0.05095272727272727
0.19970181818181817
-0.07766181818181818
0.10457636363636363
0.05280181818181818
-0.12553272727272727
0.07848363636363635
0.16148727272727273
-0.047665454545454546
0.08814
0.06348545454545454
-0.05485636363636363
0.14772181818181818
-0.06964909090909091
0.04910363636363636
0.18223818181818183
-0.0008218181818181817
-0.006163636363636363
0.10313818181818181
0.030407272727272724
0.08608545454545455
0.1678563636363636
-0.10971272727272725
-0.018696363636363636
-0.05773272727272727
-0.07047090909090908
0.027325454545454545
0.034310909090909086
-0.02691454545454545
0.10457636363636363
0.2449018181818182
-0.01992909090909091
0.2194254545454545
0.10560363636363636
-0.00226
0.09019454545454544
-0.11382181818181818
-0.07355272727272727
-0.05115818181818182
-0.013560000000000001
-0.034310909090909086
0.05095272727272727
-0.05465090909090909
0.029174545454545453
0.13642181818181817
0.026298181818181814
0.07252545454545453
-0.012121818181818182
-0.01849090909090909
-0.013765454545454546
0.05937636363636363
-0.06143090909090909
0.036776363636363635
0.05691090909090909
-0.05485636363636363
0.11690363636363636
0.08156545454545455
0.04129636363636364
0.011505454545454544
0.11012363636363637
0.010272727272727272
0.06574545454545455
0.0967690909090909
0.028969090909090906
0.09615272727272728
-0.023832727272727273
-0.00041090909090909085
0.01890181818181818
0.015203636363636362
-0.04930909090909091
0.11156181818181818
-0.016847272727272728
-0.06697818181818181
0.1980581818181818
-0.008423636363636364
0.04930909090909091
0.18203272727272726
0.022805454545454542
-0.054034545454545446
0.09307090909090908
-0.03554363636363636
-0.06759454545454545
0.04437818181818182
-0.06327999999999999
0.07745636363636363
0.05773272727272727
0.029585454545454543
0.16498
0.18758
-0.07437454545454546
0.03985818181818182
0.15758363636363634
-0.17422545454545454
0.09759090909090909
0.13025818181818183
-0.06225272727272727
0.08526363636363636
0.03554363636363636
0.008218181818181819
0.17484181818181818
0.05876
-0.057527272727272726
0.08978363636363636
-0.050747272727272724
0.009656363636363637
0.14237999999999998
-0.07026545454545453
-0.08896181818181817
0.15635090909090907
0.008218181818181819
-0.06204727272727273
0.0967690909090909
-0.12019090909090908
0.042529090909090905
0.06533454545454545
-0.10683636363636365
0.04663818181818182
0.1125890909090909
0.05732181818181818
0.06225272727272727
0.03616
-0.07951090909090908
0.11854727272727272
0.04622727272727272
-0.07252545454545453
0.10601454545454544
0.06718363636363636
0.05013090909090909
0.20586545454545455
0.16292545454545454
0.0628690909090909
0.18306
0.03821454545454545
0.018696363636363636
0.018696363636363636
-0.15532363636363636
-0.06040363636363636
-0.06533454545454545
-0.13847636363636362
-0.009245454545454545
0.11977999999999998
-0.04211818181818182
0.04663818181818182
0.16292545454545454
-0.019312727272727273
0.09307090909090908
0.11690363636363636
0.00452
0.05814363636363636
-0.03718727272727273
-0.015819999999999997
0.09841272727272728
-0.08772909090909091
-0.03410545454545454
0.1017
0.0538290909090909
0.05526727272727273
0.08094909090909091
0.019107272727272726
-0.036776363636363635
0.1017
0.007601818181818181
-0.02301090909090909
0.07190909090909091
-0.013354545454545456
0.08998909090909091
0.10930181818181818
0.0
0.12142363636363637
0.07786727272727272
-0.04294
0.11382181818181818
0.07745636363636363
-0.04314545454545454
-0.03205090909090909
-0.031023636363636364
-0.15039272727272726
-0.06430727272727273
0.03965272727272728
-0.06163636363636363
0.09471454545454545
-0.01705272727272727
0.015614545454545454
0.2465454545454545
0.10067272727272727
0.14340727272727272
0.29133454545454546
-0.014587272727272727
0.007807272727272727
0.23134181818181818
-0.09944
0.007396363636363636
0.031639999999999995
-0.06903272727272727
0.030818181818181814
0.03636545454545455
-0.008218181818181819
0.03821454545454545
0.1826490909090909
-0.10005636363636364
0.08197636363636364
0.08731818181818181
-0.09964545454545454
0.16272
-0.009245454545454545
-0.1623090909090909
0.10416545454545453
0.08115454545454545
-0.09307090909090908
0.14032545454545453
0.05177454545454545
0.06225272727272727
0.11402727272727273
0.010683636363636364
0.08711272727272727
0.08731818181818181
0.003287272727272727
-0.04417272727272727
0.05177454545454545
-0.17730727272727273
-0.009861818181818182
0.06923818181818181
-0.08218181818181818
0.0339
0.024243636363636363
0.017874545454545452
0.15367999999999998
0.23606727272727274
-0.055061818181818184
0.18881272727272727
0.033694545454545456
-0.04889818181818182
0.06677272727272728
-0.14422909090909092
0.028352727272727273
-0.07519636363636363
-0.012943636363636362
-0.0678
0.10519272727272726
0.022805454545454542
0.033489090909090906
0.26606363636363634
-0.007807272727272727
0.03780363636363636
0.08505818181818181
0.08670181818181817
-0.10375454545454545
0.060609090909090904
-0.08320909090909091
-0.08505818181818181
0.07786727272727272
-0.12183454545454545
0.16189818181818183
0.054034545454545446
0.03472181818181818
0.10519272727272726
0.11361636363636363
0.01766909090909091
0.1284090909090909
0.16189818181818183
-0.05198
0.10560363636363636
0.05629454545454545
0.014587272727272727
0.06348545454545454
0.12553272727272727
-0.09060545454545453
0.12943636363636363
0.08341454545454545
-0.10560363636363636
0.2331909090909091
-0.01992909090909091
-0.08218181818181818
-0.0113
-0.03698181818181818
-0.12738181818181818
0.02198363636363636
0.027120000000000002
-0.019723636363636363
0.10745272727272726
-0.09204363636363636
0.1337509090909091
0.15963818181818182
-0.0041090909090909095
0.10601454545454544
0.1464890909090909
-0.08937272727272727
0.030407272727272724
0.15347454545454545
-0.1569672727272727
-0.01992909090909091
0.02486
-0.10909636363636364
-0.04910363636363636
0.09779636363636364
0.0113
0.1351890909090909
0.10519272727272726
-0.04150181818181818
0.17402
-0.05300727272727272
0.04622727272727272
0.1894290909090909
-0.07951090909090908
-0.1744309090909091
0.002670909090909091
-0.05732181818181818
-0.09286545454545453
0.17730727272727273
0.02075090909090909
0.07951090909090908
0.16662363636363633
-0.011094545454545454
0.06204727272727273
0.11875272727272726
-0.05341818181818182
0.05547272727272727
0.007807272727272727
-0.14094181818181817
0.18963454545454544
0.0967690909090909
0.006574545454545454
0.0764290909090909
0.053212727272727266
-0.029585454545454543
0.05033636363636364
0.12943636363636363
-0.0024654545454545454
0.13929818181818182
-0.052390909090909085
0.05259636363636363
0.19374363636363634
-0.04437818181818182
0.1374490909090909
0.11382181818181818
-0.08238727272727273
-0.0067800000000000004
0.02239454545454545
0.020545454545454544
0.09635818181818182
-0.01725818181818182
-0.0012327272727272727
0.07519636363636363
-0.00945090909090909
0.0010272727272727274
0.14505090909090906
-0.01664181818181818
-0.1894290909090909
0.043350909090909086
-0.027941818181818182
-0.05732181818181818
0.07992181818181819
0.08279818181818181
0.08115454545454545
0.10683636363636365
0.04951454545454545
0.0940981818181818
0.19867454545454544
-0.0727309090909091
-0.02650363636363636
0.03944727272727273
-0.16272
0.006574545454545454
0.06882727272727272
-0.08115454545454545
-0.010478181818181819
0.1483381818181818
0.10231636363636364
0.0020545454545454547
0.13005272727272726
0.04109090909090909
-0.03883090909090909
0.08423636363636364
-0.08218181818181818
0.05300727272727272
0.03780363636363636
-0.06615636363636364
0.15594
-0.02527090909090909
-0.06410181818181818
0.08485272727272727
-0.05793818181818181
-0.11012363636363637
0.1171090909090909
-0.005958181818181818
-0.10806909090909089
0.17525272727272728
0.12265636363636362
0.05177454545454545
0.17032181818181816
0.11238363636363637
0.12553272727272727
0.13025818181818183
-0.10539818181818181
0.041912727272727275
0.1103290909090909
-0.1758690909090909
0.05465090909090909
0.07149818181818181
-0.19374363636363634
0.08444181818181817
0.11156181818181818
-0.11587636363636362
0.004930909090909091
0.038625454545454546
-0.010683636363636364
0.08855090909090908
0.04602181818181818
0.037598181818181815
0.22250727272727272
0.021778181818181818
-0.02486
0.11854727272727272
-0.08896181818181817
0.029996363636363634
0.20853636363636363
-0.025065454545454544
-0.0741690909090909
0.12080727272727272
0.008218181818181819
0.10642545454545453
0.10211090909090909
-0.1374490909090909
0.13272363636363635
0.03410545454545454
-0.1678563636363636
0.038419999999999996
-0.01890181818181818
-0.050747272727272724
0.16272
0.07375818181818182
0.06964909090909091
0.2527090909090909
0.10601454545454544
0.05814363636363636
0.08362
-0.10991818181818182
-0.14073636363636363
0.09327636363636364
-0.08177090909090909
-0.1306690909090909
0.09553636363636364
-0.02034
0.07622363636363635
0.09389272727272728
0.014792727272727272
0.07149818181818181
0.06266363636363637
-0.014792727272727272
0.04150181818181818
0.08136
-0.07026545454545453
0.04437818181818182
0.04746
-0.0402690909090909
0.031023636363636364
0.08608545454545455
0.02075090909090909
0.00226
0.012532727272727272
-0.04746
0.12265636363636362
0.028763636363636363
0.015409090909090907
0.13847636363636362
0.04869272727272727
0.021367272727272728
0.04109090909090909
0.1017
-0.04930909090909091
0.00904
-0.02650363636363636
-0.08238727272727273
0.07971636363636364
-0.06471818181818181
0.08670181818181817
0.15203636363636364
-0.08218181818181818
0.05444545454545455
0.09368727272727272
-0.07190909090909091
0.04540545454545454
0.06903272727272727
-0.07190909090909091
0.011505454545454544
0.10868545454545453
0.021367272727272728
0.08588
0.10786363636363637
-0.04725454545454546
0.13806545454545455
0.040063636363636364
-0.0727309090909091
0.16292545454545454
-0.07725090909090909
-0.05793818181818181
0.18347090909090907
-0.056705454545454545
0.007807272727272727
0.19271636363636363
0.030818181818181814
0.012943636363636362
0.12902545454545453
0.02650363636363636
0.00904
0.15183090909090907
-0.028147272727272726
0.011505454545454544
0.10642545454545453
-0.12060181818181817
0.08485272727272727
0.06841636363636364
-0.16251454545454544
0.08916727272727272
0.010683636363636364
-0.1171090909090909
0.17319818181818183
0.06081454545454545
-0.04294
0.13929818181818182
-0.008423636363636364
-0.02198363636363636
0.06574545454545455
-0.004930909090909091
0.03821454545454545
0.09348181818181817
-0.02403818181818182
0.06307454545454545
0.18141636363636363
0.04294
0.10930181818181818
0.15758363636363634
0.031229090909090908
0.008423636363636364
0.08937272727272727
-0.0805381818181818
-0.06307454545454545
-0.06307454545454545
-0.19086727272727272
0.07088181818181817
-0.03739272727272727
-0.014587272727272727
0.11012363636363637
-0.05341818181818182
0.09450909090909092
0.12491636363636363
0.005136363636363636
-0.026298181818181814
0.07088181818181817
0.08423636363636364
-0.047665454545454546
-0.0034927272727272728
-0.011505454545454544
0.004314545454545455
0.12286181818181818
-0.018285454545454546
0.056705454545454545
0.15614545454545453
-0.04109090909090909
0.15799454545454544
0.11546545454545454
-0.04746
0.04602181818181818
0.04869272727272727
0.02650363636363636
-0.04746
0.06821090909090909
0.02670909090909091
0.02198363636363636
0.08444181818181817
-0.03328363636363636
0.11094545454545454
0.08629090909090908
0.001438181818181818
0.18901818181818184
-0.06225272727272727
-0.15922727272727272
0.10560363636363636
-0.05608909090909091
-0.10396
0.011505454545454544
0.035954545454545454
0.033489090909090906
0.06862181818181817
0.07458
0.07334727272727272
0.2732545454545454
0.14566727272727273
0.048487272727272726
0.17463636363636362
-0.09081090909090908
-0.02116181818181818
0.14874909090909091
-0.20853636363636363
-0.055061818181818184
0.10601454545454544
-0.15676181818181817
0.06697818181818181
0.06656727272727272
-0.0470490909090909
0.22127454545454545
0.05937636363636363
-0.09327636363636364
0.09656363636363637
-0.019107272727272726
-0.16929454545454545
0.049925454545454544
0.001849090909090909
-0.17504727272727272
0.08793454545454545
0.02568181818181818
0.04150181818181818
0.28270545454545454
-0.009656363636363637
0.05362363636363636
0.23483454545454546
-0.017463636363636362
-0.0402690909090909
0.05773272727272727
-0.0904
-0.030818181818181814
0.01992909090909091
-0.22415090909090907
0.06615636363636364
0.09574181818181818
-0.07170363636363636
0.2794181818181818
0.10231636363636364
0.032872727272727276
0.24695636363636364
0.09718
0.031023636363636364
0.08033272727272728
0.007807272727272727
-0.05280181818181818
0.08588
-0.08608545454545455
-0.06636181818181817
0.16272
-0.15039272727272726
0.04129636363636364
0.2594890909090909
-0.10950727272727273
0.05465090909090909
0.15265272727272727
-0.03657090909090909
0.047665454545454546
-0.01890181818181818
-0.06143090909090909
-0.0069854545454545456
-0.019723636363636363
-0.045610909090909084
0.04068
0.10745272727272726
-0.04951454545454545
0.19682545454545455
0.13395636363636362
-0.10046727272727272
0.22394545454545453
0.06430727272727273
-0.04211818181818182
0.10601454545454544
0.013765454545454546
-0.013354545454545456
0.07622363636363635
-0.04725454545454546
-0.01849090909090909
0.17319818181818183
-0.08608545454545455
-0.029585454545454543
0.13909272727272726
-0.00226
-0.032667272727272725
0.07951090909090908
-0.04150181818181818
-0.07848363636363635
0.04068
-0.18018363636363635
0.06964909090909091
0.13190181818181818
-0.17628
0.061841818181818185
0.1088909090909091
-0.028969090909090906
0.11443818181818181
0.13991454545454546
0.09985090909090909
0.10231636363636364
-0.03307818181818182
0.05937636363636363
0.06718363636363636
-0.0016436363636363634
-0.005341818181818182
0.00904
-0.027530909090909092
-0.16744545454545454
0.20894727272727273
0.09615272727272728
-0.0452
0.21798727272727272
-0.00226
0.10642545454545453
0.12121818181818181
-0.06964909090909091
0.12676545454545454
0.03780363636363636
-0.17073272727272726
-0.02486
-0.031229090909090908
0.0020545454545454547
0.08855090909090908
0.13847636363636362
0.09142727272727272
-0.0041090909090909095
0.11690363636363636
0.004314545454545455
0.07088181818181817
0.010272727272727272
-0.054240000000000003
0.07601818181818182
-0.06595090909090909
0.03657090909090909
0.11628727272727273
0.029585454545454543
0.008218181818181819
0.1017
0.014381818181818181
0.05526727272727273
0.15943272727272728
-0.02157272727272727
0.07355272727272727
0.029996363636363634
-0.08362
0.09492
0.09923454545454545
-0.046432727272727264
0.02157272727272727
-0.06143090909090909
-0.09594727272727273
0.11690363636363636
0.03739272727272727
0.013149090909090907
0.03821454545454545
0.02444909090909091
0.05198
0.04746
0.042734545454545456
-0.029996363636363634
0.0041090909090909095
-0.03451636363636364
-0.08731818181818181
0.03020181818181818
-0.02218909090909091
0.045610909090909084
0.1826490909090909
-0.04068
0.047665454545454546
0.1865527272727273
-0.003698181818181818
0.13046363636363634
0.028558181818181816
-0.1017
0.11546545454545454
-0.022805454545454542
0.008423636363636364
0.11443818181818181
-0.016025454545454544
0.08403090909090909
0.1193690909090909
0.007396363636363636
-0.03451636363636364
0.04807636363636364
0.06327999999999999
-0.06821090909090909
0.07581272727272727
0.009656363636363637
-0.10026181818181817
0.19682545454545455
0.07149818181818181
-0.028147272727272726
0.06225272727272727
-0.06143090909090909
-0.07047090909090908
0.012121818181818182
-0.005958181818181818
0.03821454545454545
0.07704545454545454
-0.02239454545454545
0.14361272727272725
0.1483381818181818
-0.01725818181818182
0.14279090909090908
0.17155454545454543
-0.14977636363636362
-0.04622727272727272
0.12512181818181817
-0.11895818181818181
0.05300727272727272
0.08608545454545455
-0.041912727272727275
0.033694545454545456
0.004314545454545455
0.08629090909090908
0.08012727272727273
-0.04910363636363636
-0.05136363636363636
0.07827818181818182
-0.036776363636363635
-0.08012727272727273
0.26051636363636366
0.05732181818181818
-0.08403090909090909
0.2183981818181818
-0.016025454545454544
0.00452
0.13621636363636364
-0.04622727272727272
0.1292309090909091
0.05773272727272727
-0.11793090909090909
0.17648545454545456
0.11238363636363637
-0.08731818181818181
0.13231272727272728
0.01992909090909091
-0.05300727272727272
0.05341818181818182
-0.0034927272727272728
-0.019518181818181816
0.007601818181818181
0.04746
0.043556363636363636
0.1499818181818182
0.042529090909090905
0.08279818181818181
0.2233290909090909
-0.06821090909090909
-0.05013090909090909
0.07006
-0.12368363636363637
-0.03143454545454545
0.05855454545454545
-0.1524472727272727
0.04889818181818182
0.07601818181818182
-0.040063636363636364
0.1247109090909091
0.019107272727272726
-0.02527090909090909
0.054034545454545446
0.06738909090909091
-0.06636181818181817
0.06492363636363636
0.07478545454545454
-0.06410181818181818
0.12142363636363637
0.03821454545454545
-0.06369090909090909
0.06985454545454545
0.10375454545454545
-0.08320909090909091
0.04129636363636364
0.07622363636363635
-0.03821454545454545
0.09964545454545454
0.005958181818181818
0.05444545454545455
0.11053454545454545
-0.07540181818181818
0.03020181818181818
0.14361272727272725
-0.0904
-0.0010272727272727274
0.14217454545454544
-0.040885454545454544
0.04663818181818182
0.16210363636363637
-0.001438181818181818
-0.019312727272727273
0.1676509090909091
-0.027736363636363635
-0.0470490909090909
0.09327636363636364
-0.09368727272727272
0.04417272727272727
0.06512909090909091
-0.024654545454545453
0.16888363636363635
0.04663818181818182
-0.056705454545454545
0.20134545454545455
0.07129272727272727
-0.04930909090909091
0.09553636363636364
0.05608909090909091
0.03985818181818182
0.05259636363636363
0.08279818181818181
0.016025454545454544
0.021367272727272728
0.019518181818181816
0.06225272727272727
0.08670181818181817
-0.07622363636363635
0.05547272727272727
0.05629454545454545
-0.0904
0.03821454545454545
0.11238363636363637
-0.01890181818181818
0.06040363636363636
0.035749090909090904
-0.08834545454545455
0.059170909090909087
-0.013354545454545456
-0.003698181818181818
0.02116181818181818
-0.10026181818181817
0.04869272727272727
0.14977636363636362
-0.029585454545454543
0.019723636363636363
0.12080727272727272
-0.003287272727272727
0.0063690909090909084
0.05013090909090909
0.031639999999999995
0.10437090909090908
0.11895818181818181
0.02034
0.18634727272727272
0.05218545454545454
0.01623090909090909
0.21079636363636362
-0.1148490909090909
-0.03718727272727273
0.08649636363636364
-0.09800181818181818
-0.10642545454545453
-0.04684363636363636
-0.02116181818181818
-0.05855454545454545
0.047665454545454546
0.021367272727272728
0.04869272727272727
0.18531999999999998
0.01623090909090909
0.06697818181818181
0.11115090909090909
-0.04314545454545454
0.19127818181818182
0.08998909090909091
-0.15902181818181815
0.07129272727272727
-0.0030818181818181817
-0.05362363636363636
0.12265636363636362
0.08793454545454545
0.03246181818181818
0.038419999999999996
0.05177454545454545
0.010478181818181819
0.04396727272727272
0.05711636363636363
-0.04540545454545454
0.05958181818181818
-0.00862909090909091
-0.07047090909090908
0.20586545454545455
0.040063636363636364
-0.007601818181818181
0.1419690909090909
-0.00452
-0.016436363636363638
0.043556363636363636
0.00862909090909091
-0.11752
-0.06903272727272727
-0.055678181818181814
-0.03821454545454545
0.025887272727272724
-0.05054181818181818
0.11895818181818181
0.17710181818181817
0.003287272727272727
0.1224509090909091
0.27695272727272724
0.0470490909090909
0.08567454545454545
0.18018363636363635
-0.0727309090909091
-0.02075090909090909
-0.038625454545454546
-0.0918381818181818
0.07622363636363635
-0.02486
-0.03739272727272727
0.15491272727272726
0.009656363636363637
-0.044994545454545454
0.1483381818181818
0.12265636363636362
-0.08115454545454545
0.08136
0.11341090909090909
-0.14484545454545456
0.08629090909090908
-0.030612727272727274
-0.042734545454545456
0.1296418181818182
-0.08937272727272727
0.09861818181818181
0.24243636363636362
0.003287272727272727
0.1296418181818182
0.21860363636363636
-0.1499818181818182
0.052390909090909085
0.11197272727272727
-0.13477818181818182
-0.07232
0.013765454545454546
-0.06985454545454545
-0.08998909090909091
0.12676545454545454
-0.02218909090909091
0.17854
0.12491636363636363
-0.005136363636363636
0.22887636363636363
-0.01664181818181818
0.0226
0.12388909090909091
-0.043350909090909086
-0.09923454545454545
0.05136363636363636
0.00226
-0.00452
0.040063636363636364
0.008012727272727272
-0.004725454545454545
0.04951454545454545
0.09471454545454545
-0.02239454545454545
0.07704545454545454
-0.04437818181818182
0.10313818181818181
-0.05732181818181818
-0.17360909090909088
0.10149454545454545
-0.12142363636363637
-0.058349090909090906
-0.0452
0.06636181818181817
0.030818181818181814
0.06451272727272726
0.19415454545454544
0.07088181818181817
0.13128545454545454
0.06122545454545455
0.11053454545454545
0.13046363636363634
0.0067800000000000004
-0.04458363636363636
0.10437090909090908
-0.08649636363636364
-0.05855454545454545
0.19703090909090906
0.0006163636363636364
0.00452
0.05855454545454545
0.14607818181818183
0.08074363636363636
-0.015614545454545454
-0.06738909090909091
0.04068
-0.01623090909090909
-0.15347454545454545
0.07971636363636364
0.09101636363636363
0.033694545454545456
0.08156545454545455
0.12697090909090908
-0.06307454545454545
0.15059818181818183
0.17545818181818182
-0.04294
0.14320181818181818
-0.023832727272727273
-0.05855454545454545
0.09389272727272728
0.052390909090909085
-0.10108363636363636
-0.012943636363636362
-0.08074363636363636
0.005958181818181818
0.19826363636363634
-0.028147272727272726
0.10663090909090908
0.1836763636363636
0.012121818181818182
0.017463636363636362
0.20668727272727272
-0.037598181818181815
-0.04150181818181818
0.08197636363636364
-0.2177818181818182
-0.09841272727272728
-0.11094545454545454
-0.017874545454545452
0.10067272727272727
0.0039036363636363635
0.04314545454545454
0.17258181818181817
0.06697818181818181
-0.025476363636363634
0.22148
-0.030407272727272724
-0.08711272727272727
0.15594
-0.04109090909090909
-0.06410181818181818
0.16724
0.00226
0.02075090909090909
0.05876
-0.13580545454545453
0.17628
0.04150181818181818
-0.06718363636363636
0.1510090909090909
0.05526727272727273
-0.028969090909090906
0.06471818181818181
0.19723636363636363
-0.013354545454545456
0.04376181818181818
0.03472181818181818
-0.054240000000000003
0.07704545454545454
-0.0565
0.0538290909090909
0.08711272727272727
-0.04930909090909091
0.19025090909090905
0.13046363636363634
-0.08115454545454545
0.11464363636363636
0.045610909090909084
-0.08074363636363636
-0.032667272727272725
-0.01849090909090909
-0.056705454545454545
0.03307818181818182
0.13046363636363634
0.02034
0.15224181818181817
0.050747272727272724
0.04602181818181818
0.21901454545454546
0.0030818181818181817
-0.10211090909090909
0.02198363636363636
0.02075090909090909
-0.05732181818181818
0.0904
-0.006163636363636363
-0.03451636363636364
0.16621272727272726
0.0538290909090909
-0.04930909090909091
0.03698181818181818
0.09718
0.03205090909090909
0.010889090909090909
-0.06759454545454545
-0.015614545454545454
0.15388545454545455
0.03883090909090909
-0.058349090909090906
0.045816363636363634
-0.11423272727272726
-0.10334363636363636
0.09635818181818182
-0.11505454545454545
0.053212727272727266
0.11793090909090909
0.009656363636363637
0.1678563636363636
0.1012890909090909
0.10827454545454546
0.2147
0.10149454545454545
-0.07334727272727272
0.036776363636363635
-0.05876
-0.08444181818181817
0.14217454545454544
0.010478181818181819
-0.15409090909090908
0.058349090909090906
0.08978363636363636
-0.034927272727272723
0.12101272727272726
-0.06574545454545455
0.028763636363636363
0.1171090909090909
-0.12265636363636362
0.12984727272727273
0.15121454545454543
-0.030818181818181814
0.13991454545454546
0.1577890909090909
-0.09944
-0.001849090909090909
0.11115090909090909
-0.054034545454545446
0.024243636363636363
0.06533454545454545
-0.016025454545454544
0.14135272727272727
0.02444909090909091
0.017874545454545452
0.15347454545454545
-0.08094909090909091
0.02444909090909091
0.11854727272727272
-0.09594727272727273
-0.08238727272727273
0.14977636363636362
0.06492363636363636
0.031639999999999995
0.19785272727272726
0.061841818181818185
0.10437090909090908
0.10293272727272727
-0.03985818181818182
-0.003698181818181818
-0.043556363636363636
-0.1261490909090909
0.018285454545454546
-0.036776363636363635
-0.1532690909090909
0.11423272727272726
0.09389272727272728
0.014176363636363636
0.06348545454545454
0.08423636363636364
0.029585454545454543
0.08752363636363636
0.07766181818181818
-0.09122181818181817
0.09861818181818181
0.007601818181818181
0.00020545454545454542
0.09635818181818182
0.016025454545454544
0.03020181818181818
0.06410181818181818
0.014176363636363636
-0.03718727272727273
0.08875636363636363
-0.02403818181818182
0.027530909090909092
0.08588
-0.02157272727272727
0.00020545454545454542
0.1216290909090909
0.054240000000000003
-0.016025454545454544
0.09081090909090908
-0.10149454545454545
0.08875636363636363
0.10457636363636363
-0.10313818181818181
0.09060545454545453
0.02218909090909091
-0.032667272727272725
0.09471454545454545
0.025887272727272724
-0.05013090909090909
0.13765454545454545
-0.004314545454545455
-0.06841636363636364
0.06985454545454545
-0.014587272727272727
0.042734545454545456
0.060609090909090904
-0.00041090909090909085
-0.00904
0.1524472727272727
0.0012327272727272727
-0.03472181818181818
0.1569672727272727
-0.03143454545454545
0.004314545454545455
0.1360109090909091
-0.02034
0.046432727272727264
0.17936181818181818
-0.06451272727272726
0.09841272727272728
0.11053454545454545
-0.08896181818181817
0.14135272727272727
0.027941818181818182
-0.049925454545454544
0.14977636363636362
0.027325454545454545
-0.1329290909090909
0.13498363636363636
0.07889454545454545
-0.1469
0.05958181818181818
0.022805454545454542
-0.008218181818181819
0.10005636363636364
0.008834545454545454
0.005547272727272727
0.18285454545454544
0.06122545454545455
-0.02527090909090909
0.14279090909090908
-0.04294
0.02670909090909091
0.11135636363636363
-0.09224909090909092
0.05198
0.16662363636363633
0.00020545454545454542
0.12265636363636362
0.22189090909090908
-0.010067272727272725
0.11279454545454545
0.06163636363636363
-0.08156545454545455
0.0940981818181818
-0.055061818181818184
-0.0940981818181818
0.018285454545454546
-0.11628727272727273
-0.04109090909090909
0.06101999999999999
-0.03965272727272728
-0.0039036363636363635
0.04602181818181818
-0.040885454545454544
-0.0024654545454545454
0.10560363636363636
-0.007396363636363636
0.043350909090909086
0.08197636363636364
-0.08649636363636364
0.12347818181818182
0.04930909090909091
-0.12717636363636362
0.15491272727272726
0.08218181818181818
-0.029996363636363634
0.14279090909090908
0.06512909090909091
0.010889090909090909
0.11197272727272727
-0.02342181818181818
-0.11320545454545454
0.10437090909090908
0.057527272727272726
-0.0940981818181818
0.14094181818181817
0.007396363636363636
-0.07519636363636363
0.19312727272727273
0.018285454545454546
-0.014998181818181817
0.1631309090909091
-0.02075090909090909
-0.049925454545454544
0.06738909090909091
-0.10519272727272726
-0.06923818181818181
0.04869272727272727
-0.06553999999999999
0.03554363636363636
0.12286181818181818
-0.005547272727272727
0.16744545454545454
0.1758690909090909
0.03205090909090909
0.23935454545454546
0.15840545454545454
0.03225636363636363
0.16046
0.08793454545454545
-0.15162545454545454
0.03225636363636363
0.04930909090909091
-0.19559272727272728
0.15306363636363635
0.014792727272727272
-0.10930181818181818
0.18881272727272727
-0.018285454545454546
0.028558181818181816
0.1916890909090909
-0.04109090909090909
-0.00862909090909091
0.11546545454545454
-0.14258545454545454
-0.012738181818181817
0.06944363636363636
-0.17525272727272728
-0.04068
0.10560363636363636
0.0904
0.10642545454545453
0.13169636363636364
0.06451272727272726
0.13190181818181818
0.016025454545454544
-0.04972
0.04047454545454546
-0.1577890909090909
-0.05937636363636363
0.027941818181818182
-0.08320909090909091
-0.07129272727272727
0.08423636363636364
0.12491636363636363
0.03985818181818182
0.17956727272727271
0.11176727272727273
0.1076581818181818
0.10827454545454546
-0.07622363636363635
0.054034545454545446
-0.0030818181818181817
-0.1321072727272727
0.045610909090909084
0.013765454545454546
-0.08177090909090909
0.014792727272727272
0.06225272727272727
0.09265999999999999
0.0749909090909091
0.04417272727272727
0.07375818181818182
0.05485636363636363
0.04828181818181818
0.03800909090909091
0.012738181818181817
-0.0041090909090909095
-0.027530909090909092
-0.003698181818181818
0.003287272727272727
0.03246181818181818
0.08855090909090908
0.04910363636363636
0.06163636363636363
0.11197272727272727
0.017463636363636362
0.04458363636363636
0.19251090909090907
0.05711636363636363
0.00452
0.07375818181818182
-0.021778181818181818
0.07129272727272727
0.07766181818181818
-0.02609272727272727
0.03636545454545455
0.10745272727272726
0.029174545454545453
-0.0008218181818181817
0.05691090909090909
-0.11115090909090909
0.031845454545454545
0.02979090909090909
-0.2029890909090909
-0.015819999999999997
0.043350909090909086
0.016847272727272728
0.05814363636363636
0.013149090909090907
0.005958181818181818
0.14135272727272727
0.056705454545454545
0.014587272727272727
0.14977636363636362
-0.03739272727272727
0.014381818181818181
0.19888
-0.055061818181818184
-0.07252545454545453
0.09081090909090908
-0.08546909090909091
-0.03328363636363636
0.05259636363636363
-0.0678
0.0628690909090909
0.12306727272727273
-0.047665454545454546
0.07088181818181817
0.17402
-0.05876
0.17093818181818182
0.1284090909090909
-0.20566
0.05300727272727272
-0.04622727272727272
-0.11115090909090909
0.07047090909090908
0.001849090909090909
0.03143454545454545
0.11423272727272726
0.10950727272727273
0.06595090909090909
0.07088181818181817
0.014381818181818181
0.0008218181818181817
0.09307090909090908
-0.025065454545454544
-0.041707272727272725
0.20668727272727272
0.05177454545454545
0.09759090909090909
0.17052727272727272
-0.1171090909090909
0.1419690909090909
0.10868545454545453
-0.09389272727272728
0.11012363636363637
0.0447890909090909
-0.10211090909090909
0.019723636363636363
0.08629090909090908
-0.0226
0.05341818181818182
0.05444545454545455
0.038419999999999996
0.0538290909090909
-0.08978363636363636
-0.01890181818181818
0.13457272727272726
0.001849090909090909
-0.0069854545454545456
0.1532690909090909
0.0069854545454545456
0.016436363636363638
0.12121818181818181
-0.03780363636363636
-0.07519636363636363
-0.0069854545454545456
-0.040885454545454544
-0.008834545454545454
-0.014176363636363636
0.004314545454545455
0.18675818181818182
0.11608181818181817
0.014381818181818181
0.1337509090909091
0.10293272727272727
-0.06636181818181817
0.08875636363636363
0.014587272727272727
-0.15470727272727272
0.037598181818181815
0.02157272727272727
0.030818181818181814
0.05876
0.09019454545454544
0.03472181818181818
0.09265999999999999
0.05013090909090909
-0.10950727272727273
0.09327636363636364
-0.04889818181818182
-0.056705454545454545
0.15614545454545453
0.005547272727272727
-0.004725454545454545
0.16046
0.04869272727272727
0.012738181818181817
-0.030612727272727274
-0.14751636363636364
0.11916363636363636
0.0741690909090909
-0.08094909090909091
0.10848000000000001
0.08916727272727272
0.022805454545454542
0.23606727272727274
0.18675818181818182
-0.040885454545454544
0.08855090909090908
0.001438181818181818
-0.1623090909090909
0.03698181818181818
-0.017874545454545452
-0.03698181818181818
0.08197636363636364
-0.0741690909090909
0.02938
0.09841272727272728
-0.025476363636363634
0.11156181818181818
0.10313818181818181
-0.14443454545454545
-0.010478181818181819
0.17854
-0.035954545454545454
0.09265999999999999
0.2116181818181818
-0.10437090909090908
-0.0024654545454545454
0.1148490909090909
-0.06615636363636364
0.04807636363636364
0.043556363636363636
-0.0010272727272727274
0.13806545454545455
-0.029996363636363634
0.02034
0.1881963636363636
0.017874545454545452
-0.010683636363636364
0.07519636363636363
-0.048487272727272726
-0.09635818181818182
0.12512181818181817
0.0016436363636363634
0.005547272727272727
0.17566363636363633
0.12306727272727273
0.2296981818181818
0.1528581818181818
0.039241818181818176
0.06348545454545454
-0.051569090909090905
-0.15224181818181817
-0.017874545454545452
-0.1088909090909091
-0.1374490909090909
0.06451272727272726
0.00452
-0.014176363636363636
0.08875636363636363
0.12121818181818181
0.055061818181818184
0.10457636363636363
-0.0030818181818181817
-0.027325454545454545
0.04951454545454545
0.025476363636363634
0.12142363636363637
-0.003698181818181818
-0.03636545454545455
0.06266363636363637
0.10560363636363636
-0.03225636363636363
0.03821454545454545
0.05711636363636363
-0.11115090909090909
0.07478545454545454
-0.019107272727272726
-0.03698181818181818
0.09389272727272728
0.07827818181818182
0.014176363636363636
0.07149818181818181
0.015409090909090907
-0.07992181818181819
0.12655999999999998
0.023216363636363632
-0.04458363636363636
0.05814363636363636
0.014381818181818181
-0.002670909090909091
0.2075090909090909
0.00904
-0.12019090909090908
0.18573090909090906
-0.08772909090909091
-0.09286545454545453
0.05115818181818182
-0.0918381818181818
0.06512909090909091
0.17011636363636362
-0.029585454545454543
0.05999272727272727
0.21305636363636363
-0.015203636363636362
0.1017
0.1608709090909091
-0.11649272727272726
0.014381818181818181
0.19066181818181818
-0.08197636363636364
0.015409090909090907
0.13107999999999997
-0.05054181818181818
0.13991454545454546
0.09101636363636363
-0.027530909090909092
0.10437090909090908
0.05691090909090909
-0.04746
0.12655999999999998
0.005958181818181818
-0.10252181818181817
0.19888
-0.0565
-0.09985090909090909
0.13272363636363635
-0.05629454545454545
-0.037598181818181815
0.10437090909090908
-0.03020181818181818
-0.008218181818181819
0.11279454545454545
-0.00020545454545454542
0.0895781818181818
0.06759454545454545
-0.05773272727272727
0.06862181818181817
0.06903272727272727
-0.07355272727272727
0.07889454545454545
0.1321072727272727
-0.03143454545454545
0.15717272727272727
0.12820363636363635
0.07252545454545453
0.13477818181818182
0.0067800000000000004
-0.025887272727272724
0.05013090909090909
-0.010683636363636364
-0.11238363636363637
-0.012532727272727272
-0.11649272727272726
-0.10971272727272725
0.07766181818181818
-0.0008218181818181817
-0.05280181818181818
0.07252545454545453
0.0741690909090909
0.07909999999999999
0.06266363636363637
-0.03143454545454545
0.09861818181818181
0.08320909090909091
0.014176363636363636
0.09101636363636363
0.015409090909090907
-0.10622
0.07252545454545453
0.12121818181818181
-0.012532727272727272
0.15450181818181818
0.11772545454545454
0.035954545454545454
0.12286181818181818
0.03205090909090909
-0.002670909090909091
0.06143090909090909
-0.009861818181818182
-0.049925454545454544
0.05999272727272727
-0.05218545454545454
-0.02239454545454545
0.21983636363636364
0.015409090909090907
-0.023216363636363632
0.16744545454545454
-0.05259636363636363
-0.0030818181818181817
0.08279818181818181
-0.1608709090909091
-0.06163636363636363
-0.0039036363636363635
-0.07581272727272727
-0.02013454545454545
0.11156181818181818
0.03410545454545454
0.09450909090909092
0.28537636363636365
-0.0402690909090909
0.1939490909090909
0.24223090909090908
-0.1035490909090909
0.1610763636363636
-0.049925454545454544
-0.16272
0.02075090909090909
-0.10457636363636363
-0.04622727272727272
0.07458
-0.040063636363636364
-0.05855454545454545
0.21798727272727272
0.05691090909090909
-0.03246181818181818
0.21552181818181818
-0.011916363636363636
0.028147272727272726
0.13477818181818182
-0.12121818181818181
-0.04684363636363636
0.03513272727272727
-0.0904
0.016025454545454544
0.10457636363636363
-0.01705272727272727
0.20442727272727274
0.18963454545454544
-0.0226
0.1957981818181818
0.08546909090909091
-0.08012727272727273
0.09224909090909092
0.012738181818181817
-0.12697090909090908
-0.01623090909090909
-0.060609090909090904
0.04232363636363636
0.10868545454545453
-0.04622727272727272
0.19312727272727273
0.23052
0.02691454545454545
0.1325181818181818
0.15203636363636364
-0.1088909090909091
0.001438181818181818
0.09307090909090908
-0.10930181818181818
-0.02157272727272727
-0.02157272727272727
0.00945090909090909
0.038419999999999996
-0.031639999999999995
0.0008218181818181817
0.14916
0.08156545454545455
-0.06389636363636363
0.16292545454545454
-0.002670909090909091
-0.0470490909090909
0.09594727272727273
-0.08464727272727272
-0.12039636363636362
-0.01992909090909091
0.00226
0.032872727272727276
0.030818181818181814
-0.06923818181818181
0.14012
0.07622363636363635
0.04068
0.15799454545454544
0.08485272727272727
0.011505454545454544
0.039241818181818176
0.18470363636363635
-0.19436
-0.06471818181818181
0.11977999999999998
-0.0918381818181818
0.08033272727272728
-0.03020181818181818
0.010067272727272725
0.20689272727272728
0.060609090909090904
-0.07211454545454546
0.13683272727272727
0.05444545454545455
-0.09800181818181818
0.05526727272727273
-0.08403090909090909
-0.06451272727272726
0.1351890909090909
0.08485272727272727
-0.03883090909090909
0.10149454545454545
0.0452
0.07971636363636364
0.17936181818181818
-0.012121818181818182
0.08896181818181817
0.10005636363636364
0.027736363636363635
0.013970909090909091
0.07232
-0.06019818181818181
0.06143090909090909
0.10745272727272726
-0.18573090909090906
0.14751636363636364
0.07190909090909091
-0.03657090909090909
0.25805090909090905
0.06451272727272726
-0.06492363636363636
0.14607818181818183
0.05608909090909091
-0.027120000000000002
-0.006163636363636363
-0.13087454545454547
-0.0786890909090909
-0.058349090909090906
-0.0538290909090909
0.001849090909090909
0.15347454545454545
-0.0041090909090909095
0.06964909090909091
0.2664745454545454
-0.10005636363636364
0.08711272727272727
0.1532690909090909
0.012943636363636362
0.10334363636363636
-0.09553636363636364
-0.0034927272727272728
0.13683272727272727
-0.03944727272727273
0.019107272727272726
0.08752363636363636
-0.0727309090909091
0.00862909090909091
0.10786363636363637
0.02342181818181818
-0.016436363636363638
-0.02116181818181818
-0.005136363636363636
0.06882727272727272
0.06266363636363637
-0.02609272727272727
0.08875636363636363
0.07088181818181817
-0.12738181818181818
0.025887272727272724
0.11053454545454545
-0.07807272727272727
0.08136
0.14710545454545454
-0.07683999999999999
0.10046727272727272
0.0764290909090909
0.011094545454545454
0.14340727272727272
-0.06738909090909091
-0.04725454545454546
0.06800545454545455
0.003287272727272727
-0.012738181818181817
0.07478545454545454
0.09533090909090909
0.033694545454545456
0.10067272727272727
0.05773272727272727
0.018696363636363636
0.13765454545454545
0.0226
-0.07827818181818182
0.06718363636363636
-0.037598181818181815
-0.009861818181818182
0.10642545454545453
0.028147272727272726
0.04663818181818182
0.018696363636363636
0.03472181818181818
0.03554363636363636
0.04951454545454545
-0.037598181818181815
0.07355272727272727
0.12491636363636363
-0.1337509090909091
0.1360109090909091
0.13087454545454547
-0.08526363636363636
0.07006
0.037598181818181815
-0.15491272727272726
-0.07047090909090908
0.0470490909090909
-0.052390909090909085
0.05937636363636363
0.00904
0.030818181818181814
0.2455181818181818
0.14916
0.05485636363636363
0.23134181818181818
0.07375818181818182
-0.12758727272727272
0.1469
-0.12758727272727272
-0.07334727272727272
0.10786363636363637
-0.15594
0.039241818181818176
0.014176363636363636
-0.03944727272727273
0.13909272727272726
0.14053090909090907
-0.07149818181818181
0.019518181818181816
0.06595090909090909
-0.06533454545454545
0.15532363636363636
0.11320545454545454
-0.04746
0.04540545454545454
0.002876363636363636
-0.07540181818181818
0.10272727272727272
-0.021778181818181818
0.03554363636363636
0.16970545454545455
-0.04129636363636364
0.09265999999999999
0.14731090909090908
0.07683999999999999
0.07971636363636364
0.12676545454545454
-0.10909636363636364
-0.09204363636363636
0.07560727272727272
-0.07519636363636363
0.07519636363636363
-0.04889818181818182
0.032667272727272725
0.19703090909090906
0.07088181818181817
0.1341618181818182
0.15614545454545453
0.07848363636363635
-0.05876
-0.015203636363636362
-0.12101272727272726
-0.15491272727272726
0.05013090909090909
-0.008218181818181819
-0.09738545454545454
0.07252545454545453
0.01705272727272727
0.03307818181818182
0.23606727272727274
0.0012327272727272727
0.05896545454545454
0.12121818181818181
-0.04746
0.08218181818181818
0.10560363636363636
-0.10087818181818181
-0.015819999999999997
0.12902545454545453
-0.06430727272727273
0.029996363636363634
0.044994545454545454
-0.013354545454545456
0.08238727272727273
0.016847272727272728
-0.012121818181818182
0.07252545454545453
0.12553272727272727
-0.028763636363636363
0.09594727272727273
0.03636545454545455
-0.1360109090909091
0.16600727272727273
0.04807636363636364
-0.11752
0.09861818181818181
-0.027530909090909092
-0.0016436363636363634
0.18901818181818184
-0.03800909090909091
0.10930181818181818
0.15655636363636363
-0.11587636363636362
0.047665454545454546
0.05711636363636363
-0.09944
-0.022805454545454542
0.07971636363636364
-0.09101636363636363
-0.005958181818181818
0.15819999999999998
-0.03944727272727273
0.1586109090909091
0.16436363636363635
-0.08320909090909091
0.11587636363636362
0.09820727272727273
-0.022805454545454542
0.12039636363636362
0.015203636363636362
-0.04725454545454546
0.1284090909090909
0.014587272727272727
-0.03903636363636363
0.1495709090909091
0.016847272727272728
-0.02979090909090909
0.14813272727272728
-0.044994545454545454
-0.020545454545454544
0.10231636363636364
-0.11115090909090909
0.011094545454545454
0.09492
-0.08629090909090908
0.012738181818181817
0.0447890909090909
-0.09389272727272728
0.11053454545454545
0.09163272727272727
-0.09348181818181817
0.22949272727272724
0.14237999999999998
-0.07375818181818182
0.15367999999999998
0.07396363636363636
0.015203636363636362
0.08998909090909091
-0.04109090909090909
-0.013354545454545456
0.1676509090909091
0.013970909090909091
-0.042734545454545456
0.2075090909090909
0.053212727272727266
0.07683999999999999
0.15655636363636363
-0.10190545454545454
0.041912727272727275
0.08115454545454545
-0.11217818181818182
0.003698181818181818
-0.03883090909090909
-0.10909636363636364
0.015614545454545454
-0.007190909090909091
0.001849090909090909
0.07992181818181819
0.06019818181818181
0.011916363636363636
0.09224909090909092
0.03985818181818182
-0.012532727272727272
0.11546545454545454
0.07149818181818181
0.03657090909090909
0.02198363636363636
-0.06122545454545455
0.045610909090909084
0.09533090909090909
-0.01808
0.0741690909090909
0.0967690909090909
-0.006163636363636363
0.08731818181818181
0.037598181818181815
-0.09718
-0.02239454545454545
0.07786727272727272
-0.019107272727272726
-0.08526363636363636
0.07149818181818181
0.03821454545454545
-0.00226
0.10231636363636364
-0.004314545454545455
0.04930909090909091
0.10046727272727272
-0.1076581818181818
0.01705272727272727
0.029996363636363634
-0.13847636363636362
0.10745272727272726
0.08793454545454545
-0.10375454545454545
0.11895818181818181
0.0918381818181818
0.05115818181818182
0.17833454545454544
0.08731818181818181
0.10786363636363637
0.1261490909090909
0.07314181818181818
0.015203636363636362
0.07252545454545453
0.002876363636363636
-0.06266363636363637
0.09512545454545453
-0.08136
0.0069854545454545456
0.14710545454545454
-0.11546545454545454
0.014792727272727272
0.18100545454545455
-0.03410545454545454
0.0918381818181818
0.20401636363636363
-0.06964909090909091
0.09389272727272728
0.06821090909090909
-0.11279454545454545
0.08115454545454545
-0.001849090909090909
-0.034927272727272723
0.1337509090909091
0.042734545454545456
0.017463636363636362
0.19415454545454544
0.014587272727272727
-0.007396363636363636
0.14607818181818183
-0.035749090909090904
-0.08567454545454545
0.06327999999999999
0.006163636363636363
-0.10375454545454545
0.009861818181818182
-0.019518181818181816
0.06636181818181817
0.08218181818181818
0.08403090909090909
0.18881272727272727
0.07601818181818182
-0.019107272727272726
0.03821454545454545
0.05054181818181818
-0.11279454545454545
0.07375818181818182
-0.06512909090909091
-0.1261490909090909
0.015203636363636362
-0.08320909090909091
0.03718727272727273
0.04869272727272727
0.01171090909090909
-0.02527090909090909
0.18018363636363635
0.01992909090909091
0.046432727272727264
0.17052727272727272
-0.07909999999999999
0.04972
-0.02403818181818182
-0.013560000000000001
0.02301090909090909
0.08444181818181817
0.021367272727272728
0.027120000000000002
0.17525272727272728
-0.042529090909090905
0.08505818181818181
0.17997818181818181
-0.08136
0.07314181818181818
0.23134181818181818
-0.12512181818181817
0.06143090909090909
0.07047090909090908
-0.08670181818181817
0.1524472727272727
-0.01766909090909091
0.05198
0.1495709090909091
0.05526727272727273
0.05033636363636364
0.06451272727272726
-0.040063636363636364
-0.06225272727272727
0.047665454545454546
-0.1058090909090909
-0.1224509090909091
0.10601454545454544
0.02342181818181818
-0.03780363636363636
0.15984363636363638
-0.033489090909090906
0.07211454545454546
0.2138781818181818
-0.007190909090909091
0.09101636363636363
0.08793454545454545
-0.03451636363636364
0.04602181818181818
0.08485272727272727
-0.08896181818181817
0.009245454545454545
-0.0020545454545454547
-0.07992181818181819
0.13334
0.05526727272727273
-0.059787272727272724
0.1374490909090909
0.13929818181818182
-0.10190545454545454
0.09265999999999999
0.08793454545454545
-0.05855454545454545
0.04129636363636364
-0.09944
-0.09861818181818181
-0.05341818181818182
-0.0727309090909091
0.08197636363636364
0.10601454545454544
0.006574545454545454
0.1727872727272727
0.14443454545454545
0.006574545454545454
0.12717636363636362
0.06862181818181817
-0.04869272727272727
0.02157272727272727
0.06677272727272728
-0.013560000000000001
0.11546545454545454
0.02568181818181818
0.0402690909090909
0.22497272727272724
-0.07478545454545454
0.06841636363636364
0.17340363636363634
-0.11135636363636363
0.0918381818181818
0.04314545454545454
-0.1483381818181818
0.13190181818181818
0.07232
0.014381818181818181
0.08382545454545455
-0.0024654545454545454
0.04047454545454546
0.06574545454545455
0.03410545454545454
-0.09923454545454545
0.10272727272727272
0.07067636363636363
-0.05814363636363636
0.16354181818181818
-0.07067636363636363
-0.043556363636363636
0.20545454545454545
-0.0918381818181818
-0.16724
0.09081090909090908
-0.007396363636363636
0.015819999999999997
0.07211454545454546
0.06697818181818181
0.1676509090909091
0.10087818181818181
0.08094909090909091
0.052390909090909085
0.08218181818181818
-0.014998181818181817
-0.012943636363636362
0.06019818181818181
-0.12142363636363637
-0.07293636363636363
0.05896545454545454
-0.007807272727272727
0.05115818181818182
0.057527272727272726
-0.04437818181818182
0.07704545454545454
0.027941818181818182
-0.0024654545454545454
0.06389636363636363
0.04807636363636364
-0.041912727272727275
0.10272727272727272
0.14710545454545454
-0.12429999999999998
0.17566363636363633
0.0749909090909091
-0.06389636363636363
0.09861818181818181
-0.1483381818181818
-0.009245454545454545
0.1419690909090909
-0.037598181818181815
0.008012727272727272
0.1483381818181818
0.025887272727272724
0.12347818181818182
0.20730363636363636
-0.010478181818181819
0.0063690909090909084
0.1341618181818182
-0.09656363636363637
-0.05629454545454545
0.17936181818181818
-0.1600490909090909
0.01664181818181818
0.11320545454545454
-0.08526363636363636
0.08526363636363636
-0.0016436363636363634
-0.02527090909090909
0.06677272727272728
-0.01623090909090909
-0.05608909090909091
0.17381454545454544
0.028352727272727273
0.01766909090909091
0.18860727272727273
-0.09368727272727272
-0.06512909090909091
0.15265272727272727
0.06718363636363636
-0.09081090909090908
0.09265999999999999
0.00041090909090909085
0.038625454545454546
0.17833454545454544
0.010272727272727272
0.13683272727272727
0.04437818181818182
-0.033489090909090906
0.07026545454545453
-0.0016436363636363634
-0.12429999999999998
0.07827818181818182
0.041707272727272725
-0.07581272727272727
0.11443818181818181
0.10190545454545454
0.1411472727272727
0.14936545454545455
0.11834181818181817
-0.006163636363636363
0.021778181818181818
-0.061841818181818185
-0.11012363636363637
0.06471818181818181
-0.09512545454545453
-0.0041090909090909095
0.08526363636363636
-0.043350909090909086
0.08320909090909091
0.13991454545454546
0.043350909090909086
0.15491272727272726
0.08115454545454545
-0.04684363636363636
0.06595090909090909
0.07478545454545454
-0.004725454545454545
-0.02403818181818182
0.07909999999999999
-0.015819999999999997
0.048487272727272726
0.042734545454545456
-0.09718
0.11402727272727273
0.02403818181818182
-0.08978363636363636
0.11382181818181818
0.002670909090909091
-0.07478545454545454
0.20422181818181817
0.001438181818181818
-0.0786890909090909
0.1325181818181818
0.002670909090909091
0.001438181818181818
0.07992181818181819
0.007807272727272727
-0.027120000000000002
0.07006
-0.01623090909090909
0.04417272727272727
0.09019454545454544
-0.1148490909090909
0.014792727272727272
0.14381818181818182
-0.11402727272727273
-0.042529090909090905
0.13477818181818182
-0.113
0.08978363636363636
0.13621636363636364
-0.06225272727272727
0.13539454545454546
0.13025818181818183
0.026298181818181814
0.1035490909090909
0.08505818181818181
-0.00226
0.1645690909090909
0.06225272727272727
-0.0940981818181818
0.1415581818181818
0.06595090909090909
-0.11423272727272726
0.10375454545454545
0.02527090909090909
-0.07930545454545455
0.14073636363636363
0.01766909090909091
0.027941818181818182
0.04889818181818182
-0.030407272727272724
0.10087818181818181
0.09594727272727273
-0.05465090909090909
0.003287272727272727
0.10293272727272727
-0.06471818181818181
0.042734545454545456
0.07088181818181817
-0.0020545454545454547
0.12594363636363634
0.08629090909090908
0.012943636363636362
0.10950727272727273
0.055678181818181814
0.011094545454545454
0.1668290909090909
-0.08772909090909091
-0.01890181818181818
0.1653909090909091
-0.03554363636363636
0.045610909090909084
0.13991454545454546
0.013970909090909091
0.017463636363636362
0.17751272727272727
-0.005547272727272727
0.027736363636363635
0.03636545454545455
-0.12594363636363634
0.07232
-0.09820727272727273
-0.18840181818181817
0.06327999999999999
-0.03533818181818182
-0.11135636363636363
0.08937272727272727
0.05259636363636363
0.09697454545454545
0.17854
-0.0024654545454545454
0.01890181818181818
0.16354181818181818
0.034927272727272723
-0.012943636363636362
0.1103290909090909
-0.14402363636363635
-0.030612727272727274
0.10642545454545453
-0.03800909090909091
0.14977636363636362
0.14505090909090906
0.009861818181818182
0.06821090909090909
0.07314181818181818
-0.11649272727272726
0.016847272727272728
0.09019454545454544
-0.07848363636363635
0.0008218181818181817
0.055883636363636364
-0.04150181818181818
0.06122545454545455
0.18531999999999998
-0.021367272727272728
0.07047090909090908
0.08382545454545455
-0.07909999999999999
0.06512909090909091
-0.0067800000000000004
-0.14340727272727272
0.045610909090909084
0.06040363636363636
-0.07992181818181819
0.12265636363636362
0.0904
0.03020181818181818
0.17504727272727272
0.06492363636363636
0.12388909090909091
0.23606727272727274
0.029996363636363634
0.02403818181818182
0.13107999999999997
-0.09142727272727272
-0.043350909090909086
0.03533818181818182
-0.13868181818181818
-0.05280181818181818
0.0339
-0.015203636363636362
0.06410181818181818
0.10991818181818182
0.010272727272727272
0.15943272727272728
0.1479272727272727
-0.07355272727272727
0.11423272727272726
0.027325454545454545
-0.17566363636363633
-0.01890181818181818
-0.0805381818181818
-0.043556363636363636
0.007190909090909091
-0.01808
0.17689636363636363
0.17176
0.021367272727272728
0.09019454545454544
0.20504363636363634
-0.027530909090909092
0.01849090909090909
0.04807636363636364
-0.12306727272727273
0.0402690909090909
-0.08320909090909091
0.005136363636363636
0.10026181818181817
0.0069854545454545456
0.14731090909090908
0.18203272727272726
0.10868545454545453
0.06492363636363636
0.1865527272727273
-0.04109090909090909
-0.09718
0.15655636363636363
-0.06471818181818181
-0.08156545454545455
0.04930909090909091
-0.11053454545454545
0.0039036363636363635
0.054034545454545446
-0.03718727272727273
0.14854363636363635
0.05198
0.033694545454545456
0.1454618181818182
0.05896545454545454
0.03718727272727273
0.028763636363636363
0.03965272727272728
-0.11752
-0.014998181818181817
0.015819999999999997
-0.11731454545454545
0.09964545454545454
0.07149818181818181
0.02979090909090909
0.09060545454545453
0.08834545454545455
0.13436727272727272
0.10827454545454546
0.06718363636363636
0.05115818181818182
0.02691454545454545
0.015409090909090907
-0.05958181818181818
-0.05876
0.012532727272727272
-0.034310909090909086
0.07540181818181818
0.026298181818181814
-0.011505454545454544
0.11115090909090909
0.051569090909090905
0.042734545454545456
-0.010067272727272725
-0.06327999999999999
-0.0452
0.028969090909090906
-0.03533818181818182
-0.02403818181818182
0.07355272727272727
-0.056705454545454545
0.04930909090909091
0.1419690909090909
0.03225636363636363
0.08094909090909091
0.11916363636363636
0.031845454545454545
0.08711272727272727
0.08937272727272727
-0.0030818181818181817
0.1035490909090909
-0.014587272727272727
-0.08444181818181817
0.09492
0.007396363636363636
0.030612727272727274
0.17545818181818182
0.03821454545454545
0.019107272727272726
0.12882
0.07930545454545455
0.04951454545454545
0.08875636363636363
0.012327272727272727
-0.12491636363636363
-0.029585454545454543
-0.1483381818181818
-0.11341090909090909
0.15080363636363636
-0.07211454545454546
0.1035490909090909
0.18984
0.0041090909090909095
0.24859999999999996
0.09101636363636363
-0.014792727272727272
0.19086727272727272
0.008012727272727272
-0.030818181818181814
0.07026545454545453
-0.028558181818181816
-0.03225636363636363
0.07252545454545453
0.053212727272727266
-0.06451272727272726
0.06944363636363636
0.014587272727272727
0.019107272727272726
0.19107272727272728
-0.09800181818181818
0.002670909090909091
0.1366272727272727
-0.10539818181818181
0.11341090909090909
0.10806909090909089
-0.16888363636363635
0.043350909090909086
0.0741690909090909
-0.06985454545454545
0.046432727272727264
0.034927272727272723
0.027120000000000002
0.08279818181818181
0.01992909090909091
-0.031229090909090908
0.13087454545454547
0.012532727272727272
-0.07786727272727272
0.09101636363636363
-0.13005272727272726
0.005752727272727272
0.1103290909090909
0.010683636363636364
0.08074363636363636
0.08074363636363636
0.1653909090909091
0.08896181818181817
0.11813636363636362
0.06430727272727273
0.020545454545454544
0.04417272727272727
-0.1321072727272727
-0.0010272727272727274
-0.016436363636363638
-0.1058090909090909
0.15059818181818183
0.09224909090909092
-0.04109090909090909
0.07047090909090908
0.07047090909090908
0.03410545454545454
0.07026545454545453
0.03225636363636363
-0.014381818181818181
0.1171090909090909
0.02527090909090909
0.0012327272727272727
0.15470727272727272
0.05177454545454545
0.012327272727272727
0.06821090909090909
-0.04828181818181818
-0.1247109090909091
0.1035490909090909
-0.046432727272727264
-0.04314545454545454
0.18162181818181816
-0.06759454545454545
0.054034545454545446
0.23504
0.005136363636363636
0.05814363636363636
0.16189818181818183
-0.09697454545454545
0.01623090909090909
0.059787272727272724
-0.15635090909090907
0.03513272727272727
0.11012363636363637
-0.04930909090909091
0.026298181818181814
0.1257381818181818
-0.06225272727272727
0.10375454545454545
0.10704181818181817
-0.10046727272727272
0.13334
-0.04396727272727272
-0.06451272727272726
0.17504727272727272
-0.06122545454545455
-0.018285454545454546
0.11238363636363637
-0.1261490909090909
0.05485636363636363
0.14525636363636363
-0.05013090909090909
0.10519272727272726
0.1360109090909091
0.045816363636363634
0.10375454545454545
0.17895090909090908
0.015203636363636362
0.09656363636363637
0.06553999999999999
-0.08834545454545455
0.13868181818181818
-0.09553636363636364
-0.10683636363636365
0.16888363636363635
-0.0113
0.03451636363636364
0.18984
0.0226
0.06759454545454545
0.04972
-0.10457636363636363
-0.02444909090909091
-0.0226
0.0016436363636363634
-0.0010272727272727274
0.04622727272727272
-0.028969090909090906
0.027530909090909092
0.10149454545454545
-0.05444545454545455
0.23709454545454545
0.1058090909090909
-0.0967690909090909
0.1610763636363636
0.038419999999999996
-0.0749909090909091
0.07786727272727272
0.007190909090909091
-0.07478545454545454
0.08731818181818181
-0.03205090909090909
-0.040885454545454544
0.09163272727272727
-0.016847272727272728
-0.011505454545454544
0.08485272727272727
0.011505454545454544
0.03944727272727273
0.15984363636363638
-0.03554363636363636
0.02403818181818182
0.2025781818181818
-0.02691454545454545
-0.08464727272727272
0.1351890909090909
0.0034927272727272728
-0.05608909090909091
0.10909636363636364
-0.03451636363636364
0.03780363636363636
0.05341818181818182
-0.007601818181818181
0.11156181818181818
0.00945090909090909
-0.008012727272727272
0.11053454545454545
0.05793818181818181
-0.1351890909090909
0.09800181818181818
0.14340727272727272
-0.10724727272727272
0.13231272727272728
0.10971272727272725
-0.001438181818181818
0.13477818181818182
0.05259636363636363
0.018285454545454546
0.10786363636363637
0.019312727272727273
0.08567454545454545
0.11053454545454545
-0.08546909090909091
0.008834545454545454
0.09615272727272728
-0.008423636363636364
-0.05095272727272727
0.10457636363636363
-0.02362727272727273
-0.017874545454545452
0.15409090909090908
-0.12820363636363635
0.04109090909090909
0.05896545454545454
-0.13087454545454547
0.1366272727272727
0.013354545454545456
-0.05732181818181818
0.15491272727272726
0.03205090909090909
0.00226
0.11690363636363636
0.034310909090909086
0.05691090909090909
0.12409454545454546
-0.0016436363636363634
-0.01705272727272727
0.07149818181818181
0.01890181818181818
0.06081454545454545
0.09265999999999999
-0.02609272727272727
0.051569090909090905
0.09450909090909092
0.04602181818181818
0.07334727272727272
0.059170909090909087
0.007807272727272727
0.04746
0.10930181818181818
-0.04684363636363636
0.07663454545454546
0.05814363636363636
-0.12409454545454546
0.012327272727272727
-0.09574181818181818
-0.020545454545454544
0.0727309090909091
-0.019518181818181816
0.03307818181818182
0.08423636363636364
0.02218909090909091
0.05896545454545454
0.19538727272727272
0.06677272727272728
0.051569090909090905
0.1193690909090909
0.03636545454545455
-0.01623090909090909
0.05814363636363636
0.028147272727272726
0.04930909090909091
0.11053454545454545
-0.0447890909090909
0.059170909090909087
0.06923818181818181
0.00041090909090909085
0.04150181818181818
-0.04150181818181818
-0.09985090909090909
-0.04150181818181818
0.08156545454545455
-0.024654545454545453
0.06553999999999999
0.08526363636363636
0.012943636363636362
0.14854363636363635
0.0041090909090909095
-0.04828181818181818
0.029585454545454543
-0.06307454545454545
-0.07971636363636364
0.04725454545454546
-0.05300727272727272
-0.026298181818181814
0.11690363636363636
0.02979090909090909
0.11074
0.13395636363636362
-0.02116181818181818
0.11053454545454545
0.22887636363636363
-0.08526363636363636
0.07827818181818182
0.15922727272727272
-0.10663090909090908
0.10601454545454544
0.04294
-0.03821454545454545
0.012738181818181817
0.037598181818181815
-0.06369090909090909
0.0339
0.042734545454545456
-0.13724363636363635
0.27161090909090907
0.027941818181818182
-0.09142727272727272
0.23894363636363636
0.011094545454545454
-0.04787090909090909
0.12306727272727273
-0.07149818181818181
-0.06882727272727272
0.19970181818181817
-0.014176363636363636
0.12902545454545453
0.16292545454545454
0.007396363636363636
0.13087454545454547
0.12039636363636362
-0.014998181818181817
0.019723636363636363
0.11998545454545453
-0.17792363636363634
0.031023636363636364
0.0063690909090909084
-0.18203272727272726
0.1713490909090909
0.09964545454545454
0.06636181818181817
0.20956363636363634
0.04417272727272727
0.07807272727272727
0.20627636363636362
-0.06533454545454545
0.004725454545454545
0.04232363636363636
-0.07293636363636363
-0.07334727272727272
0.03800909090909091
0.017874545454545452
-0.11916363636363636
0.11197272727272727
-0.13539454545454546
0.0024654545454545454
0.13888727272727272
-0.026298181818181814
0.10868545454545453
0.02342181818181818
0.03883090909090909
0.011094545454545454
0.06163636363636363
-0.07437454545454546
0.008834545454545454
0.005136363636363636
-0.13272363636363635
0.07088181818181817
0.02938
0.01623090909090909
0.018696363636363636
0.11998545454545453
0.08588
0.07088181818181817
0.02362727272727273
0.09820727272727273
0.17422545454545454
-0.11546545454545454
-0.01808
0.08752363636363636
-0.04910363636363636
0.02116181818181818
0.21983636363636364
-0.013765454545454546
0.04458363636363636
0.14710545454545454
0.009656363636363637
0.10745272727272726
-0.033489090909090906
-0.1419690909090909
-0.05465090909090909
0.09574181818181818
-0.16559636363636362
0.05793818181818181
0.17833454545454544
-0.14895454545454545
0.16498
0.14936545454545455
0.05526727272727273
0.17710181818181817
0.1088909090909091
-0.003698181818181818
0.15203636363636364
-0.005136363636363636
-0.01808
0.17011636363636362
-0.09019454545454544
-0.04930909090909091
0.05115818181818182
0.032667272727272725
0.0041090909090909095
0.17093818181818182
0.001438181818181818
0.013970909090909091
0.17319818181818183
-0.04828181818181818
0.15409090909090908
0.0452
-0.09985090909090909
0.0020545454545454547
-0.06862181818181817
-0.20093454545454545
0.025065454545454544
0.04684363636363636
-0.11628727272727273
0.21120727272727272
0.08670181818181817
0.012738181818181817
0.1791563636363636
0.06677272727272728
0.003698181818181818
0.10519272727272726
-0.00041090909090909085
-0.03246181818181818
0.1337509090909091
0.005136363636363636
0.04129636363636364
0.07396363636363636
0.03718727272727273
0.04622727272727272
0.07314181818181818
-0.06923818181818181
-0.005547272727272727
0.07807272727272727
-0.16210363636363637
0.08978363636363636
-0.040063636363636364
-0.05711636363636363
0.18347090909090907
0.01849090909090909
0.06595090909090909
0.046432727272727264
0.02342181818181818
0.033489090909090906
0.04807636363636364
0.03205090909090909
0.030818181818181814
0.09512545454545453
0.031229090909090908
-0.010067272727272725
0.12060181818181817
0.05259636363636363
-0.014792727272727272
0.05013090909090909
-0.06985454545454545
0.04396727272727272
-0.010683636363636364
0.007190909090909091
0.15203636363636364
0.05444545454545455
0.05341818181818182
0.13395636363636362
0.17196545454545456
-0.0113
0.07170363636363636
0.03472181818181818
-0.0967690909090909
0.01705272727272727
-0.09101636363636363
-0.08218181818181818
0.05198
-0.0034927272727272728
-0.004314545454545455
0.1017
0.025887272727272724
0.06225272727272727
0.11546545454545454
-0.001438181818181818
-0.003287272727272727
0.14628363636363637
0.10991818181818182
0.00945090909090909
0.12861454545454545
0.005547272727272727
0.032872727272727276
0.10457636363636363
-0.12594363636363634
-0.06862181818181817
0.019107272727272726
-0.10827454545454546
0.057527272727272726
0.038419999999999996
-0.0727309090909091
0.2188090909090909
0.10334363636363636
0.03698181818181818
0.15347454545454545
0.08259272727272728
-0.029996363636363634
0.12060181818181817
0.07232
-0.18778545454545456
0.08998909090909091
0.011916363636363636
-0.011505454545454544
0.13025818181818183
-0.023216363636363632
-0.013354545454545456
0.12039636363636362
-0.012327272727272727
-0.045610909090909084
0.11115090909090909
-0.12902545454545453
-0.001438181818181818
0.13785999999999998
-0.06964909090909091
0.05013090909090909
0.13272363636363635
-0.07067636363636363
0.041912727272727275
0.08649636363636364
-0.06636181818181817
0.21572727272727274
0.10005636363636364
-0.032667272727272725
0.20072909090909088
0.043556363636363636
-0.02527090909090909
0.1608709090909091
0.008012727272727272
-0.1017
0.08608545454545455
-0.06821090909090909
-0.10930181818181818
0.11916363636363636
0.014792727272727272
0.03636545454545455
0.20833090909090907
0.016847272727272728
0.09122181818181817
0.17360909090909088
-0.16292545454545454
0.004725454545454545
0.033694545454545456
-0.19970181818181817
-0.012943636363636362
0.03903636363636363
-0.06225272727272727
0.042734545454545456
0.10046727272727272
0.05937636363636363
0.23031454545454547
0.12080727272727272
0.00862909090909091
0.1510090909090909
0.04211818181818182
-0.0067800000000000004
0.12101272727272726
0.00452
-0.08526363636363636
0.13724363636363635
-0.017463636363636362
-0.10642545454545453
0.14299636363636362
0.04376181818181818
-0.016436363636363638
0.1103290909090909
-0.05218545454545454
-0.036776363636363635
0.13683272727272727
-0.04602181818181818
0.07766181818181818
0.1261490909090909
-0.08259272727272728
0.12080727272727272
0.14936545454545455
-0.08300363636363636
0.06595090909090909
0.13334
-0.1366272727272727
0.02342181818181818
0.09759090909090909
-0.07560727272727272
-0.0039036363636363635
0.025887272727272724
0.005752727272727272
-0.0016436363636363634
-0.04602181818181818
-0.08444181818181817
0.11567090909090909
0.0339
-0.08156545454545455
0.20812545454545453
0.08444181818181817
-0.0565
0.2364781818181818
0.07704545454545454
-0.051569090909090905
0.2149054545454545
-0.0063690909090909084
0.03307818181818182
0.08259272727272728
-0.10868545454545453
0.06574545454545455
-0.027530909090909092
-0.04540545454545454
0.09101636363636363
-0.031639999999999995
-0.03903636363636363
0.08546909090909091
0.11916363636363636
-0.01808
0.001849090909090909
0.12594363636363634
-0.08136
0.06410181818181818
0.15450181818181818
-0.11012363636363637
0.1193690909090909
0.056705454545454545
-0.027325454545454545
0.17977272727272728
-0.008423636363636364
0.10622
0.18470363636363635
-0.06307454545454545
0.1125890909090909
0.1103290909090909
-0.06327999999999999
0.08218181818181818
0.04211818181818182
-0.003698181818181818
0.07232
0.049925454545454544
0.05300727272727272
0.15532363636363636
0.027736363636363635
0.016847272727272728
0.20278363636363633
-0.042734545454545456
0.07601818181818182
0.15388545454545455
-0.16662363636363633
-0.06553999999999999
0.012943636363636362
-0.07375818181818182
-0.07396363636363636
-0.040885454545454544
-0.035749090909090904
0.012738181818181817
0.05937636363636363
0.004314545454545455
0.09718
0.13785999999999998
-0.005547272727272727
0.10827454545454546
0.11834181818181817
-0.08136
0.12676545454545454
0.08362
-0.16066545454545456
0.05814363636363636
0.06533454545454545
0.03246181818181818
0.11793090909090909
0.04951454545454545
0.09985090909090909
0.01623090909090909
-0.08711272727272727
0.03944727272727273
-0.03739272727272727
-0.1284090909090909
-0.01171090909090909
0.09368727272727272
-0.00041090909090909085
-0.02691454545454545
0.17977272727272728
0.06718363636363636
-0.024654545454545453
0.1035490909090909
0.007396363636363636
-0.009861818181818182
0.0895781818181818
-0.05033636363636364
0.031023636363636364
0.10067272727272727
-0.06019818181818181
0.1939490909090909
0.11094545454545454
-0.09430363636363637
0.19312727272727273
0.11834181818181817
-0.04314545454545454
0.14279090909090908
0.10313818181818181
-0.06574545454545455
0.0940981818181818
0.09861818181818181
-0.06122545454545455
0.03410545454545454
0.03821454545454545
-0.018285454545454546
0.06492363636363636
-0.0067800000000000004
-0.021778181818181818
0.17258181818181817
0.0538290909090909
-0.005136363636363636
0.18388181818181817
-0.012532727272727272
-0.06266363636363637
0.13539454545454546
-0.14073636363636363
-0.12655999999999998
0.05095272727272727
-0.1341618181818182
0.07848363636363635
0.11628727272727273
-0.027941818181818182
0.18326545454545454
0.1261490909090909
0.052390909090909085
0.2136727272727273
0.026298181818181814
-0.11669818181818181
0.10724727272727272
-0.01664181818181818
-0.15409090909090908
0.06410181818181818
0.026298181818181814
-0.05341818181818182
0.19025090909090905
0.10375454545454545
0.016025454545454544
0.20401636363636363
-0.009656363636363637
0.012943636363636362
0.07930545454545455
-0.15881636363636362
0.05444545454545455
0.1631309090909091
-0.13888727272727272
-0.012738181818181817
0.1216290909090909
-0.06040363636363636
0.08526363636363636
0.1370381818181818
0.004725454545454545
0.04150181818181818
0.04807636363636364
0.07334727272727272
0.11854727272727272
-0.03718727272727273
-0.05876
0.11567090909090909
-0.04458363636363636
-0.11423272727272726
0.1247109090909091
0.05218545454545454
-0.06574545454545455
0.10293272727272727
0.05711636363636363
0.01992909090909091
0.19271636363636363
0.11279454545454545
0.04376181818181818
0.08197636363636364
-0.029174545454545453
0.01623090909090909
0.1171090909090909
-0.09944
-0.02239454545454545
0.11341090909090909
-0.09224909090909092
0.09307090909090908
0.17628
-0.03739272727272727
0.08937272727272727
0.06040363636363636
-0.14443454545454545
0.0030818181818181817
-0.021367272727272728
-0.14073636363636363
0.035954545454545454
0.04746
-0.07827818181818182
0.08629090909090908
0.10375454545454545
-0.04787090909090909
0.24531272727272724
0.05773272727272727
-0.1171090909090909
0.21675454545454545
-0.04458363636363636
-0.013149090909090907
0.19970181818181817
-0.041707272727272725
0.01766909090909091
0.10108363636363636
-0.047665454545454546
0.05526727272727273
0.09635818181818182
-0.06081454545454545
0.04972
0.05958181818181818
-0.043350909090909086
0.1325181818181818
0.11464363636363636
-0.12368363636363637
0.07088181818181817
0.13025818181818183
-0.1633363636363636
-0.03636545454545455
-0.02979090909090909
-0.07745636363636363
0.11382181818181818
0.04746
0.07827818181818182
0.2153163636363636
0.07252545454545453
0.09327636363636364
0.2751036363636364
-0.043556363636363636
0.0041090909090909095
0.23339636363636362
-0.08814
0.0
0.08259272727272728
-0.02034
0.058349090909090906
0.017463636363636362
0.04725454545454546
0.059787272727272724
-0.01849090909090909
0.07149818181818181
0.09389272727272728
-0.07827818181818182
-0.05732181818181818
0.12080727272727272
0.029996363636363634
-0.07437454545454546
0.07540181818181818
-0.00020545454545454542
-0.032667272727272725
0.05876
-0.040885454545454544
0.10149454545454545
0.054034545454545446
-0.03307818181818182
0.1645690909090909
0.001438181818181818
-0.0010272727272727274
0.14053090909090907
0.028763636363636363
-0.05793818181818181
-0.007396363636363636
0.011916363636363636
-0.06266363636363637
0.07951090909090908
0.05711636363636363
0.0447890909090909
0.14279090909090908
0.00862909090909091
0.10601454545454544
0.10067272727272727
-0.10108363636363636
-0.008423636363636364
0.10026181818181817
-0.06923818181818181
-0.09800181818181818
0.05608909090909091
-0.01664181818181818
0.06615636363636364
0.14936545454545455
0.010683636363636364
0.05280181818181818
0.08094909090909091
-0.02568181818181818
0.09286545454545453
0.058349090909090906
-0.08814
0.09101636363636363
0.13580545454545453
0.02239454545454545
0.05095272727272727
0.14813272727272728
-0.005341818181818182
0.04417272727272727
-0.002670909090909091
-0.1826490909090909
0.14012
0.011505454545454544
-0.08855090909090908
0.17751272727272727
0.045816363636363634
0.059170909090909087
0.21408363636363634
0.05300727272727272
0.02527090909090909
0.12738181818181818
-0.048487272727272726
-0.10560363636363636
0.1171090909090909
-0.04889818181818182
-0.14012
0.15799454545454544
-0.040885454545454544
0.011916363636363636
0.18634727272727272
-0.03821454545454545
0.10478181818181817
0.09882363636363636
-0.07519636363636363
0.05341818181818182
0.0452
-0.055678181818181814
0.06944363636363636
0.03246181818181818
-0.12676545454545454
0.06636181818181817
0.07170363636363636
-0.12532727272727273
0.17977272727272728
0.15039272727272726
-0.00945090909090909
0.21059090909090908
-0.01664181818181818
0.08690727272727272
0.19148363636363636
-0.09985090909090909
0.05341818181818182
0.07909999999999999
-0.13950363636363636
-0.10046727272727272
0.06738909090909091
-0.03307818181818182
0.07560727272727272
0.19600363636363635
0.035954545454545454
0.12512181818181817
0.09471454545454545
0.02218909090909091
0.05218545454545454
-0.02342181818181818
-0.08567454545454545
0.006574545454545454
-0.05341818181818182
-0.07396363636363636
0.14381818181818182
0.045610909090909084
-0.02568181818181818
0.13785999999999998
0.13272363636363635
0.010889090909090909
0.10416545454545453
0.08197636363636364
0.005752727272727272
0.07047090909090908
-0.08115454545454545
0.014792727272727272
0.038419999999999996
-0.03780363636363636
0.11197272727272727
0.03739272727272727
-0.050747272727272724
0.008834545454545454
0.15080363636363636
-0.002876363636363636
-0.01808
0.16415818181818181
-0.01890181818181818
-0.0041090909090909095
0.08588
-0.013765454545454546
0.018285454545454546
0.05691090909090909
-0.06656727272727272
0.07252545454545453
0.04746
-0.09307090909090908
0.15840545454545454
0.008834545454545454
-0.08998909090909091
0.13642181818181817
0.033489090909090906
-0.026298181818181814
0.10437090909090908
0.013765454545454546
-0.08423636363636364
0.03657090909090909
0.04417272727272727
0.02075090909090909
0.09163272727272727
0.030818181818181814
0.05444545454545455
0.17422545454545454
-0.00226
0.09019454545454544
0.2504490909090909
-0.034927272727272723
0.03307818181818182
0.11957454545454545
-0.04314545454545454
0.02486
0.07108727272727272
-0.030407272727272724
0.03554363636363636
0.02013454545454545
-0.06964909090909091
0.13642181818181817
0.00226
-0.013560000000000001
0.17381454545454544
-0.06266363636363637
-0.09430363636363637
0.08875636363636363
0.04211818181818182
-0.04684363636363636
0.07683999999999999
0.04930909090909091
0.0069854545454545456
0.07170363636363636
0.08341454545454545
0.12450545454545454
0.08896181818181817
0.02403818181818182
0.07992181818181819
0.05465090909090909
-0.13190181818181818
0.10601454545454544
0.07232
-0.1356
0.13334
0.02609272727272727
-0.024243636363636363
0.11217818181818182
0.06040363636363636
0.10334363636363636
0.07683999999999999
-0.02239454545454545
0.1103290909090909
0.13477818181818182
-0.12101272727272726
-0.012121818181818182
0.05793818181818181
-0.1871690909090909
-0.006163636363636363
0.1035490909090909
-0.17607454545454546
-0.02239454545454545
0.12676545454545454
-0.008218181818181819
0.0904
0.09635818181818182
0.09101636363636363
0.17689636363636363
0.1017
0.03657090909090909
0.12943636363636363
0.003287272727272727
-0.11115090909090909
0.15203636363636364
0.043350909090909086
-0.10190545454545454
0.20155090909090906
0.1454618181818182
-0.08177090909090909
0.12861454545454545
0.04129636363636364
-0.07478545454545454
0.036776363636363635
-0.09265999999999999
0.001438181818181818
0.0538290909090909
-0.012738181818181817
0.07396363636363636
0.11464363636363636
0.003698181818181818
0.10868545454545453
0.23627272727272725
-0.04746
-0.06923818181818181
0.10971272727272725
-0.13950363636363636
-0.10416545454545453
0.113
-0.17340363636363634
0.08156545454545455
0.17525272727272728
-0.10087818181818181
0.19477090909090908
0.10087818181818181
0.01992909090909091
0.21757636363636362
0.03554363636363636
-0.09656363636363637
0.12368363636363637
0.00226
-0.12861454545454545
0.13991454545454546
-0.05054181818181818
-0.13991454545454546
0.1532690909090909
-0.008218181818181819
-0.11053454545454545
0.20072909090909088
0.013560000000000001
0.028352727272727273
0.19785272727272726
-0.07129272727272727
0.13457272727272726
0.10005636363636364
-0.18531999999999998
-0.008218181818181819
0.016847272727272728
-0.13046363636363634
0.06204727272727273
0.09738545454545454
-0.015614545454545454
0.15902181818181815
0.12039636363636362
0.053212727272727266
0.1721709090909091
0.08279818181818181
-0.032667272727272725
0.10991818181818182
-0.06759454545454545
-0.06553999999999999
0.14053090909090907
-0.0940981818181818
0.08197636363636364
0.22209636363636362
0.039241818181818176
0.14381818181818182
0.19148363636363636
0.05855454545454545
-0.0041090909090909095
-0.008834545454545454
0.029996363636363634
-0.0470490909090909
-0.07211454545454546
-0.04396727272727272
-0.004725454545454545
0.03821454545454545
-0.08916727272727272
0.15018727272727272
0.06143090909090909
-0.06266363636363637
0.18799090909090907
0.06636181818181817
0.06882727272727272
0.06903272727272727
0.04889818181818182
0.062458181818181815
-0.03780363636363636
-0.028147272727272726
0.02938
-0.0786890909090909
-0.05115818181818182
0.02650363636363636
-0.04047454545454546
-0.07971636363636364
0.01664181818181818
0.1840872727272727
-0.054034545454545446
0.10950727272727273
0.1791563636363636
-0.05033636363636364
0.11669818181818181
0.042734545454545456
0.03636545454545455
-0.02116181818181818
-0.03616
0.07786727272727272
0.01664181818181818
-0.034927272727272723
0.09718
0.16662363636363633
-0.015819999999999997
-0.06369090909090909
0.04889818181818182
0.03472181818181818
-0.1723763636363636
-0.00452
-0.019312727272727273
-0.08505818181818181
0.10971272727272725
0.07683999999999999
0.12635454545454544
0.06923818181818181
0.1370381818181818
0.23504
0.17402
0.0063690909090909084
0.05691090909090909
0.11423272727272726
-0.04746
0.04129636363636364
0.08012727272727273
-0.04232363636363636
-0.10252181818181817
0.0741690909090909
0.04376181818181818
0.05198
0.06204727272727273
-0.01623090909090909
0.12882
0.03636545454545455
-0.045816363636363634
0.11628727272727273
0.05999272727272727
-0.15080363636363636
0.07519636363636363
-0.05711636363636363
-0.21305636363636363
0.10046727272727272
0.06882727272727272
0.07252545454545453
0.10293272727272727
0.08341454545454545
0.12512181818181817
0.17093818181818182
0.023216363636363632
0.043350909090909086
0.1351890909090909
-0.1224509090909091
0.037598181818181815
0.1148490909090909
-0.10005636363636364
0.03965272727272728
0.11690363636363636
-0.03800909090909091
0.031845454545454545
0.06512909090909091
-0.0402690909090909
0.11382181818181818
0.03698181818181818
-0.10190545454545454
0.03410545454545454
-0.027325454545454545
0.042734545454545456
0.18121090909090906
-0.12779272727272725
-0.03965272727272728
0.12820363636363635
-0.0764290909090909
0.12286181818181818
0.05711636363636363
-0.0113
0.06101999999999999
-0.01890181818181818
0.09923454545454545
0.035749090909090904
0.056705454545454545
0.05341818181818182
0.08649636363636364
0.05732181818181818
-0.08033272727272728
0.11238363636363637
0.07458
0.021778181818181818
0.15799454545454544
0.031845454545454545
0.008423636363636364
0.14772181818181818
0.018696363636363636
0.00020545454545454542
-0.005958181818181818
-0.11135636363636363
-0.030612727272727274
-0.009861818181818182
-0.03616
-0.06862181818181817
0.10293272727272727
0.09224909090909092
0.020545454545454544
0.10149454545454545
-0.031639999999999995
0.1216290909090909
0.1881963636363636
-0.003698181818181818
0.040885454545454544
0.14484545454545456
0.005136363636363636
0.06040363636363636
0.15922727272727272
-0.09964545454545454
-0.049925454545454544
0.013354545454545456
-0.10806909090909089
-0.06019818181818181
0.0041090909090909095
-0.03739272727272727
0.08197636363636364
0.10868545454545453
0.00041090909090909085
0.26215999999999995
0.14443454545454545
0.09820727272727273
0.22826000000000002
-0.08793454545454545
0.00226
0.08793454545454545
-0.04787090909090909
-0.028147272727272726
-0.01808
-0.10642545454545453
0.010889090909090909
0.13724363636363635
-0.06759454545454545
0.027736363636363635
0.07581272727272727
-0.02979090909090909
0.06738909090909091
0.0764290909090909
0.00226
0.09286545454545453
0.03307818181818182
-0.03739272727272727
0.10149454545454545
-0.01766909090909091
0.03636545454545455
0.20442727272727274
0.04807636363636364
-0.029585454545454543
0.14874909090909091
-0.011505454545454544
0.05013090909090909
0.2368890909090909
-0.09430363636363637
0.07622363636363635
0.03246181818181818
-0.1247109090909091
0.10601454545454544
-0.042529090909090905
-0.1419690909090909
0.03307818181818182
0.09512545454545453
0.010683636363636364
0.18490909090909088
0.12882
0.018285454545454546
0.20442727272727274
-0.009245454545454545
-0.18121090909090906
0.05773272727272727
-0.013560000000000001
-0.1528581818181818
0.04930909090909091
-0.0727309090909091
-0.07047090909090908
0.12265636363636362
0.05444545454545455
0.12717636363636362
0.18881272727272727
0.06656727272727272
0.09820727272727273
0.1713490909090909
-0.03944727272727273
-0.015614545454545454
0.04746
-0.08033272727272728
0.0016436363636363634
0.04109090909090909
-0.07334727272727272
0.06143090909090909
0.11156181818181818
-0.07848363636363635
0.1337509090909091
0.09286545454545453
0.009656363636363637
0.1984690909090909
0.003287272727272727
-0.05937636363636363
0.1337509090909091
0.11854727272727272
-0.06143090909090909
0.029996363636363634
0.06759454545454545
-0.05773272727272727
0.08444181818181817
-0.0034927272727272728
-0.07786727272727272
0.14381818181818182
-0.024654545454545453
-0.05999272727272727
0.17484181818181818
-0.03698181818181818
-0.0039036363636363635
0.1637472727272727
-0.03903636363636363
-0.04889818181818182
0.07663454545454546
0.025476363636363634
0.048487272727272726
0.12779272727272725
0.0006163636363636364
0.13683272727272727
0.1524472727272727
-0.04294
0.14874909090909091
0.10786363636363637
-0.10971272727272725
0.06369090909090909
0.007807272727272727
-0.15717272727272727
0.055061818181818184
0.0020545454545454547
-0.07519636363636363
0.028558181818181816
0.03020181818181818
0.020545454545454544
0.1329290909090909
0.03513272727272727
-0.03739272727272727
0.17545818181818182
-0.09060545454545453
0.0012327272727272727
0.15655636363636363
-0.10991818181818182
0.08259272727272728
0.06964909090909091
-0.00452
0.17011636363636362
0.0764290909090909
0.030612727272727274
0.13107999999999997
0.05054181818181818
0.012943636363636362
0.0805381818181818
0.00945090909090909
-0.05054181818181818
0.14135272727272727
-0.014792727272727272
-0.12121818181818181
0.20278363636363633
0.02403818181818182
0.019312727272727273
0.17319818181818183
0.03616
0.05876
0.08156545454545455
0.06800545454545455
0.05773272727272727
0.0452
-0.07951090909090908
-0.07129272727272727
-0.007396363636363636
-0.07992181818181819
-0.029996363636363634
0.056705454545454545
-0.0030818181818181817
0.030407272727272724
0.17032181818181816
0.02527090909090909
0.13868181818181818
0.14587272727272727
0.010272727272727272
0.18285454545454544
-0.04746
-0.08320909090909091
0.08526363636363636
-0.005752727272727272
0.0020545454545454547
0.034927272727272723
0.09861818181818181
0.04889818181818182
0.03307818181818182
0.07704545454545454
-0.06533454545454545
0.007190909090909091
-0.03513272727272727
-0.1351890909090909
0.08649636363636364
-0.07519636363636363
-0.045816363636363634
0.22045272727272727
-0.023216363636363632
0.04150181818181818
0.1633363636363636
-0.05054181818181818
0.05485636363636363
0.08978363636363636
-0.09512545454545453
-0.012121818181818182
0.033694545454545456
0.005341818181818182
0.0628690909090909
0.07355272727272727
-0.038625454545454546
0.04232363636363636
0.1881963636363636
-0.030818181818181814
0.17648545454545456
0.08300363636363636
-0.1454618181818182
0.21572727272727274
0.029174545454545453
0.030407272727272724
0.19189454545454546
-0.03513272727272727
0.00945090909090909
0.10991818181818182
-0.007396363636363636
-0.03143454545454545
0.04787090909090909
-0.008423636363636364
0.04828181818181818
0.11875272727272726
-0.06266363636363637
0.09019454545454544
0.18490909090909088
-0.14402363636363635
0.04376181818181818
-0.005958181818181818
-0.1678563636363636
0.18326545454545454
-0.011094545454545454
-0.05793818181818181
0.19600363636363635
0.03965272727272728
0.10005636363636364
0.20360545454545456
0.007396363636363636
0.0895781818181818
0.18223818181818183
-0.05485636363636363
-0.03554363636363636
0.051569090909090905
-0.15018727272727272
-0.030818181818181814
0.14916
-0.13765454545454545
0.1341618181818182
0.2165490909090909
-0.0749909090909091
0.21223454545454545
-0.04951454545454545
-0.06101999999999999
0.14135272727272727
-0.07971636363636364
-0.041707272727272725
-0.00452
-0.0008218181818181817
-0.016436363636363638
0.08115454545454545
-0.06903272727272727
0.028763636363636363
0.2251781818181818
-0.1171090909090909
0.04376181818181818
0.25085999999999997
-0.03020181818181818
-0.030407272727272724
0.12409454545454546
-0.043350909090909086
-0.010478181818181819
0.06307454545454545
-0.059787272727272724
0.011916363636363636
0.006574545454545454
0.0069854545454545456
0.13909272727272726
0.08567454545454545
-0.01890181818181818
0.18285454545454544
0.12799818181818182
0.00226
0.1483381818181818
0.04396727272727272
-0.05547272727272727
0.032667272727272725
0.05218545454545454
-0.05136363636363636
0.06410181818181818
0.11443818181818181
0.04150181818181818
0.1419690909090909
0.040885454545454544
-0.006163636363636363
0.09204363636363636
-0.10663090909090908
-0.12101272727272726
0.06512909090909091
-0.16128181818181817
-0.07930545454545455
0.14628363636363637
-0.05259636363636363
0.04376181818181818
0.20011272727272728
0.041912727272727275
0.17751272727272727
0.20668727272727272
-0.08731818181818181
0.10437090909090908
0.1012890909090909
-0.04150181818181818
0.09820727272727273
0.03410545454545454
-0.09286545454545453
-0.02301090909090909
0.09615272727272728
-0.08567454545454545
0.05629454545454545
0.10293272727272727
-0.1216290909090909
0.07745636363636363
0.019312727272727273
-0.08546909090909091
0.17073272727272726
0.03533818181818182
-0.11361636363636363
0.07396363636363636
-0.12532727272727273
-0.06718363636363636
0.11094545454545454
-0.02342181818181818
0.05855454545454545
0.14422909090909092
0.08320909090909091
0.09697454545454545
0.22949272727272724
0.027736363636363635
0.11916363636363636
0.17689636363636363
-0.11279454545454545
0.05526727272727273
0.041707272727272725
0.02403818181818182
0.113
-0.042529090909090905
-0.012327272727272727
0.13539454545454546
0.04068
0.038625454545454546
0.09224909090909092
0.0
-0.009861818181818182
0.06677272727272728
0.036776363636363635
-0.07601818181818182
0.1555290909090909
0.022805454545454542
-0.05115818181818182
0.12060181818181817
-0.056705454545454545
0.08423636363636364
0.09635818181818182
-0.01890181818181818
0.037598181818181815
0.011916363636363636
-0.003698181818181818
0.10868545454545453
-0.0069854545454545456
-0.019723636363636363
0.04437818181818182
-0.028763636363636363
0.08259272727272728
-0.041707272727272725
0.011094545454545454
0.09019454545454544
0.04109090909090909
0.07334727272727272
0.07396363636363636
0.12142363636363637
0.017874545454545452
0.016847272727272728
0.08382545454545455
-0.0990290909090909
-0.09861818181818181
0.03821454545454545
-0.10313818181818181
-0.02075090909090909
0.03800909090909091
0.031229090909090908
0.11772545454545454
0.052390909090909085
0.04746
0.10663090909090908
0.10950727272727273
-0.06574545454545455
0.09882363636363636
0.09553636363636364
-0.10519272727272726
0.13642181818181817
0.14587272727272727
-0.020956363636363638
0.03020181818181818
0.027941818181818182
-0.055678181818181814
0.08300363636363636
-0.008423636363636364
-0.09635818181818182
0.05691090909090909
0.004930909090909091
0.015409090909090907
0.17854
0.060609090909090904
0.006163636363636363
0.2825
0.01766909090909091
0.008012727272727272
0.18614181818181816
-0.12820363636363635
0.0339
0.09348181818181817
-0.1337509090909091
0.0067800000000000004
0.11587636363636362
-0.06595090909090909
0.06101999999999999
0.07889454545454545
-0.10046727272727272
0.11608181818181817
0.01992909090909091
-0.06656727272727272
0.1148490909090909
-0.028969090909090906
-0.10272727272727272
0.21305636363636363
0.012943636363636362
-0.12984727272727273
0.22538363636363634
0.041912727272727275
0.05198
0.15450181818181818
0.01808
0.10026181818181817
0.11752
-0.03985818181818182
0.06882727272727272
0.13046363636363634
-0.18614181818181816
0.03965272727272728
0.08731818181818181
-0.16703454545454544
0.02444909090909091
0.04889818181818182
-0.020545454545454544
0.08444181818181817
0.09450909090909092
0.05259636363636363
0.17936181818181818
-0.02979090909090909
-0.04294
0.14977636363636362
-0.12327272727272726
-0.02979090909090909
0.10396
-0.014176363636363636
-0.03800909090909091
0.035954545454545454
0.08588
0.03143454545454545
0.11464363636363636
0.09348181818181817
0.07375818181818182
0.05773272727272727
-0.019107272727272726
0.13909272727272726
0.05341818181818182
-0.09861818181818181
0.08731818181818181
0.018285454545454546
-0.09307090909090908
0.06553999999999999
0.051569090909090905
0.0447890909090909
0.11895818181818181
-0.02116181818181818
0.014998181818181817
0.08444181818181817
0.03800909090909091
0.02034
0.06821090909090909
0.0741690909090909
-0.036776363636363635
0.12676545454545454
-0.034927272727272723
-0.03718727272727273
0.14381818181818182
-0.17093818181818182
-0.06327999999999999
0.1035490909090909
-0.07149818181818181
0.03554363636363636
0.16128181818181817
-0.02301090909090909
0.013560000000000001
0.052390909090909085
0.036776363636363635
0.09615272727272728
0.02486
0.023216363636363632
0.06677272727272728
0.051569090909090905
-0.07067636363636363
0.16662363636363633
0.14299636363636362
-0.05198
0.1840872727272727
0.027736363636363635
-0.06348545454545454
0.12019090909090908
0.03636545454545455
-0.08177090909090909
-0.01664181818181818
-0.1076581818181818
0.0339
0.12491636363636363
-0.08238727272727273
0.12738181818181818
0.08875636363636363
-0.05711636363636363
0.03985818181818182
0.16046
0.01171090909090909
-0.028969090909090906
0.16354181818181818
-0.06163636363636363
0.009245454545454545
0.11567090909090909
0.006574545454545454
0.13847636363636362
0.06266363636363637
-0.05711636363636363
0.16949999999999998
-0.003287272727272727
-0.0764290909090909
0.21305636363636363
-0.0727309090909091
-0.08546909090909091
0.07889454545454545
0.009245454545454545
0.09759090909090909
0.18490909090909088
0.04540545454545454
-0.05732181818181818
0.12943636363636363
0.02670909090909091
0.03780363636363636
0.12080727272727272
-0.030818181818181814
0.07190909090909091
0.03205090909090909
-0.12368363636363637
0.029996363636363634
0.00862909090909091
-0.14587272727272727
-0.031229090909090908
-0.01808
0.007190909090909091
0.06821090909090909
0.04746
0.1171090909090909
0.15367999999999998
0.06636181818181817
0.12409454545454546
0.13827090909090908
0.07478545454545454
0.06553999999999999
-0.10272727272727272
-0.09779636363636364
-0.030612727272727274
0.1088909090909091
0.015409090909090907
0.010889090909090909
0.20278363636363633
0.022805454545454542
0.0470490909090909
-0.028763636363636363
-0.05095272727272727
0.033694545454545456
-0.04396727272727272
-0.05444545454545455
-0.007601818181818181
0.09430363636363637
0.07745636363636363
0.13498363636363636
0.10848000000000001
0.055678181818181814
0.08670181818181817
0.03225636363636363
-0.05793818181818181
0.013970909090909091
0.002670909090909091
-0.15594
0.06143090909090909
-0.00904
-0.05259636363636363
0.1727872727272727
0.04602181818181818
0.12019090909090908
0.2025781818181818
0.02034
0.07190909090909091
0.1292309090909091
0.036776363636363635
0.028558181818181816
0.02342181818181818
-0.023832727272727273
-0.08814
0.06204727272727273
-0.059170909090909087
-0.10498727272727272
0.13107999999999997
-0.1076581818181818
0.07745636363636363
0.17011636363636362
-0.07540181818181818
0.17833454545454544
0.09327636363636364
-0.09923454545454545
0.08793454545454545
-0.023832727272727273
-0.13005272727272726
0.038625454545454546
-0.02609272727272727
-0.02116181818181818
0.08423636363636364
0.08259272727272728
0.11567090909090909
0.1894290909090909
0.07108727272727272
0.02362727272727273
0.14258545454545454
-0.011916363636363636
-0.02198363636363636
0.01623090909090909
-0.1076581818181818
-0.062458181818181815
0.09759090909090909
-0.025476363636363634
0.08875636363636363
0.24243636363636362
0.02362727272727273
0.22004181818181817
0.07170363636363636
-0.07601818181818182
0.14525636363636363
0.0226
-0.04930909090909091
-0.04910363636363636
-0.0565
0.03513272727272727
0.03903636363636363
-0.04869272727272727
0.0678
0.1555290909090909
0.05444545454545455
0.007807272727272727
0.13991454545454546
0.06553999999999999
0.051569090909090905
0.11895818181818181
-0.07211454545454546
-0.013765454545454546
0.009861818181818182
-0.035749090909090904
0.01849090909090909
0.04725454545454546
-0.06019818181818181
0.01725818181818182
0.13272363636363635
-0.018696363636363636
0.06718363636363636
0.1528581818181818
0.04211818181818182
0.1193690909090909
0.11752
-0.09635818181818182
0.09861818181818181
-0.03636545454545455
-0.05465090909090909
0.09553636363636364
-0.15059818181818183
0.008218181818181819
0.08156545454545455
0.05300727272727272
-0.04622727272727272
0.10231636363636364
0.0678
-0.10971272727272725
0.051569090909090905
-0.13888727272727272
-0.07190909090909091
0.03020181818181818
-0.11587636363636362
0.07601818181818182
0.20607090909090908
-0.12224545454545453
0.14587272727272727
0.3079763636363636
-0.03225636363636363
0.2533254545454545
0.10046727272727272
-0.05793818181818181
0.17997818181818181
0.031845454545454545
-0.16128181818181817
0.06225272727272727
0.006574545454545454
-0.17032181818181816
0.1257381818181818
-0.007601818181818181
-0.051569090909090905
0.1374490909090909
0.13498363636363636
0.010272727272727272
0.10539818181818181
0.027736363636363635
-0.027325454545454545
0.18223818181818183
-0.17792363636363634
-0.05526727272727273
0.08136
-0.10293272727272727
0.041912727272727275
0.10642545454545453
0.06143090909090909
0.1957981818181818
0.18634727272727272
0.036776363636363635
0.22682181818181818
0.07190909090909091
0.02301090909090909
0.12060181818181817
-0.03944727272727273
-0.062458181818181815
0.05896545454545454
-0.05300727272727272
-0.07951090909090908
0.14053090909090907
-0.10149454545454545
0.02239454545454545
0.16066545454545456
0.006163636363636363
0.1035490909090909
0.05444545454545455
-0.06636181818181817
0.060609090909090904
0.11341090909090909
-0.12861454545454545
0.032667272727272725
0.058349090909090906
-0.1017
-0.023216363636363632
0.06225272727272727
0.0904
0.07478545454545454
0.02568181818181818
-0.009245454545454545
0.09779636363636364
-0.02157272727272727
0.06738909090909091
0.12676545454545454
-0.07704545454545454
-0.03883090909090909
0.10046727272727272
0.009245454545454545
-0.03944727272727273
0.16662363636363633
0.006574545454545454
0.03616
0.14977636363636362
0.029174545454545453
0.1479272727272727
0.007396363636363636
-0.09512545454545453
0.1193690909090909
-0.055883636363636364
-0.18326545454545454
0.05485636363636363
0.05341818181818182
-0.051569090909090905
-0.00020545454545454542
0.12183454545454545
0.040063636363636364
0.08567454545454545
0.1532690909090909
0.007807272727272727
0.15183090909090907
0.06410181818181818
-0.031845454545454545
0.17504727272727272
-0.046432727272727264
-0.09800181818181818
0.23195818181818179
-0.04951454545454545
-0.14731090909090908
0.08444181818181817
-0.049925454545454544
0.05177454545454545
0.07047090909090908
-0.02403818181818182
0.05999272727272727
0.11895818181818181
0.06553999999999999
0.07252545454545453
0.16949999999999998
-0.013970909090909091
0.08814
0.15819999999999998
-0.14402363636363635
0.04787090909090909
0.1193690909090909
-0.12306727272727273
0.04232363636363636
0.01664181818181818
-0.1479272727272727
0.11341090909090909
0.05608909090909091
-0.07293636363636363
0.09450909090909092
-0.06595090909090909
-0.03718727272727273
0.16621272727272726
-0.05280181818181818
0.014998181818181817
0.15840545454545454
-0.06615636363636364
0.08362
0.2075090909090909
-0.056705454545454545
0.05526727272727273
0.2903072727272727
-0.017463636363636362
0.010683636363636364
0.16292545454545454
-0.004314545454545455
0.14135272727272727
0.016847272727272728
-0.13087454545454547
0.07232
0.028969090909090906
-0.10601454545454544
0.06553999999999999
-0.005136363636363636
-0.0764290909090909
0.1637472727272727
0.05937636363636363
0.02403818181818182
0.18306
0.04972
-0.08341454545454545
0.05341818181818182
-0.0727309090909091
0.013149090909090907
0.07683999999999999
-0.12121818181818181
0.05629454545454545
0.02198363636363636
-0.0030818181818181817
0.039241818181818176
0.17155454545454543
0.08177090909090909
-0.013149090909090907
0.1261490909090909
-0.030612727272727274
0.05300727272727272
0.027530909090909092
-0.04458363636363636
0.028763636363636363
-0.005341818181818182
-0.08423636363636364
0.08259272727272728
0.10087818181818181
-0.07581272727272727
0.11772545454545454
0.07930545454545455
0.03328363636363636
0.05115818181818182
0.06656727272727272
0.05115818181818182
0.03513272727272727
0.002876363636363636
-0.00226
0.11690363636363636
-0.06677272727272728
0.06122545454545455
0.10622
-0.04602181818181818
-0.031229090909090908
0.04294
0.04211818181818182
-0.045816363636363634
0.09718
-0.07478545454545454
0.08382545454545455
0.21963090909090907
-0.12019090909090908
0.1296418181818182
0.14402363636363635
-0.05341818181818182
0.19333272727272727
0.027325454545454545
-0.0470490909090909
0.18429272727272727
0.014587272727272727
0.042734545454545456
0.09985090909090909
-0.012121818181818182
0.05485636363636363
0.12758727272727272
-0.005341818181818182
-0.08464727272727272
0.10108363636363636
-0.09307090909090908
-0.11197272727272727
0.14731090909090908
-0.04068
-0.004725454545454545
0.11772545454545454
-0.02301090909090909
0.07396363636363636
0.06944363636363636
-0.0805381818181818
0.1483381818181818
0.06800545454545455
-0.1957981818181818
0.09450909090909092
0.09615272727272728
-0.11361636363636363
0.20072909090909088
0.08382545454545455
-0.10334363636363636
0.1686781818181818
0.06944363636363636
0.007396363636363636
0.03903636363636363
-0.034310909090909086
-0.0226
0.04663818181818182
-0.012738181818181817
0.06369090909090909
0.16970545454545455
-0.040063636363636364
0.09841272727272728
0.17114363636363633
-0.02979090909090909
0.11772545454545454
0.0339
-0.10457636363636363
0.14751636363636364
-0.02444909090909091
-0.0678
0.08423636363636364
-0.08896181818181817
-0.05896545454545454
0.03451636363636364
-0.008218181818181819
-0.04663818181818182
0.14258545454545454
0.010272727272727272
-0.02527090909090909
0.25085999999999997
0.030818181818181814
0.11649272727272726
0.2631872727272727
0.02239454545454545
0.09492
0.03739272727272727
-0.10396
0.09019454545454544
0.030612727272727274
0.01849090909090909
0.08978363636363636
0.035954545454545454
0.044994545454545454
0.0
0.09615272727272728
-0.10211090909090909
-0.04376181818181818
0.04150181818181818
-0.2070981818181818
0.08752363636363636
0.04746
-0.00020545454545454542
0.22435636363636363
0.04972
0.05259636363636363
0.17032181818181816
0.03307818181818182
-0.01664181818181818
0.010889090909090909
-0.09882363636363636
-0.10622
0.038419999999999996
-0.09265999999999999
-0.01664181818181818
0.25887272727272725
-0.07129272727272727
0.07375818181818182
0.3110581818181818
-0.08485272727272727
0.03225636363636363
0.22189090909090908
-0.06163636363636363
-0.04417272727272727
0.1370381818181818
-0.06697818181818181
0.06410181818181818
0.08259272727272728
-0.14176363636363634
0.11361636363636363
0.04725454545454546
-0.09594727272727273
0.0940981818181818
0.06821090909090909
-0.04725454545454546
0.12203999999999998
0.11464363636363636
-0.03780363636363636
0.05732181818181818
-0.008834545454545454
-0.07540181818181818
0.03328363636363636
-0.04684363636363636
-0.045610909090909084
0.15532363636363636
0.020545454545454544
0.19867454545454544
0.18614181818181816
-0.0069854545454545456
0.2794181818181818
0.05095272727272727
0.009656363636363637
0.08772909090909091
-0.04663818181818182
-0.12676545454545454
-0.04602181818181818
-0.007601818181818181
-0.113
0.14751636363636364
0.09861818181818181
-0.001438181818181818
0.1325181818181818
0.15265272727272727
0.024654545454545453
0.06944363636363636
0.006163636363636363
-0.07848363636363635
0.09142727272727272
-0.11176727272727273
0.001849090909090909
0.08608545454545455
-0.01849090909090909
-0.012327272727272727
0.03780363636363636
0.09286545454545453
0.041912727272727275
0.11752
-0.035954545454545454
0.10005636363636364
-0.009656363636363637
-0.08218181818181818
0.14073636363636363
-0.06553999999999999
-0.020545454545454544
0.04972
0.016847272727272728
-0.09697454545454545
0.05095272727272727
0.08731818181818181
-0.04232363636363636
0.11854727272727272
0.07170363636363636
0.11854727272727272
0.14320181818181818
0.02979090909090909
0.04807636363636364
0.13087454545454547
-0.12902545454545453
-0.11628727272727273
0.16580181818181816
-0.04910363636363636
-0.08649636363636364
0.12039636363636362
0.09594727272727273
0.011916363636363636
0.15367999999999998
0.045816363636363634
-0.004725454545454545
-0.03780363636363636
-0.15532363636363636
0.07437454545454546
-0.0039036363636363635
-0.06533454545454545
0.1374490909090909
0.10622
-0.02239454545454545
0.18306
0.24181999999999998
0.08362
0.14566727272727273
0.028558181818181816
-0.050747272727272724
0.07992181818181819
0.03616
-0.09430363636363637
0.09656363636363637
-0.06081454545454545
-0.21757636363636362
0.17258181818181817
0.015614545454545454
-0.026298181818181814
0.17114363636363633
-0.06553999999999999
0.005547272727272727
0.13231272727272728
-0.039241818181818176
0.0565
0.062458181818181815
-0.05341818181818182
0.00226
-0.06821090909090909
-0.09389272727272728
0.03698181818181818
0.09224909090909092
-0.013765454545454546
0.12655999999999998
0.1766909090909091
0.012943636363636362
0.1623090909090909
0.11998545454545453
0.05300727272727272
0.1957981818181818
-0.10971272727272725
-0.09553636363636364
0.2093581818181818
-0.08300363636363636
-0.002670909090909091
0.06410181818181818
-0.09779636363636364
0.14012
0.05054181818181818
-0.06122545454545455
0.06964909090909091
0.0764290909090909
-0.027941818181818182
0.017463636363636362
0.05732181818181818
-0.02362727272727273
0.15450181818181818
0.07478545454545454
-0.10108363636363636
0.06389636363636363
0.01725818181818182
0.02362727272727273
0.1623090909090909
-0.04663818181818182
0.024654545454545453
0.11320545454545454
-0.003698181818181818
0.1682672727272727
0.07170363636363636
-0.04294
0.039241818181818176
0.059170909090909087
-0.01849090909090909
0.005136363636363636
0.08074363636363636
0.005752727272727272
0.05547272727272727
0.07047090909090908
-0.005136363636363636
0.05218545454545454
0.11731454545454545
-0.045610909090909084
0.05444545454545455
0.03246181818181818
-0.16292545454545454
0.05341818181818182
-0.007807272727272727
-0.047665454545454546
0.035954545454545454
-0.01725818181818182
0.03636545454545455
0.06903272727272727
-0.003698181818181818
0.04129636363636364
0.17977272727272728
0.017874545454545452
-0.06266363636363637
0.1495709090909091
0.02486
-0.04314545454545454
0.24223090909090908
-0.03965272727272728
-0.05526727272727273
0.1058090909090909
-0.1397090909090909
0.05177454545454545
0.08485272727272727
-0.07067636363636363
0.013765454545454546
0.14710545454545454
-0.03718727272727273
0.15059818181818183
0.2790072727272727
-0.10786363636363637
0.2455181818181818
0.10375454545454545
-0.20607090909090908
0.10909636363636364
-0.04150181818181818
-0.10457636363636363
0.07006
-0.08033272727272728
-0.06019818181818181
0.1623090909090909
0.04889818181818182
0.02013454545454545
0.12142363636363637
0.023216363636363632
0.0012327272727272727
0.15450181818181818
-0.06636181818181817
-0.02342181818181818
0.21593272727272728
-0.10827454545454546
0.002670909090909091
0.11669818181818181
-0.05115818181818182
0.12820363636363635
0.1653909090909091
0.012532727272727272
0.10313818181818181
0.07334727272727272
0.001438181818181818
0.15532363636363636
-0.0016436363636363634
-0.047665454545454546
0.08156545454545455
-0.08855090909090908
-0.08218181818181818
0.08320909090909091
-0.0565
-0.014998181818181817
0.11382181818181818
-0.040063636363636364
0.11341090909090909
0.10231636363636364
0.007396363636363636
0.14874909090909091
0.036776363636363635
-0.11135636363636363
-0.04376181818181818
0.08136
-0.07745636363636363
-0.05485636363636363
0.04807636363636364
-0.036776363636363635
-0.00226
0.0918381818181818
0.12491636363636363
0.14731090909090908
0.08094909090909091
-0.00904
0.19045636363636362
0.002876363636363636
-0.0895781818181818
0.13827090909090908
-0.04910363636363636
-0.06451272727272726
0.10498727272727272
0.028147272727272726
-0.010889090909090909
0.11669818181818181
0.07889454545454545
0.017463636363636362
0.04807636363636364
0.06677272727272728
0.05547272727272727
0.055678181818181814
-0.023832727272727273
0.02075090909090909
0.10560363636363636
-0.14340727272727272
0.0904
0.18121090909090906
-0.13991454545454546
0.07704545454545454
0.11977999999999998
-0.10539818181818181
0.02938
0.11115090909090909
-0.0538290909090909
0.032872727272727276
0.04294
0.03020181818181818
0.09492
0.02486
0.024243636363636363
0.12820363636363635
0.03472181818181818
-0.10231636363636364
0.18347090909090907
0.017874545454545452
-0.009656363636363637
0.20052363636363635
-0.02157272727272727
0.005958181818181818
0.07766181818181818
0.028969090909090906
-0.035749090909090904
-0.00904
-0.0895781818181818
-0.04930909090909091
0.07848363636363635
-0.03780363636363636
0.010067272727272725
0.10848000000000001
-0.02650363636363636
0.09081090909090908
0.1631309090909091
-0.11094545454545454
0.11094545454545454
0.09122181818181817
-0.08341454545454545
0.08382545454545455
-0.016847272727272728
0.06143090909090909
0.18860727272727273
0.05300727272727272
-0.0226
0.15470727272727272
0.0628690909090909
-0.010478181818181819
0.1454618181818182
-0.056705454545454545
-0.036776363636363635
0.09615272727272728
-0.05958181818181818
0.011916363636363636
0.13621636363636364
-0.014381818181818181
0.12142363636363637
0.10231636363636364
-0.01664181818181818
0.14731090909090908
0.05773272727272727
0.043350909090909086
0.14710545454545454
0.0402690909090909
-0.08403090909090909
0.05095272727272727
-0.044994545454545454
-0.11628727272727273
0.045816363636363634
-0.07314181818181818
-0.07170363636363636
0.00945090909090909
-0.02157272727272727
0.002876363636363636
0.17484181818181818
0.09533090909090909
0.027120000000000002
0.21675454545454545
0.013560000000000001
0.05547272727272727
0.17032181818181816
-0.033489090909090906
-0.07930545454545455
-0.03657090909090909
0.0039036363636363635
-0.04684363636363636
0.10950727272727273
0.027736363636363635
0.0678
0.18141636363636363
-0.18675818181818182
-0.011094545454545454
0.050747272727272724
-0.07581272727272727
0.02198363636363636
-0.02609272727272727
0.06533454545454545
0.06163636363636363
0.10745272727272726
0.08464727272727272
0.07766181818181818
0.13683272727272727
-0.042529090909090905
0.09553636363636364
0.011505454545454544
-0.15347454545454545
0.07992181818181819
-0.05773272727272727
-0.08279818181818181
0.10827454545454546
0.0008218181818181817
0.13231272727272728
0.2093581818181818
0.013970909090909091
0.10046727272727272
0.18429272727272727
0.005547272727272727
0.11074
0.1682672727272727
-0.12697090909090908
0.10149454545454545
0.1356
-0.14012
0.027120000000000002
0.003698181818181818
-0.10313818181818181
0.07170363636363636
-0.021778181818181818
-0.11053454545454545
0.2034
0.05177454545454545
-0.02650363636363636
0.14299636363636362
-0.04540545454545454
-0.027120000000000002
0.06697818181818181
-0.09718
-0.057527272727272726
0.11793090909090909
-0.10683636363636365
0.1193690909090909
0.2153163636363636
-0.039241818181818176
0.22271272727272726
0.16292545454545454
0.054034545454545446
0.06471818181818181
-0.040885454545454544
-0.08772909090909091
0.023832727272727273
-0.09738545454545454
-0.1713490909090909
0.11156181818181818
-0.060609090909090904
0.031023636363636364
0.26791272727272725
0.0678
0.06677272727272728
0.1257381818181818
-0.03616
0.003698181818181818
-0.00452
-0.08526363636363636
0.10005636363636364
-0.02013454545454545
-0.06697818181818181
0.06492363636363636
0.09635818181818182
0.0226
0.12902545454545453
0.17196545454545456
-0.031845454545454545
0.13334
0.003287272727272727
0.019723636363636363
0.15306363636363635
-0.11279454545454545
0.0039036363636363635
0.06369090909090909
-0.08916727272727272
0.0538290909090909
0.08300363636363636
-0.04787090909090909
0.03533818181818182
0.08814
0.08526363636363636
0.03246181818181818
0.1370381818181818
0.12224545454545453
0.08752363636363636
0.1464890909090909
-0.12224545454545453
0.10149454545454545
0.11998545454545453
-0.14895454545454545
0.04828181818181818
0.044994545454545454
-0.10231636363636364
0.055678181818181814
0.10683636363636365
-0.08752363636363636
0.025887272727272724
0.05095272727272727
-0.047665454545454546
-0.07129272727272727
-0.07581272727272727
-0.07519636363636363
0.10334363636363636
-0.00020545454545454542
-0.07663454545454546
0.29955272727272725
0.061841818181818185
0.060609090909090904
0.26873454545454545
0.08875636363636363
0.025476363636363634
0.08300363636363636
0.0008218181818181817
-0.10396
0.08998909090909091
-0.02979090909090909
-0.10334363636363636
0.03328363636363636
-0.04047454545454546
-0.017463636363636362
0.040885454545454544
-0.01890181818181818
0.07108727272727272
0.08218181818181818
-0.10313818181818181
0.11279454545454545
0.08752363636363636
-0.025887272727272724
0.1723763636363636
-0.00041090909090909085
-0.12717636363636362
0.0226
-0.0012327272727272727
0.012943636363636362
0.12450545454545454
0.025476363636363634
0.11895818181818181
0.16806181818181817
0.06430727272727273
0.1224509090909091
0.18059454545454545
0.047665454545454546
-0.013354545454545456
0.11361636363636363
-0.06697818181818181
0.012738181818181817
0.16580181818181816
-0.005341818181818182
-0.001849090909090909
-0.010889090909090909
-0.04068
0.1415581818181818
0.10868545454545453
-0.04807636363636364
0.07478545454545454
-0.06143090909090909
-0.03698181818181818
0.11977999999999998
0.007807272727272727
-0.02239454545454545
0.013354545454545456
0.043350909090909086
-0.033489090909090906
0.02362727272727273
0.08279818181818181
0.1569672727272727
0.08444181818181817
-0.0895781818181818
0.07951090909090908
0.13231272727272728
0.008423636363636364
0.08978363636363636
0.08300363636363636
-0.1454618181818182
-0.038625454545454546
0.07909999999999999
0.06533454545454545
0.013765454545454546
-0.04109090909090909
0.08546909090909091
0.10663090909090908
-0.012738181818181817
-0.035749090909090904
0.19333272727272727
-0.06327999999999999
-0.10745272727272726
0.10950727272727273
-0.13621636363636364
-0.08875636363636363
0.04129636363636364
0.1247109090909091
0.010067272727272725
0.004314545454545455
0.09163272727272727
0.07149818181818181
0.16806181818181817
0.05526727272727273
0.017874545454545452
0.09512545454545453
-0.07026545454545453
0.023216363636363632
0.17402
-0.08855090909090908
0.06964909090909091
0.10005636363636364
-0.11752
-0.04458363636363636
0.010067272727272725
0.013765454545454546
0.05115818181818182
0.10601454545454544
-0.0565
0.08033272727272728
0.18531999999999998
0.1012890909090909
0.22764363636363635
0.09779636363636364
-0.08629090909090908
0.0727309090909091
0.044994545454545454
-0.09512545454545453
0.060609090909090904
-0.060609090909090904
-0.13868181818181818
0.013765454545454546
-0.033694545454545456
-0.003287272727272727
0.1284090909090909
0.05259636363636363
0.03225636363636363
0.10231636363636364
-0.05896545454545454
0.07375818181818182
0.23154727272727274
-0.058349090909090906
0.0
0.10108363636363636
-0.08567454545454545
0.09512545454545453
0.13128545454545454
0.01766909090909091
0.14073636363636363
0.05033636363636364
0.02218909090909091
0.10868545454545453
0.008834545454545454
-0.05177454545454545
0.11834181818181817
-0.01664181818181818
-0.1610763636363636
0.08998909090909091
-0.015409090909090907
-0.00226
0.10272727272727272
0.025065454545454544
0.03020181818181818
0.12902545454545453
0.10868545454545453
0.11977999999999998
0.16641818181818183
-0.13272363636363635
0.04746
-0.008834545454545454
-0.1803890909090909
0.05711636363636363
-0.04951454545454545
-0.05773272727272727
0.02301090909090909
0.00904
0.02979090909090909
0.1766909090909091
0.08362
0.056705454545454545
0.1637472727272727
0.019107272727272726
0.03554363636363636
0.09635818181818182
0.013354545454545456
-0.07766181818181818
0.04951454545454545
-0.05341818181818182
-0.04458363636363636
0.12203999999999998
-0.06266363636363637
0.0628690909090909
0.11320545454545454
-0.004930909090909091
0.029585454545454543
0.07786727272727272
0.010478181818181819
0.011094545454545454
0.037598181818181815
-0.08752363636363636
0.06964909090909091
0.08115454545454545
-0.01705272727272727
0.08279818181818181
0.015203636363636362
-0.08012727272727273
0.08423636363636364
0.09327636363636364
-0.05937636363636363
0.11156181818181818
0.043556363636363636
-0.027941818181818182
0.1573781818181818
0.013970909090909091
0.02198363636363636
0.21079636363636362
0.015409090909090907
-0.029996363636363634
0.15881636363636362
-0.08382545454545455
-0.019312727272727273
0.20011272727272728
-0.02218909090909091
0.03328363636363636
0.11834181818181817
0.012943636363636362
0.04150181818181818
0.10704181818181817
-0.11464363636363636
-0.03944727272727273
0.07622363636363635
-0.15984363636363638
0.13128545454545454
0.10704181818181817
-0.07951090909090908
0.22086363636363635
0.1610763636363636
-0.050747272727272724
0.05485636363636363
0.05444545454545455
-0.01623090909090909
0.09697454545454545
-0.09142727272727272
-0.07540181818181818
0.15491272727272726
-0.04684363636363636
0.00862909090909091
0.2093581818181818
-0.040063636363636364
0.05013090909090909
0.24613454545454547
-0.10560363636363636
-0.06101999999999999
0.01890181818181818
-0.07437454545454546
0.054240000000000003
0.008218181818181819
0.03965272727272728
0.07704545454545454
0.062458181818181815
0.07992181818181819
0.16724
0.02342181818181818
-0.06163636363636363
0.1836763636363636
-0.04663818181818182
-0.06163636363636363
0.08752363636363636
-0.07355272727272727
-0.014176363636363636
-0.015819999999999997
-0.09820727272727273
0.02362727272727273
0.040885454545454544
-0.06574545454545455
0.08875636363636363
0.11382181818181818
-0.018696363636363636
0.12039636363636362
0.17936181818181818
0.02362727272727273
0.1058090909090909
0.11916363636363636
0.04807636363636364
0.01705272727272727
-0.11587636363636362
0.04807636363636364
0.1012890909090909
0.03472181818181818
0.09985090909090909
0.12039636363636362
0.10396
-0.0069854545454545456
-0.002876363636363636
-0.025476363636363634
-0.0786890909090909
0.031023636363636364
-0.05937636363636363
-0.04396727272727272
0.1257381818181818
0.04376181818181818
0.12183454545454545
0.16025454545454546
0.007190909090909091
0.10519272727272726
0.08156545454545455
-0.08300363636363636
-0.00452
0.011916363636363636
-0.1261490909090909
-0.010683636363636364
0.14751636363636364
0.001438181818181818
0.039241818181818176
0.15840545454545454
0.038419999999999996
0.15840545454545454
0.14607818181818183
-0.0967690909090909
0.13847636363636362
0.009656363636363637
-0.12758727272727272
0.0628690909090909
-0.09635818181818182
-0.0006163636363636364
0.06348545454545454
-0.06944363636363636
-0.07129272727272727
0.07930545454545455
-0.005958181818181818
-0.005958181818181818
0.14607818181818183
-0.028558181818181816
0.07170363636363636
0.1464890909090909
-0.019107272727272726
-0.0063690909090909084
0.042734545454545456
-0.12553272727272727
0.036776363636363635
0.12779272727272725
-0.1713490909090909
0.10642545454545453
0.1682672727272727
0.03985818181818182
0.2751036363636364
0.1645690909090909
0.03800909090909091
0.18552545454545455
0.02342181818181818
-0.10375454545454545
0.02444909090909091
-0.14607818181818183
-0.09101636363636363
0.03985818181818182
-0.040063636363636364
0.03780363636363636
0.16724
0.1999072727272727
0.10293272727272727
0.19497636363636361
0.02650363636363636
-0.014587272727272727
0.11423272727272726
-0.1284090909090909
0.07190909090909091
-0.01766909090909091
-0.16395272727272728
0.1370381818181818
-0.02301090909090909
-0.05732181818181818
0.17093818181818182
0.10786363636363637
0.006574545454545454
0.07067636363636363
0.03944727272727273
-0.031845454545454545
0.04787090909090909
0.03225636363636363
-0.08608545454545455
0.055678181818181814
-0.062458181818181815
-0.06410181818181818
0.2494218181818182
-0.08238727272727273
-0.032667272727272725
0.16559636363636362
-0.0008218181818181817
0.07519636363636363
0.07314181818181818
0.06512909090909091
0.032667272727272725
0.12882
0.007190909090909091
-0.06944363636363636
0.09820727272727273
-0.09327636363636364
-0.027120000000000002
0.07088181818181817
-0.09718
-0.012943636363636362
0.14484545454545456
-0.07293636363636363
0.10313818181818181
0.14751636363636364
-0.15491272727272726
0.14731090909090908
-0.040063636363636364
-0.18121090909090906
0.10806909090909089
0.021367272727272728
-0.02979090909090909
0.19086727272727272
0.08896181818181817
0.014792727272727272
0.27469272727272726
0.16292545454545454
0.07601818181818182
0.1865527272727273
0.04725454545454546
-0.17052727272727272
0.22538363636363634
0.08300363636363636
-0.26893999999999996
0.20463272727272727
-0.10642545454545453
-0.1721709090909091
0.15532363636363636
-0.014792727272727272
0.08012727272727273
0.055061818181818184
-0.07211454545454546
0.10067272727272727
0.11279454545454545
-0.0786890909090909
0.12635454545454544
0.07458
-0.13580545454545453
-0.007601818181818181
0.0020545454545454547
-0.10498727272727272
0.08423636363636364
0.15450181818181818
0.031845454545454545
0.17977272727272728
-0.013560000000000001
0.1653909090909091
0.23134181818181818
-0.0565
0.07478545454545454
0.10539818181818181
-0.05855454545454545
-0.10683636363636365
0.09594727272727273
-0.06677272727272728
0.07930545454545455
0.07848363636363635
-0.10437090909090908
0.17196545454545456
0.019723636363636363
-0.009245454545454545
0.0904
-0.08649636363636364
-0.05218545454545454
0.11341090909090909
-0.0452
-0.00452
0.03472181818181818
-0.018696363636363636
0.06882727272727272
0.06512909090909091
0.05300727272727272
0.028558181818181816
0.16046
-0.03451636363636364
0.1017
0.10396
-0.07786727272727272
0.18614181818181816
0.07930545454545455
0.016847272727272728
-0.029996363636363634
0.08855090909090908
0.00020545454545454542
0.07992181818181819
0.007807272727272727
-0.09985090909090909
0.12286181818181818
-0.04294
0.17792363636363634
-0.08670181818181817
0.11423272727272726
0.05547272727272727
-0.0452
0.13395636363636362
-0.2391490909090909
0.20483818181818178
-0.11012363636363637
0.12717636363636362
0.05773272727272727
-0.09430363636363637
0.15121454545454543
-0.10478181818181817
0.22538363636363634
-0.06122545454545455
0.13539454545454546
-0.06615636363636364
0.06800545454545455
0.08978363636363636
-0.08238727272727273
0.19970181818181817
-0.041912727272727275
0.11998545454545453
-0.1314909090909091
0.04047454545454546
-0.1419690909090909
0.08423636363636364
0.059787272727272724
-0.05465090909090909
0.26215999999999995
-0.16066545454545456
0.1510090909090909
0.22641090909090908
0.21059090909090908
-0.09964545454545454
0.19066181818181818
0.05547272727272727
-0.1653909090909091
0.13395636363636362
-0.12553272727272727
0.04294
-0.10642545454545453
0.031023636363636364
-0.08300363636363636
0.1360109090909091
-0.031023636363636364
0.09533090909090909
0.23031454545454547
-0.2929781818181818
0.24428545454545453
0.0678
0.01705272727272727
0.06266363636363637
0.09718
-0.014998181818181817
0.11053454545454545
0.10601454545454544
-0.02075090909090909
0.31044181818181815
-0.028352727272727273
0.13128545454545454
0.09820727272727273
-0.0041090909090909095
-0.05773272727272727
0.16415818181818181
-0.05732181818181818
-0.2025781818181818
0.18593636363636362
-0.2527090909090909
0.031023636363636364
0.06944363636363636
-0.09122181818181817
0.04869272727272727
0.1314909090909091
0.055061818181818184
0.14073636363636363
0.17545818181818182
0.045816363636363634
0.1836763636363636
-0.016436363636363638
-0.06369090909090909
-0.07827818181818182
0.041912727272727275
-0.23052
0.02938
-0.00452
-0.09574181818181818
0.1600490909090909
-0.046432727272727264
0.2153163636363636
0.025887272727272724
0.17176
0.006574545454545454
0.14916
-0.07889454545454545
-0.02938
0.24880545454545452
-0.30119636363636365
0.2455181818181818
-0.07704545454545454
0.022805454545454542
0.02301090909090909
-0.010067272727272725
0.2650363636363636
-0.09656363636363637
0.15676181818181817
0.00020545454545454542
0.03307818181818182
-0.013560000000000001
-0.06738909090909091
0.06738909090909091
0.07190909090909091
-0.20792
0.18490909090909088
0.19127818181818182
-0.21860363636363636
0.36694181818181815
-0.10396
0.028352727272727273
0.06327999999999999
0.02342181818181818
0.2278490909090909
-0.00452
0.0904
0.001849090909090909
0.1808
-0.16641818181818183
0.012943636363636362
0.14032545454545453
-0.07930545454545455
-0.034310909090909086
0.14258545454545454
0.05711636363636363
-0.07807272727272727
0.3357127272727272
-0.08279818181818181
0.1012890909090909
0.12902545454545453
-0.08978363636363636
0.08320909090909091
-0.034310909090909086
-0.0749909090909091
0.004725454545454545
0.10437090909090908
-0.15635090909090907
0.21059090909090908
0.043556363636363636
-0.07396363636363636
0.19374363636363634
-0.03636545454545455
-0.06389636363636363
0.009861818181818182
0.10498727272727272
-0.03780363636363636
0.08546909090909091
-0.05465090909090909
0.06985454545454545
0.15162545454545454
-0.05444545454545455
0.17710181818181817
0.11916363636363636
-0.014381818181818181
0.00862909090909091
0.19189454545454546
-0.14279090909090908
0.0
0.20730363636363636
-0.10991818181818182
0.05300727272727272
0.012738181818181817
0.08772909090909091
0.1216290909090909
0.015409090909090907
0.037598181818181815
0.09533090909090909
-0.059170909090909087
-0.03800909090909091
0.15819999999999998
-0.027325454545454545
-0.06081454545454545
0.04869272727272727
-0.059170909090909087
-0.08238727272727273
0.11176727272727273
-0.048487272727272726
0.06101999999999999
0.05732181818181818
0.03739272727272727
0.22538363636363634
0.03780363636363636
0.17545818181818182
0.17093818181818182
0.08649636363636364
0.011094545454545454
-0.012121818181818182
-0.018696363636363636
-0.13087454545454547
0.02938
0.005752727272727272
-0.039241818181818176
0.09841272727272728
0.05300727272727272
0.05033636363636364
0.14422909090909092
-0.09718
0.002670909090909091
0.08608545454545455
-0.18490909090909088
0.03698181818181818
0.10457636363636363
-0.014998181818181817
0.08012727272727273
0.0990290909090909
-0.03985818181818182
0.113
0.14895454545454545
-0.001438181818181818
0.030612727272727274
-0.06225272727272727
-0.06389636363636363
-0.0039036363636363635
0.11074
-0.08670181818181817
0.11731454545454545
0.20648181818181818
-0.09759090909090909
0.2613381818181818
0.11074
0.005547272727272727
0.19497636363636361
0.009245454545454545
-0.014998181818181817
0.07232
-0.014587272727272727
0.027120000000000002
0.0749909090909091
-0.12450545454545454
-0.028969090909090906
0.09841272727272728
-0.06143090909090909
-0.08382545454545455
0.19086727272727272
0.016847272727272728
-0.023216363636363632
0.15676181818181817
-0.003287272727272727
0.20011272727272728
0.030407272727272724
-0.050747272727272724
0.0805381818181818
-0.09019454545454544
-0.0010272727272727274
0.08608545454545455
0.02034
0.032667272727272725
0.20648181818181818
0.038419999999999996
0.05218545454545454
0.16580181818181816
-0.009245454545454545
0.020545454545454544
0.015614545454545454
-0.14320181818181818
-0.02527090909090909
0.05013090909090909
-0.18182727272727273
0.113
0.15573454545454543
-0.03739272727272727
0.18306
0.1337509090909091
-0.04622727272727272
0.06903272727272727
0.015819999999999997
-0.15840545454545454
0.06081454545454545
0.02527090909090909
-0.08177090909090909
0.044994545454545454
0.04068
-0.027736363636363635
0.06266363636363637
0.07129272727272727
-0.004725454545454545
0.17052727272727272
0.08197636363636364
-0.028147272727272726
0.10375454545454545
0.02342181818181818
0.0008218181818181817
0.0538290909090909
-0.02527090909090909
-0.043350909090909086
0.03020181818181818
0.0447890909090909
0.02075090909090909
0.056705454545454545
0.028352727272727273
0.07560727272727272
0.1532690909090909
0.007807272727272727
0.10868545454545453
0.24469636363636363
-0.010067272727272725
-0.005341818181818182
0.10868545454545453
-0.12327272727272726
-0.027325454545454545
0.13868181818181818
-0.043350909090909086
0.05259636363636363
0.04951454545454545
0.010889090909090909
0.13806545454545455
-0.00226
-0.01849090909090909
0.06738909090909091
-0.031845454545454545
-0.15203636363636364
-0.038419999999999996
-0.007601818181818181
-0.005341818181818182
0.21079636363636362
0.037598181818181815
-0.039241818181818176
0.25887272727272725
0.14895454545454545
0.13539454545454546
0.19518181818181818
-0.04828181818181818
0.00945090909090909
-0.019518181818181816
-0.06862181818181817
0.02218909090909091
-0.04129636363636364
-0.12717636363636362
-0.020956363636363638
0.07232
-0.15594
0.08998909090909091
0.16888363636363635
-0.11217818181818182
0.16046
0.040885454545454544
-0.12902545454545453
0.12512181818181817
0.015614545454545454
-0.09430363636363637
0.01705272727272727
-0.04663818181818182
-0.08834545454545455
0.17402
0.05341818181818182
0.01705272727272727
0.3297545454545454
0.06348545454545454
0.02218909090909091
0.2301090909090909
-0.0034927272727272728
0.05259636363636363
0.13457272727272726
-0.04889818181818182
0.06122545454545455
-0.025476363636363634
-0.05999272727272727
0.08012727272727273
0.023832727272727273
-0.02157272727272727
0.0470490909090909
0.08875636363636363
-0.025887272727272724
0.18531999999999998
0.031023636363636364
-0.055061818181818184
0.1668290909090909
-0.07232
0.07252545454545453
0.06800545454545455
-0.11361636363636363
0.1216290909090909
0.13046363636363634
-0.09142727272727272
0.06903272727272727
0.11752
-0.0039036363636363635
0.1397090909090909
0.06636181818181817
-0.032872727272727276
0.06800545454545455
0.09861818181818181
-0.07375818181818182
0.030407272727272724
0.01664181818181818
-0.047665454545454546
0.13046363636363634
-0.03225636363636363
0.013149090909090907
0.09389272727272728
0.011094545454545454
0.08670181818181817
0.08793454545454545
-0.10704181818181817
-0.0067800000000000004
0.14422909090909092
-0.10991818181818182
-0.03410545454545454
0.027736363636363635
-0.15491272727272726
0.038419999999999996
0.12203999999999998
-0.032872727272727276
0.11854727272727272
0.0678
0.009861818181818182
0.19785272727272726
0.10334363636363636
-0.04807636363636364
0.030407272727272724
0.15306363636363635
-0.15573454545454543
0.08629090909090908
0.12450545454545454
-0.18347090909090907
0.17093818181818182
-0.07232
-0.05485636363636363
0.07745636363636363
0.09841272727272728
0.0786890909090909
0.08423636363636364
0.07211454545454546
-0.12861454545454545
0.3235909090909091
0.01705272727272727
0.031023636363636364
0.2436690909090909
-0.09697454545454545
0.00904
0.059787272727272724
-0.01623090909090909
-0.08177090909090909
0.03965272727272728
-0.15717272727272727
-0.005547272727272727
-0.004930909090909091
-0.1314909090909091
0.19785272727272726
0.1415581818181818
-0.031229090909090908
0.06369090909090909
0.2278490909090909
-0.059787272727272724
0.2436690909090909
0.12697090909090908
-0.16395272727272728
0.17936181818181818
-0.04889818181818182
0.02444909090909091
0.07930545454545455
0.06636181818181817
0.059787272727272724
0.15018727272727272
-0.015203636363636362
-0.04109090909090909
0.16580181818181816
-0.14464
0.08978363636363636
0.003287272727272727
-0.1744309090909091
0.032667272727272725
0.09163272727272727
-0.0452
0.05691090909090909
0.15902181818181815
0.0020545454545454547
0.17833454545454544
-0.007601818181818181
0.08279818181818181
0.1321072727272727
-0.013560000000000001
0.008012727272727272
-0.02116181818181818
-0.028969090909090906
-0.12491636363636363
0.16580181818181816
-0.02362727272727273
-0.10211090909090909
0.10704181818181817
-0.01808
0.15224181818181817
0.15450181818181818
0.04417272727272727
0.11115090909090909
0.06882727272727272
-0.018285454545454546
0.03965272727272728
0.02157272727272727
-0.062458181818181815
0.02075090909090909
0.05341818181818182
-0.041912727272727275
0.03410545454545454
0.1017
0.0452
0.027941818181818182
0.02609272727272727
-0.030612727272727274
0.10724727272727272
0.08793454545454545
-0.08464727272727272
0.03616
-0.11628727272727273
-0.05526727272727273
0.12594363636363634
0.07108727272727272
-0.01725818181818182
0.10272727272727272
0.05465090909090909
-0.14525636363636363
0.1826490909090909
-0.035749090909090904
0.05013090909090909
0.22045272727272727
-0.023832727272727273
0.09553636363636364
0.07129272727272727
0.07848363636363635
0.047665454545454546
0.14628363636363637
-0.15203636363636364
-0.08259272727272728
0.1088909090909091
-0.09944
0.16436363636363635
0.06615636363636364
0.04458363636363636
0.11916363636363636
0.03451636363636364
-0.04910363636363636
0.027736363636363635
0.050747272727272724
-0.03800909090909091
0.04396727272727272
-0.02979090909090909
0.03451636363636364
0.11053454545454545
0.05629454545454545
0.031639999999999995
0.18470363636363635
-0.022805454545454542
0.01171090909090909
0.19333272727272727
-0.16189818181818183
0.04437818181818182
0.06204727272727273
-0.08403090909090909
0.08752363636363636
0.12142363636363637
0.06471818181818181
0.13190181818181818
0.12142363636363637
-0.027530909090909092
0.0990290909090909
-0.05711636363636363
-0.08567454545454545
0.1088909090909091
-0.046432727272727264
-0.06019818181818181
0.16949999999999998
0.038625454545454546
-0.036776363636363635
0.15347454545454545
0.028763636363636363
0.10046727272727272
0.06492363636363636
-0.03451636363636364
0.05341818181818182
0.001849090909090909
-0.05280181818181818
0.003287272727272727
0.037598181818181815
-0.16641818181818183
0.06677272727272728
0.07519636363636363
-0.10252181818181817
0.05177454545454545
0.06882727272727272
0.03903636363636363
0.05711636363636363
0.08012727272727273
0.011505454545454544
0.2650363636363636
0.05095272727272727
0.0030818181818181817
0.07252545454545453
-0.07951090909090908
0.027530909090909092
-0.05259636363636363
0.02979090909090909
-0.04889818181818182
0.20874181818181817
0.028147272727272726
0.07047090909090908
0.2142890909090909
-0.19929090909090907
0.055678181818181814
-0.048487272727272726
0.01890181818181818
-0.06471818181818181
0.019518181818181816
0.09656363636363637
-0.08074363636363636
0.2494218181818182
-0.047665454545454546
0.14669454545454544
0.22127454545454545
-0.07622363636363635
0.14464
-0.034310909090909086
-0.17545818181818182
0.1573781818181818
0.005136363636363636
-0.19415454545454544
0.10848000000000001
0.05608909090909091
0.10375454545454545
0.05300727272727272
0.17093818181818182
0.1337509090909091
0.14751636363636364
0.14422909090909092
-0.11464363636363636
0.33427454545454544
-0.09718
-0.06923818181818181
0.23278000000000001
-0.26215999999999995
-0.08937272727272727
0.06738909090909091
-0.07375818181818182
-0.05876
-0.002670909090909091
-0.09163272727272727
0.17504727272727272
0.11998545454545453
-0.10806909090909089
0.21963090909090907
0.13169636363636364
-0.20052363636363635
0.08444181818181817
0.08505818181818181
-0.25209272727272725
0.12779272727272725
0.11238363636363637
-0.03328363636363636
0.15922727272727272
0.06348545454545454
0.12553272727272727
0.24921636363636362
0.02403818181818182
-0.04150181818181818
0.17093818181818182
-0.17874545454545454
-0.12799818181818182
0.044994545454545454
-0.24284727272727274
-0.02609272727272727
0.04910363636363636
0.05629454545454545
0.17607454545454546
0.1360109090909091
0.12203999999999998
0.1871690909090909
0.14587272727272727
0.018285454545454546
0.06800545454545455
0.00945090909090909
-0.07704545454545454
0.031845454545454545
-0.032872727272727276
-0.15881636363636362
0.1257381818181818
-0.09101636363636363
0.040063636363636364
0.23298545454545452
-0.1532690909090909
0.18984
0.05465090909090909
0.12142363636363637
0.039241818181818176
-0.0452
0.12121818181818181
-0.11772545454545454
0.17155454545454543
-0.08094909090909091
0.031023636363636364
0.08423636363636364
-0.08608545454545455
0.14361272727272725
-0.01808
0.02403818181818182
0.17566363636363633
0.10437090909090908
0.007190909090909091
0.14361272727272725
0.02403818181818182
-0.008423636363636364
0.0402690909090909
-0.06163636363636363
-0.05259636363636363
0.029174545454545453
-0.03451636363636364
-0.06862181818181817
0.17114363636363633
-0.04725454545454546
0.02342181818181818
0.11649272727272726
-0.04663818181818182
0.015203636363636362
-0.06882727272727272
-0.0727309090909091
0.07129272727272727
0.08937272727272727
-0.11690363636363636
0.17545818181818182
0.16600727272727273
-0.06348545454545454
0.21901454545454546
0.23976545454545453
0.06225272727272727
0.10375454545454545
0.11012363636363637
-0.1292309090909091
0.06019818181818181
-0.04663818181818182
-0.10786363636363637
0.04376181818181818
-0.17402
-0.051569090909090905
0.04889818181818182
-0.041707272727272725
0.02075090909090909
0.22908181818181816
0.040063636363636364
0.04910363636363636
0.14012
0.019518181818181816
0.1125890909090909
0.07334727272727272
-0.007601818181818181
-0.06738909090909091
0.02301090909090909
-0.08608545454545455
0.05711636363636363
0.17997818181818181
0.013149090909090907
0.1871690909090909
0.0967690909090909
0.015203636363636362
0.16949999999999998
0.06553999999999999
-0.02218909090909091
0.12882
-0.03472181818181818
-0.07745636363636363
0.041912727272727275
-0.06841636363636364
0.04663818181818182
0.0990290909090909
-0.055883636363636364
0.0226
0.1528581818181818
0.03451636363636364
0.05054181818181818
0.03739272727272727
-0.08690727272727272
0.04437818181818182
0.07006
-0.14053090909090907
0.04068
0.05095272727272727
-0.12327272727272726
0.16888363636363635
0.08896181818181817
-0.025476363636363634
0.1836763636363636
0.10231636363636364
-0.027120000000000002
0.11423272727272726
0.035954545454545454
-0.04910363636363636
0.1678563636363636
-0.034310909090909086
-0.08074363636363636
0.08752363636363636
-0.04746
0.03472181818181818
0.09697454545454545
-0.014176363636363636
0.0678
0.13868181818181818
0.055883636363636364
-0.0024654545454545454
-0.03328363636363636
0.002670909090909091
0.056705454545454545
0.04663818181818182
-0.13313454545454545
0.012532727272727272
0.12224545454545453
-0.09553636363636364
0.09163272727272727
0.043556363636363636
-0.05115818181818182
0.13950363636363636
0.05732181818181818
-0.02568181818181818
0.21182363636363635
0.08177090909090909
-0.005958181818181818
0.15450181818181818
-0.04396727272727272
0.013560000000000001
0.09389272727272728
0.027736363636363635
-0.10478181818181817
0.03636545454545455
0.019518181818181816
-0.09307090909090908
0.17422545454545454
0.0012327272727272727
0.05711636363636363
0.13806545454545455
-0.032667272727272725
0.12758727272727272
0.14669454545454544
-0.10909636363636364
0.009656363636363637
0.10704181818181817
-0.14443454545454545
0.012532727272727272
0.04068
-0.08629090909090908
0.058349090909090906
0.06903272727272727
-0.09471454545454545
0.06882727272727272
0.10437090909090908
-0.040063636363636364
0.14751636363636364
-0.033694545454545456
-0.05526727272727273
0.16148727272727273
0.07601818181818182
0.015203636363636362
0.1370381818181818
-0.008218181818181819
0.020956363636363638
0.2592836363636364
0.01623090909090909
0.1469
0.1257381818181818
0.03883090909090909
0.07252545454545453
-0.04376181818181818
-0.007601818181818181
0.01171090909090909
0.050747272727272724
-0.0967690909090909
0.03718727272727273
-0.04437818181818182
-0.07478545454545454
0.1524472727272727
0.04540545454545454
0.029996363636363634
0.13169636363636364
0.09368727272727272
0.04787090909090909
0.18182727272727273
-0.048487272727272726
0.001438181818181818
-0.004725454545454545
-0.12820363636363635
0.04930909090909091
-0.03020181818181818
-0.024654545454545453
0.004314545454545455
0.01705272727272727
-0.07232
0.10211090909090909
0.12347818181818182
0.013970909090909091
0.14443454545454545
0.12409454545454546
0.06656727272727272
0.02568181818181818
0.06410181818181818
-0.027941818181818182
0.04869272727272727
-0.09779636363636364
-0.09718
0.16498
-0.019312727272727273
-0.047665454545454546
0.06595090909090909
0.043350909090909086
-0.03225636363636363
0.07909999999999999
0.0113
-0.04787090909090909
0.05300727272727272
0.019518181818181816
-0.03800909090909091
0.05526727272727273
0.031639999999999995
-0.028147272727272726
0.28147272727272726
-0.004725454545454545
-0.030612727272727274
0.17648545454545456
-0.0741690909090909
0.10272727272727272
0.1257381818181818
-0.07786727272727272
0.02362727272727273
0.1216290909090909
-0.010067272727272725
0.08115454545454545
0.11793090909090909
0.02157272727272727
0.10211090909090909
0.040063636363636364
-0.07951090909090908
0.12142363636363637
0.1224509090909091
-0.04910363636363636
0.18203272727272726
0.019107272727272726
-0.07807272727272727
0.14135272727272727
0.04129636363636364
-0.0786890909090909
0.06841636363636364
0.03472181818181818
-0.12553272727272727
0.19929090909090907
-0.05280181818181818
0.012327272727272727
0.20216727272727272
-0.1415581818181818
0.15409090909090908
0.04602181818181818
-0.0805381818181818
0.14361272727272725
0.08649636363636364
-0.1678563636363636
0.049925454545454544
0.07314181818181818
-0.06225272727272727
0.12758727272727272
0.07951090909090908
0.08259272727272728
0.027120000000000002
0.09450909090909092
-0.054034545454545446
0.04150181818181818
-0.03657090909090909
-0.029174545454545453
0.14936545454545455
-0.1088909090909091
0.07930545454545455
0.10786363636363637
0.027120000000000002
0.046432727272727264
0.09635818181818182
-0.01890181818181818
0.07334727272727272
0.05218545454545454
-0.11567090909090909
0.16641818181818183
-0.015819999999999997
-0.08341454545454545
0.041912727272727275
-0.10971272727272725
-0.032872727272727276
0.12224545454545453
-0.02568181818181818
0.02198363636363636
0.12758727272727272
0.05013090909090909
0.06471818181818181
0.11197272727272727
0.18758
0.13025818181818183
0.12655999999999998
-0.0226
-0.027530909090909092
0.042734545454545456
-0.10930181818181818
-0.03944727272727273
0.09101636363636363
-0.005547272727272727
0.06389636363636363
0.1881963636363636
0.0067800000000000004
0.07725090909090909
0.03780363636363636
-0.028352727272727273
-0.023832727272727273
-0.08567454545454545
-0.028147272727272726
0.06862181818181817
0.033489090909090906
0.0039036363636363635
0.17689636363636363
0.02527090909090909
0.03513272727272727
0.10827454545454546
0.07992181818181819
-0.17114363636363633
-0.015203636363636362
0.08526363636363636
-0.17360909090909088
0.21018
-0.07129272727272727
0.1321072727272727
0.23729999999999998
0.03698181818181818
0.08259272727272728
0.12779272727272725
0.1325181818181818
-0.11731454545454545
0.3309872727272727
-0.2744872727272727
0.02650363636363636
0.10087818181818181
-0.22353454545454546
0.16908909090909088
-0.21120727272727272
0.13683272727272727
-0.12943636363636363
0.1608709090909091
-0.07252545454545453
0.0008218181818181817
0.33838363636363633
-0.18388181818181817
0.3309872727272727
0.029996363636363634
0.03554363636363636
0.05218545454545454
0.010683636363636364
-0.041707272727272725
0.08362
-0.05999272727272727
-0.1148490909090909
0.3414654545454545
-0.10539818181818181
0.17751272727272727
0.18388181818181817
0.09245454545454544
0.031639999999999995
0.14505090909090906
-0.05198
-0.10622
0.07478545454545454
-0.34290363636363635
0.10272727272727272
-0.07334727272727272
-0.008218181818181819
0.16559636363636362
0.1284090909090909
0.031229090909090908
0.15203636363636364
0.2147
-0.12019090909090908
0.17319818181818183
-0.11115090909090909
0.014587272727272727
0.016847272727272728
-0.07067636363636363
0.03965272727272728
0.0918381818181818
-0.048487272727272726
-0.0024654545454545454
0.20134545454545455
-0.18059454545454545
0.17607454545454546
0.011916363636363636
-0.03205090909090909
0.009245454545454545
0.05485636363636363
-0.002876363636363636
-0.1216290909090909
0.12512181818181817
-0.15080363636363636
0.13765454545454545
-0.02691454545454545
-0.01705272727272727
0.16066545454545456
0.06348545454545454
0.05300727272727272
0.11793090909090909
0.18326545454545454
-0.0063690909090909084
0.11053454545454545
0.04376181818181818
0.05547272727272727
-0.014381818181818181
-0.10046727272727272
-0.11217818181818182
0.08526363636363636
-0.01849090909090909
-0.10539818181818181
0.10498727272727272
0.06266363636363637
0.20319454545454546
0.07971636363636364
0.034927272727272723
0.03554363636363636
0.09389272727272728
-0.18121090909090906
0.025887272727272724
0.17402
-0.1686781818181818
0.27099454545454543
0.07190909090909091
0.06636181818181817
0.16498
0.15594
0.1125890909090909
0.04828181818181818
0.06574545454545455
-0.16415818181818181
0.0940981818181818
-0.1148490909090909
-0.04129636363636364
0.05013090909090909
-0.13354545454545455
-0.07725090909090909
0.13498363636363636
0.06307454545454545
-0.08978363636363636
0.2075090909090909
-0.10231636363636364
0.10991818181818182
0.15121454545454543
-0.09574181818181818
0.1088909090909091
0.05547272727272727
-0.07766181818181818
-0.003698181818181818
0.02034
-0.1840872727272727
0.16189818181818183
0.08505818181818181
-0.06019818181818181
0.21182363636363635
0.16210363636363637
0.010889090909090909
0.15142
0.09450909090909092
-0.046432727272727264
0.2138781818181818
-0.12019090909090908
0.031023636363636364
0.10663090909090908
-0.18778545454545456
0.06492363636363636
0.07560727272727272
-0.05876
-0.06697818181818181
0.1351890909090909
-0.09635818181818182
0.03410545454545454
0.09718
-0.13272363636363635
0.12799818181818182
0.025065454545454544
0.0
0.1374490909090909
-0.014792727272727272
-0.05711636363636363
0.24531272727272724
0.09122181818181817
0.02034
0.13683272727272727
-0.008834545454545454
0.11115090909090909
0.09697454545454545
0.010067272727272725
0.05773272727272727
0.12594363636363634
-0.04437818181818182
-0.021778181818181818
0.07951090909090908
-0.06985454545454545
0.0749909090909091
0.045610909090909084
-0.12183454545454545
0.07190909090909091
0.06019818181818181
-0.02609272727272727
0.14731090909090908
0.03636545454545455
-0.062458181818181815
0.08136
0.0452
-0.04746
0.08711272727272727
-0.03739272727272727
-0.0940981818181818
0.11752
0.05876
0.010067272727272725
-0.010272727272727272
0.05300727272727272
0.06636181818181817
0.12306727272727273
-0.002876363636363636
-0.06143090909090909
0.15573454545454543
0.03020181818181818
-0.06307454545454545
0.0741690909090909
0.059170909090909087
-0.08711272727272727
0.17422545454545454
-0.09204363636363636
-0.02013454545454545
0.2525036363636364
-0.17545818181818182
0.2177818181818182
0.12512181818181817
-0.08526363636363636
0.11895818181818181
0.12532727272727273
0.042734545454545456
-0.01623090909090909
0.053212727272727266
-0.12902545454545453
0.06389636363636363
-0.02013454545454545
-0.18984
0.03020181818181818
0.03965272727272728
-0.06656727272727272
0.14505090909090906
0.08074363636363636
-0.047665454545454546
0.3258509090909091
0.0538290909090909
0.015203636363636362
0.20278363636363633
-0.05198
0.01623090909090909
0.11895818181818181
-0.08238727272727273
-0.008423636363636364
0.09759090909090909
-0.04910363636363636
0.16724
0.07396363636363636
-0.028352727272727273
0.19559272727272728
0.028352727272727273
-0.010478181818181819
0.1337509090909091
-0.04232363636363636
-0.059787272727272724
0.08896181818181817
-0.058349090909090906
-0.06348545454545454
0.07766181818181818
0.02034
-0.02670909090909091
0.1653909090909091
0.09759090909090909
0.038625454545454546
0.11567090909090909
-0.002876363636363636
0.02403818181818182
0.012121818181818182
-0.11608181818181817
-0.07971636363636364
0.07375818181818182
-0.1551181818181818
-0.02403818181818182
0.10313818181818181
0.006163636363636363
0.14669454545454544
0.09060545454545453
0.13498363636363636
0.14237999999999998
0.20792
-0.02198363636363636
0.061841818181818185
0.03985818181818182
-0.09245454545454544
0.13621636363636364
-0.08362
0.045610909090909084
-0.014176363636363636
-0.019518181818181816
0.003287272727272727
0.08752363636363636
0.07766181818181818
-0.05773272727272727
0.19538727272727272
-0.09081090909090908
-0.04746
0.034927272727272723
-0.05814363636363636
-0.02527090909090909
0.14237999999999998
-0.02034
-0.018285454545454546
0.2490109090909091
-0.06389636363636363
0.1479272727272727
0.058349090909090906
-0.055883636363636364
0.08526363636363636
0.07334727272727272
-0.015614545454545454
0.09224909090909092
0.15573454545454543
-0.1076581818181818
0.15676181818181817
-0.05608909090909091
-0.05198
0.16395272727272728
0.029996363636363634
-0.05280181818181818
0.027530909090909092
0.06225272727272727
-0.08094909090909091
0.21552181818181818
-0.01890181818181818
-0.016436363636363638
0.15758363636363634
-0.059787272727272724
0.039241818181818176
0.08444181818181817
-0.12697090909090908
-0.06163636363636363
0.18141636363636363
-0.11567090909090909
0.04314545454545454
0.1397090909090909
-0.010889090909090909
0.17566363636363633
0.12101272727272726
-0.05259636363636363
0.027325454545454545
0.11731454545454545
-0.05218545454545454
0.1171090909090909
-0.01890181818181818
-0.02301090909090909
0.2233290909090909
0.06369090909090909
0.04109090909090909
0.09142727272727272
0.07478545454545454
-0.005958181818181818
0.12368363636363637
-0.09861818181818181
-0.07211454545454546
0.12388909090909091
-0.05999272727272727
0.07355272727272727
0.06985454545454545
-0.0113
0.12902545454545453
0.1758690909090909
-0.024654545454545453
0.12491636363636363
0.07252545454545453
-0.10642545454545453
0.15470727272727272
0.05629454545454545
-0.07786727272727272
0.028147272727272726
-0.02486
-0.11115090909090909
0.0764290909090909
-0.0940981818181818
-0.06841636363636364
0.18121090909090906
-0.06595090909090909
0.06369090909090909
0.11628727272727273
0.03800909090909091
0.12368363636363637
0.1088909090909091
0.02444909090909091
0.0069854545454545456
0.0628690909090909
-0.06512909090909091
-0.013354545454545456
0.02670909090909091
-0.08834545454545455
0.059787272727272724
0.1464890909090909
-0.012121818181818182
0.09944
0.050747272727272724
-0.11587636363636362
0.011094545454545454
-0.03698181818181818
-0.05814363636363636
-0.00226
0.005958181818181818
0.036776363636363635
0.12224545454545453
0.06410181818181818
0.08341454545454545
0.2494218181818182
0.02444909090909091
-0.045610909090909084
0.12203999999999998
-0.03451636363636364
-0.07704545454545454
0.07683999999999999
-0.03821454545454545
0.05300727272727272
0.19477090909090908
-0.03554363636363636
0.1125890909090909
0.20730363636363636
-0.01992909090909091
0.15224181818181817
0.15450181818181818
-0.07006
0.10272727272727272
0.07006
-0.12101272727272726
0.06451272727272726
0.03780363636363636
-0.08444181818181817
0.09718
-0.010067272727272725
-0.1495709090909091
0.15203636363636364
-0.003287272727272727
-0.04314545454545454
0.25394181818181816
-0.01849090909090909
0.0008218181818181817
0.19292181818181817
0.04951454545454545
-0.031845454545454545
0.1058090909090909
-0.08978363636363636
-0.00862909090909091
0.15491272727272726
-0.19497636363636361
0.16847272727272727
0.19230545454545456
-0.02116181818181818
0.1337509090909091
0.11279454545454545
-0.034310909090909086
-0.0538290909090909
0.00041090909090909085
-0.16744545454545454
0.0006163636363636364
-0.06964909090909091
-0.08403090909090909
0.06369090909090909
0.014792727272727272
0.11115090909090909
0.1935381818181818
0.13313454545454545
0.0452
0.11854727272727272
-0.019312727272727273
0.013560000000000001
0.031023636363636364
-0.02444909090909091
-0.001849090909090909
-0.027736363636363635
-0.01890181818181818
-0.012121818181818182
0.13231272727272728
-0.012121818181818182
0.13272363636363635
0.09841272727272728
-0.05136363636363636
0.13231272727272728
0.011916363636363636
0.07786727272727272
0.03780363636363636
0.014792727272727272
-0.004314545454545455
0.005752727272727272
0.10909636363636364
0.04910363636363636
0.09389272727272728
0.03739272727272727
0.042734545454545456
0.12368363636363637
0.05711636363636363
0.003698181818181818
0.06923818181818181
0.04129636363636364
-0.0008218181818181817
0.03739272727272727
0.02301090909090909
-0.03800909090909091
0.037598181818181815
0.04129636363636364
-0.04129636363636364
0.06492363636363636
0.00041090909090909085
0.05444545454545455
0.08115454545454545
-0.03780363636363636
0.08731818181818181
0.008012727272727272
-0.12902545454545453
0.07047090909090908
0.030612727272727274
-0.08485272727272727
0.1528581818181818
0.1510090909090909
-0.015409090909090907
0.12882
0.20833090909090907
-0.0067800000000000004
0.12327272727272726
0.037598181818181815
-0.014176363636363636
0.044994545454545454
-0.20052363636363635
0.05896545454545454
0.10704181818181817
-0.03883090909090909
-0.18799090909090907
0.10087818181818181
-0.030407272727272724
-0.15409090909090908
0.28784181818181814
-0.10478181818181817
0.1645690909090909
0.06574545454545455
-0.08033272727272728
0.15943272727272728
0.013970909090909091
0.12306727272727273
-0.07971636363636364
0.043556363636363636
-0.13724363636363635
-0.04314545454545454
0.2142890909090909
-0.04150181818181818
0.22867090909090906
0.1573781818181818
-0.08875636363636363
0.20874181818181817
0.13005272727272726
0.0067800000000000004
0.32092
-0.06841636363636364
-0.024654545454545453
0.1193690909090909
-0.08937272727272727
0.08300363636363636
-0.028969090909090906
0.020956363636363638
-0.07437454545454546
0.015203636363636362
0.032667272727272725
-0.0020545454545454547
0.14977636363636362
-0.12635454545454544
0.02198363636363636
0.0786890909090909
-0.14854363636363635
0.09635818181818182
0.15018727272727272
-0.041912727272727275
0.12203999999999998
0.011505454545454544
0.06266363636363637
0.20894727272727273
-0.033489090909090906
0.15265272727272727
0.0538290909090909
-0.08033272727272728
0.11094545454545454
0.08464727272727272
-0.001849090909090909
-0.04725454545454546
0.041912727272727275
0.00041090909090909085
-0.0030818181818181817
0.03451636363636364
-0.06985454545454545
0.11443818181818181
0.11320545454545454
-0.07930545454545455
0.11567090909090909
0.07848363636363635
-0.049925454545454544
0.12553272727272727
0.005752727272727272
-0.10704181818181817
0.07067636363636363
-0.02444909090909091
-0.04746
0.05793818181818181
0.03328363636363636
0.04068
0.06348545454545454
0.015409090909090907
-0.03698181818181818
0.14422909090909092
0.07252545454545453
-0.006163636363636363
0.13868181818181818
-0.04622727272727272
0.00452
0.17977272727272728
0.01849090909090909
0.08259272727272728
0.01705272727272727
-0.08444181818181817
0.1586109090909091
0.04746
0.012327272727272727
0.08526363636363636
0.02938
-0.04314545454545454
0.05444545454545455
0.15573454545454543
-0.07745636363636363
0.2436690909090909
0.042529090909090905
-0.2613381818181818
0.21983636363636364
-0.03657090909090909
-0.11895818181818181
0.11526
-0.14669454545454544
-0.09450909090909092
0.06800545454545455
-0.03883090909090909
0.13272363636363635
0.13539454545454546
-0.028352727272727273
0.07786727272727272
0.14073636363636363
0.008012727272727272
0.05793818181818181
0.2740763636363636
-0.14669454545454544
-0.027120000000000002
0.20853636363636363
-0.12635454545454544
0.14566727272727273
0.13621636363636364
0.005752727272727272
0.12019090909090908
-0.03821454545454545
-0.025887272727272724
0.2346290909090909
-0.04602181818181818
-0.11669818181818181
0.18634727272727272
-0.07375818181818182
-0.04129636363636364
0.12429999999999998
-0.010889090909090909
0.04458363636363636
0.17011636363636362
-0.009861818181818182
0.10827454545454546
0.17833454545454544
-0.007396363636363636
0.13025818181818183
0.0020545454545454547
-0.11669818181818181
-0.03965272727272728
0.07108727272727272
-0.04951454545454545
-0.032667272727272725
0.027941818181818182
-0.15142
0.04869272727272727
0.05793818181818181
0.07458
0.19764727272727273
0.1017
0.05608909090909091
0.15347454545454545
0.08896181818181817
-0.034927272727272723
0.07745636363636363
-0.010067272727272725
-0.04930909090909091
-0.040063636363636364
-0.08731818181818181
0.0447890909090909
0.08197636363636364
-0.06512909090909091
0.01171090909090909
0.06800545454545455
-0.05793818181818181
0.04437818181818182
0.06882727272727272
-0.06327999999999999
-0.012121818181818182
0.0538290909090909
-0.01849090909090909
0.08937272727272727
0.13950363636363636
0.008218181818181819
0.07211454545454546
0.11628727272727273
-0.08464727272727272
0.13991454545454546
0.08731818181818181
-0.1781290909090909
0.25291454545454545
0.004314545454545455
0.005136363636363636
0.12306727272727273
-0.08012727272727273
0.18614181818181816
-0.009656363636363637
-0.0538290909090909
-0.022805454545454542
0.12306727272727273
0.005136363636363636
-0.05711636363636363
0.29318363636363637
-0.04725454545454546
0.04068
0.22949272727272724
-0.038625454545454546
0.021367272727272728
0.13642181818181817
-0.13169636363636364
0.0039036363636363635
0.11053454545454545
-0.11977999999999998
0.1633363636363636
0.05999272727272727
-0.028969090909090906
0.22887636363636363
0.12203999999999998
-0.050747272727272724
0.11916363636363636
0.06533454545454545
-0.12491636363636363
0.06101999999999999
-0.05773272727272727
-0.021367272727272728
0.13847636363636362
0.047665454545454546
0.015409090909090907
0.17032181818181816
0.14073636363636363
-0.03020181818181818
0.059170909090909087
-0.04972
0.029174545454545453
0.0
-0.12820363636363635
0.10745272727272726
0.10396
-0.1216290909090909
0.07683999999999999
0.15059818181818183
-0.07088181818181817
0.12820363636363635
0.02198363636363636
-0.013354545454545456
0.12882
-0.021367272727272728
-0.0020545454545454547
0.05937636363636363
-0.02979090909090909
-0.0039036363636363635
0.055883636363636364
-0.13436727272727272
-0.04807636363636364
0.12286181818181818
-0.001849090909090909
-0.04458363636363636
0.1510090909090909
0.1193690909090909
0.029174545454545453
0.14874909090909091
0.06656727272727272
0.12368363636363637
0.0447890909090909
-0.12676545454545454
0.011505454545454544
-0.03554363636363636
-0.07211454545454546
0.14073636363636363
0.13087454545454547
0.04068
0.17997818181818181
0.06430727272727273
-0.05773272727272727
0.08300363636363636
0.010067272727272725
-0.03616
-0.051569090909090905
-0.11094545454545454
0.10498727272727272
0.09964545454545454
0.031845454545454545
0.06101999999999999
0.16888363636363635
0.15922727272727272
-0.08259272727272728
0.12820363636363635
-0.008423636363636364
-0.11998545454545453
0.08937272727272727
-0.11382181818181818
0.027736363636363635
0.11464363636363636
-0.01849090909090909
0.20668727272727272
0.15203636363636364
-0.027530909090909092
0.21552181818181818
0.1532690909090909
-0.10971272727272725
0.10930181818181818
0.023216363636363632
-0.17936181818181818
0.05013090909090909
-0.016025454545454544
-0.12594363636363634
0.03821454545454545
-0.06738909090909091
-0.08896181818181817
0.11834181818181817
-0.019312727272727273
0.005958181818181818
0.24859999999999996
0.057527272727272726
-0.0016436363636363634
0.26893999999999996
-0.04725454545454546
-0.035749090909090904
0.23401272727272723
-0.19477090909090908
-0.041912727272727275
0.09224909090909092
-0.07149818181818181
0.18511454545454545
0.11916363636363636
0.022805454545454542
0.20792
0.09533090909090909
0.00226
0.15409090909090908
0.04314545454545454
-0.14607818181818183
-0.03657090909090909
-0.01623090909090909
-0.17895090909090908
0.03985818181818182
0.04663818181818182
0.07786727272727272
0.24161454545454544
0.008218181818181819
0.18758
0.13991454545454546
-0.06656727272727272
0.15470727272727272
0.026298181818181814
-0.14731090909090908
0.02218909090909091
0.01992909090909091
-0.06430727272727273
-0.00452
-0.0016436363636363634
0.04047454545454546
0.04437818181818182
0.0447890909090909
0.06348545454545454
0.18018363636363635
0.033694545454545456
-0.06081454545454545
0.24120363636363634
-0.08998909090909091
-0.07026545454545453
0.11526
-0.1325181818181818
0.04047454545454546
0.07848363636363635
-0.05793818181818181
-0.020956363636363638
0.11341090909090909
0.00862909090909091
0.05198
0.10663090909090908
-0.053212727272727266
0.1479272727272727
0.1366272727272727
-0.1374490909090909
-0.04602181818181818
0.06677272727272728
-0.11053454545454545
-0.03451636363636364
0.04972
-0.027530909090909092
0.11690363636363636
0.07314181818181818
0.04047454545454546
0.18593636363636362
0.07232
-0.00904
0.13107999999999997
-0.06636181818181817
-0.1551181818181818
0.16498
0.04211818181818182
-0.031229090909090908
0.18285454545454544
0.04972
0.07047090909090908
0.29688181818181814
0.07334727272727272
0.04232363636363636
0.12039636363636362
-0.09019454545454544
0.0452
0.012943636363636362
-0.11012363636363637
0.06019818181818181
-0.014998181818181817
-0.11628727272727273
0.06821090909090909
0.07067636363636363
0.0034927272727272728
0.13683272727272727
0.04787090909090909
-0.08403090909090909
0.09574181818181818
0.13477818181818182
-0.08074363636363636
0.04150181818181818
0.027530909090909092
-0.08978363636363636
0.09759090909090909
-0.08074363636363636
0.012532727272727272
0.2025781818181818
-0.07827818181818182
0.13785999999999998
0.21757636363636362
-0.0470490909090909
0.15367999999999998
0.21326181818181816
0.004725454545454545
0.0034927272727272728
0.028763636363636363
-0.032667272727272725
-0.03883090909090909
0.006163636363636363
-0.03657090909090909
-0.04458363636363636
-0.006163636363636363
-0.030612727272727274
0.18675818181818182
0.055883636363636364
-0.11341090909090909
0.11608181818181817
-0.02486
-0.07293636363636363
0.041912727272727275
0.020956363636363638
0.004725454545454545
0.12080727272727272
-0.05773272727272727
0.006574545454545454
0.2650363636363636
-0.05177454545454545
0.20155090909090906
0.1356
-0.12101272727272726
0.1676509090909091
0.11341090909090909
-0.011505454545454544
0.0012327272727272727
0.14443454545454545
-0.0678
-0.005547272727272727
0.10930181818181818
-0.05444545454545455
0.09265999999999999
0.02486
-0.05793818181818181
0.08814
0.06122545454545455
-0.08711272727272727
0.13642181818181817
0.04622727272727272
-0.03225636363636363
0.05013090909090909
-0.06348545454545454
-0.0010272727272727274
0.06471818181818181
0.02075090909090909
-0.08608545454545455
0.11854727272727272
0.016847272727272728
0.09122181818181817
0.12183454545454545
-0.08341454545454545
0.20093454545454545
0.16744545454545454
-0.025887272727272724
-0.0024654545454545454
0.09430363636363637
0.0069854545454545456
0.05876
-0.0010272727272727274
-0.11341090909090909
0.019107272727272726
0.07622363636363635
0.013970909090909091
0.02198363636363636
0.0741690909090909
-0.08218181818181818
0.19703090909090906
0.05300727272727272
-0.043350909090909086
0.23832727272727272
-0.02218909090909091
0.018285454545454546
0.11690363636363636
-0.027120000000000002
-0.1224509090909091
0.03718727272727273
-0.08074363636363636
-0.1088909090909091
0.11505454545454545
-0.10560363636363636
0.09122181818181817
0.24839454545454545
-0.042734545454545456
0.06553999999999999
0.1826490909090909
0.0538290909090909
0.18141636363636363
0.07149818181818181
-0.14053090909090907
0.08875636363636363
0.06122545454545455
-0.08978363636363636
0.09841272727272728
0.09738545454545454
-0.04314545454545454
0.2093581818181818
0.03307818181818182
-0.052390909090909085
0.09574181818181818
0.014587272727272727
0.08033272727272728
-0.028352727272727273
0.040063636363636364
-0.02691454545454545
0.12861454545454545
-0.07930545454545455
-0.010889090909090909
0.20730363636363636
-0.22476727272727273
0.21100181818181818
0.08546909090909091
-0.05198
0.13395636363636362
0.09471454545454545
0.038625454545454546
-0.03513272727272727
0.006574545454545454
-0.09265999999999999
0.11628727272727273
-0.04294
-0.06410181818181818
0.013765454545454546
-0.015203636363636362
-0.031023636363636364
0.10334363636363636
0.1586109090909091
-0.02034
0.2822945454545454
0.07601818181818182
0.05341818181818182
0.07252545454545453
-0.002876363636363636
0.009245454545454545
-0.1125890909090909
0.07745636363636363
-0.06389636363636363
-0.00904
0.001438181818181818
0.09163272727272727
0.17032181818181816
-0.07560727272727272
0.019518181818181816
0.035749090909090904
-0.14464
0.08382545454545455
0.07540181818181818
-0.1894290909090909
0.22723272727272725
0.054034545454545446
0.006574545454545454
0.18141636363636363
-0.011916363636363636
0.18799090909090907
0.0895781818181818
-0.013149090909090907
-0.055678181818181814
0.06738909090909091
0.05526727272727273
-0.015203636363636362
0.2183981818181818
-0.02013454545454545
-0.06369090909090909
0.2023727272727273
-0.08998909090909091
-0.06964909090909091
0.14053090909090907
-0.19826363636363634
0.06944363636363636
0.08238727272727273
-0.1261490909090909
0.2681181818181818
0.11998545454545453
0.011505454545454544
0.12799818181818182
0.04684363636363636
-0.062458181818181815
0.053212727272727266
0.07047090909090908
-0.1653909090909091
0.04294
0.03965272727272728
-0.031845454545454545
0.13005272727272726
0.03246181818181818
0.044994545454545454
0.08711272727272727
0.014176363636363636
0.003698181818181818
0.12286181818181818
-0.017463636363636362
-0.15676181818181817
0.16600727272727273
0.02075090909090909
0.04417272727272727
0.33838363636363633
-0.10786363636363637
0.12738181818181818
0.19004545454545455
-0.15594
0.16580181818181816
-0.09142727272727272
-0.030818181818181814
0.17710181818181817
-0.12532727272727273
0.030818181818181814
0.16436363636363635
0.047665454545454546
-0.059170909090909087
0.05876
0.04663818181818182
-0.12902545454545453
0.14340727272727272
0.10950727272727273
-0.024654545454545453
0.17504727272727272
0.012738181818181817
0.04787090909090909
0.08793454545454545
-0.1148490909090909
0.041912727272727275
-0.03143454545454545
-0.10046727272727272
0.13231272727272728
0.08115454545454545
-0.033489090909090906
0.13498363636363636
0.16991090909090908
0.03451636363636364
0.05033636363636364
0.06862181818181817
0.09779636363636364
-0.06656727272727272
-0.16600727272727273
0.0006163636363636364
0.04417272727272727
-0.02218909090909091
0.0012327272727272727
0.14135272727272727
0.07334727272727272
0.005136363636363636
0.04951454545454545
-0.05362363636363636
-0.07786727272727272
-0.005547272727272727
-0.02218909090909091
-0.05054181818181818
0.03513272727272727
0.08588
0.08505818181818181
0.11423272727272726
0.07807272727272727
0.039241818181818176
0.1483381818181818
-0.010067272727272725
-0.07211454545454546
0.13025818181818183
-0.1171090909090909
0.0470490909090909
0.12799818181818182
-0.06615636363636364
0.15470727272727272
0.06307454545454545
0.1035490909090909
0.16272
-0.03225636363636363
-0.0041090909090909095
0.09265999999999999
0.007190909090909091
-0.0041090909090909095
0.10149454545454545
-0.009245454545454545
-0.010067272727272725
0.09265999999999999
-0.010683636363636364
-0.07725090909090909
0.09574181818181818
-0.003698181818181818
-0.04889818181818182
0.17977272727272728
-0.05259636363636363
0.16498
0.29215636363636366
-0.09163272727272727
0.17833454545454544
0.061841818181818185
-0.1306690909090909
0.10848000000000001
0.01705272727272727
-0.02403818181818182
0.08526363636363636
0.13334
0.007601818181818181
0.12450545454545454
0.10293272727272727
-0.011505454545454544
0.2138781818181818
-0.04787090909090909
-0.1012890909090909
0.08423636363636364
-0.10334363636363636
-0.1247109090909091
0.02691454545454545
-0.02486
-0.03451636363636364
0.14916
0.05691090909090909
0.12512181818181817
0.1257381818181818
-0.03205090909090909
0.14094181818181817
0.009861818181818182
-0.17258181818181817
0.005341818181818182
0.05115818181818182
-0.13025818181818183
-0.01766909090909091
0.005341818181818182
-0.055061818181818184
0.15573454545454543
-0.021778181818181818
0.017463636363636362
0.18449818181818184
0.015203636363636362
0.0990290909090909
0.18531999999999998
-0.05896545454545454
-0.07930545454545455
0.1637472727272727
-0.030407272727272724
-0.08505818181818181
0.14854363636363635
0.04540545454545454
-0.05136363636363636
0.11505454545454545
0.03985818181818182
0.014792727272727272
0.2251781818181818
-0.09142727272727272
0.01992909090909091
0.19251090909090907
-0.14484545454545456
0.09265999999999999
0.03821454545454545
-0.09841272727272728
0.10005636363636364
0.03472181818181818
-0.014998181818181817
0.08670181818181817
0.11382181818181818
0.08115454545454545
0.14505090909090906
-0.012532727272727272
-0.03821454545454545
0.11176727272727273
-0.06225272727272727
-0.08608545454545455
0.1532690909090909
-0.049925454545454544
-0.007601818181818181
0.18984
-0.07232
0.13272363636363635
0.18737454545454543
0.0565
0.13765454545454545
0.08731818181818181
-0.06204727272727273
-0.05485636363636363
0.12286181818181818
-0.13621636363636364
-0.030612727272727274
-0.021778181818181818
-0.20422181818181817
0.11012363636363637
0.02486
-0.00904
0.1781290909090909
0.07560727272727272
-0.04068
0.11238363636363637
0.005136363636363636
0.004725454545454545
0.09245454545454544
-0.11854727272727272
0.0016436363636363634
0.007396363636363636
-0.08690727272727272
0.02670909090909091
0.10519272727272726
0.054240000000000003
0.1321072727272727
0.21059090909090908
-0.010478181818181819
0.09964545454545454
0.24572363636363637
-0.03246181818181818
0.07889454545454545
0.11608181818181817
-0.12820363636363635
0.12532727272727273
0.005547272727272727
-0.08177090909090909
0.16929454545454545
-0.11813636363636362
-0.02486
0.08485272727272727
-0.09122181818181817
0.037598181818181815
0.06944363636363636
0.053212727272727266
-0.0069854545454545456
0.0067800000000000004
0.04294
0.06533454545454545
0.06225272727272727
-0.11176727272727273
0.1247109090909091
0.14607818181818183
-0.04807636363636364
0.2590781818181818
0.13046363636363634
0.004725454545454545
0.09224909090909092
0.014587272727272727
0.03472181818181818
-0.025476363636363634
-0.008834545454545454
-0.05362363636363636
-0.027530909090909092
-0.03800909090909091
-0.04930909090909091
0.17011636363636362
0.010889090909090909
0.09101636363636363
0.13929818181818182
-0.04663818181818182
0.11998545454545453
0.051569090909090905
0.041912727272727275
-0.05300727272727272
0.011094545454545454
-0.050747272727272724
-0.0786890909090909
0.05444545454545455
-0.1292309090909091
0.12697090909090908
0.014587272727272727
-0.048487272727272726
0.0904
0.07047090909090908
0.004725454545454545
0.15039272727272726
0.22764363636363635
-0.1321072727272727
0.17402
0.1012890909090909
-0.03965272727272728
0.16415818181818181
0.03554363636363636
-0.06923818181818181
0.007807272727272727
0.044994545454545454
-0.07889454545454545
0.14402363636363635
-0.021778181818181818
-0.02075090909090909
0.14628363636363637
-0.02670909090909091
0.005547272727272727
0.13847636363636362
0.028763636363636363
-0.031229090909090908
0.18285454545454544
-0.11279454545454545
0.06081454545454545
0.09615272727272728
-0.11279454545454545
0.11053454545454545
-0.033694545454545456
-0.12491636363636363
0.07560727272727272
0.12409454545454546
-0.12553272727272727
0.12594363636363634
0.09615272727272728
-0.044994545454545454
0.14895454545454545
0.038625454545454546
-0.029174545454545453
0.08711272727272727
0.025887272727272724
-0.11505454545454545
0.16806181818181817
-0.0039036363636363635
0.035954545454545454
0.2631872727272727
-0.027736363636363635
0.036776363636363635
0.18737454545454543
0.015614545454545454
-0.03657090909090909
0.08855090909090908
-0.07827818181818182
-0.028352727272727273
0.02218909090909091
-0.09944
0.024243636363636363
0.043556363636363636
-0.0067800000000000004
0.16354181818181818
0.13539454545454546
-0.013149090909090907
0.18840181818181817
0.07745636363636363
-0.029585454545454543
0.08197636363636364
-0.06389636363636363
-0.06800545454545455
0.12080727272727272
0.025476363636363634
-0.10519272727272726
0.039241818181818176
0.06122545454545455
0.055678181818181814
0.04807636363636364
0.12738181818181818
0.07458
0.16518545454545455
0.10293272727272727
-0.043350909090909086
0.27633636363636366
-0.10745272727272726
-0.027120000000000002
0.14936545454545455
-0.22250727272727272
-0.028558181818181816
0.0538290909090909
-0.03451636363636364
-0.02650363636363636
0.02527090909090909
0.022805454545454542
0.052390909090909085
0.022805454545454542
0.011505454545454544
0.059787272727272724
0.010067272727272725
-0.11628727272727273
0.08300363636363636
0.1356
-0.12203999999999998
0.20545454545454545
0.15265272727272727
-0.08115454545454545
0.07170363636363636
0.04396727272727272
-0.01171090909090909
0.00904
0.007190909090909091
0.02301090909090909
0.10868545454545453
-0.07786727272727272
0.025887272727272724
0.18737454545454543
-0.07704545454545454
0.06841636363636364
0.15039272727272726
-0.14073636363636363
0.00041090909090909085
0.16415818181818181
-0.08670181818181817
0.06348545454545454
0.14361272727272725
0.004314545454545455
0.12861454545454545
0.05485636363636363
0.002670909090909091
0.07930545454545455
-0.012121818181818182
-0.11197272727272727
0.11669818181818181
-0.007601818181818181
-0.11238363636363637
0.20771454545454546
0.07725090909090909
0.0447890909090909
0.18162181818181816
0.04787090909090909
0.03739272727272727
0.14012
-0.03636545454545455
-0.02301090909090909
0.09697454545454545
-0.07047090909090908
0.08526363636363636
0.15121454545454543
-0.055678181818181814
0.1171090909090909
0.14340727272727272
-0.03821454545454545
0.12902545454545453
0.008834545454545454
-0.11854727272727272
0.08259272727272728
0.038625454545454546
-0.018696363636363636
0.06841636363636364
-0.00020545454545454542
0.014587272727272727
0.1653909090909091
-0.1306690909090909
0.07232
0.1653909090909091
-0.12224545454545453
0.11793090909090909
0.020956363636363638
0.07848363636363635
-0.014792727272727272
0.0012327272727272727
0.05115818181818182
-0.11895818181818181
0.06348545454545454
-0.11115090909090909
0.14299636363636362
0.09245454545454544
-0.10149454545454545
0.2301090909090909
0.021367272727272728
0.08752363636363636
0.2364781818181818
-0.003287272727272727
0.02403818181818182
0.04211818181818182
-0.12306727272727273
-0.08793454545454545
-0.05958181818181818
-0.011505454545454544
0.034927272727272723
0.09122181818181817
0.05999272727272727
0.06800545454545455
0.20216727272727272
-0.06327999999999999
0.053212727272727266
0.07519636363636363
-0.13128545454545454
0.0012327272727272727
0.03020181818181818
0.034927272727272723
0.05362363636363636
0.12676545454545454
-0.00226
0.08896181818181817
0.17648545454545456
-0.011916363636363636
0.034310909090909086
0.028147272727272726
-0.11608181818181817
0.013765454545454546
0.08341454545454545
-0.07909999999999999
0.11628727272727273
0.09307090909090908
0.04437818181818182
0.22497272727272724
0.04684363636363636
0.04869272727272727
0.17792363636363634
-0.029996363636363634
0.016847272727272728
0.13087454545454547
-0.08629090909090908
-0.0067800000000000004
0.013765454545454546
-0.07889454545454545
0.004725454545454545
0.001849090909090909
-0.0452
-0.01705272727272727
0.06081454545454545
-0.009861818181818182
0.17854
0.17566363636363633
-0.0565
0.2535309090909091
0.1058090909090909
-0.12553272727272727
0.11156181818181818
-0.053212727272727266
-0.10375454545454545
0.06903272727272727
-0.04684363636363636
0.07006
0.18162181818181816
-0.0967690909090909
0.19641454545454545
0.2206581818181818
-0.0678
0.09594727272727273
0.03020181818181818
-0.06615636363636364
-0.1555290909090909
0.03903636363636363
-0.055061818181818184
-0.017874545454545452
0.14381818181818182
-0.01808
0.23524545454545454
0.06656727272727272
0.07827818181818182
0.2149054545454545
-0.01664181818181818
-0.07108727272727272
0.08444181818181817
-0.03944727272727273
-0.12779272727272725
0.18675818181818182
-0.03513272727272727
-0.08485272727272727
0.07108727272727272
0.027736363636363635
0.055883636363636364
0.08978363636363636
0.048487272727272726
0.12450545454545454
0.1360109090909091
-0.042529090909090905
0.13621636363636364
-0.0020545454545454547
-0.01849090909090909
0.08300363636363636
-0.012943636363636362
-0.07006
0.011094545454545454
0.15758363636363634
-0.09142727272727272
0.04129636363636364
0.051569090909090905
0.015409090909090907
0.13313454545454545
0.08341454545454545
0.011094545454545454
0.025887272727272724
0.02198363636363636
-0.08937272727272727
0.09081090909090908
-0.13765454545454545
-0.059787272727272724
0.11115090909090909
-0.06389636363636363
0.02342181818181818
0.1479272727272727
0.19723636363636363
0.013149090909090907
0.10313818181818181
0.05999272727272727
-0.0565
-0.04232363636363636
0.02116181818181818
0.07149818181818181
-0.02239454545454545
-0.06492363636363636
0.034927272727272723
0.24161454545454544
-0.008218181818181819
0.1577890909090909
0.18696363636363633
-0.09512545454545453
0.045610909090909084
0.042734545454545456
0.04232363636363636
-0.01849090909090909
-0.005547272727272727
-0.03636545454545455
0.042734545454545456
-0.04930909090909091
-0.03800909090909091
0.21757636363636362
0.05896545454545454
-0.012943636363636362
0.09615272727272728
0.031229090909090908
-0.07725090909090909
0.25579090909090907
0.10724727272727272
-0.13087454545454547
0.06656727272727272
-0.041707272727272725
-0.006574545454545454
0.06533454545454545
0.040063636363636364
0.05547272727272727
0.15183090909090907
0.07375818181818182
0.19107272727272728
0.15532363636363636
-0.041912727272727275
0.2525036363636364
0.10149454545454545
-0.13806545454545455
0.015203636363636362
0.03307818181818182
-0.15819999999999998
0.0010272727272727274
0.01992909090909091
-0.09964545454545454
0.027736363636363635
-0.023216363636363632
0.18449818181818184
0.13046363636363634
-0.15388545454545455
0.020545454545454544
0.1454618181818182
-0.0940981818181818
0.04458363636363636
0.1524472727272727
-0.08546909090909091
0.032872727272727276
0.011505454545454544
0.05280181818181818
0.11443818181818181
0.08588
0.11464363636363636
0.11402727272727273
-0.02938
-0.051569090909090905
0.22024727272727274
-0.030818181818181814
-0.0904
0.07560727272727272
-0.019312727272727273
-0.03410545454545454
0.08793454545454545
0.08731818181818181
-0.025887272727272724
0.02527090909090909
0.013354545454545456
0.08464727272727272
0.03020181818181818
0.019518181818181816
0.12039636363636362
0.06677272727272728
-0.08115454545454545
-0.05999272727272727
0.014792727272727272
-0.09122181818181817
0.10293272727272727
0.09718
-0.04663818181818182
0.08937272727272727
0.11608181818181817
0.053212727272727266
0.1216290909090909
0.113
0.03698181818181818
0.15306363636363635
0.03903636363636363
-0.05526727272727273
0.15080363636363636
0.028969090909090906
-0.07601818181818182
0.1668290909090909
-0.08526363636363636
-0.14032545454545453
0.22353454545454546
-0.01664181818181818
0.017874545454545452
0.1216290909090909
-0.10375454545454545
0.009245454545454545
0.06821090909090909
0.020545454545454544
0.0918381818181818
0.08320909090909091
-0.07622363636363635
0.08978363636363636
0.11012363636363637
-0.18614181818181816
0.06101999999999999
0.07930545454545455
-0.12758727272727272
0.05465090909090909
0.03821454545454545
0.009861818181818182
0.1727872727272727
0.05855454545454545
-0.03246181818181818
0.2025781818181818
-0.04129636363636364
-0.015819999999999997
0.2623654545454545
-0.1483381818181818
-0.06451272727272726
0.1325181818181818
0.012121818181818182
-0.0010272727272727274
0.13991454545454546
0.11977999999999998
0.041707272727272725
0.2147
-0.03143454545454545
0.06410181818181818
0.06697818181818181
-0.1653909090909091
0.1957981818181818
0.020545454545454544
-0.21326181818181816
0.16580181818181816
0.1035490909090909
-0.045610909090909084
0.0940981818181818
-0.021778181818181818
0.06574545454545455
0.11176727272727273
0.025065454545454544
0.013354545454545456
0.061841818181818185
0.028352727272727273
-0.07458
0.15039272727272726
-0.08218181818181818
-0.006574545454545454
0.226
-0.12676545454545454
0.02609272727272727
0.14299636363636362
-0.02157272727272727
0.07047090909090908
0.12347818181818182
0.02691454545454545
0.06204727272727273
0.05711636363636363
0.06821090909090909
0.033694545454545456
-0.030407272727272724
-0.04910363636363636
-0.03451636363636364
0.04129636363636364
-0.1314909090909091
0.056705454545454545
0.03533818181818182
-0.07355272727272727
0.19559272727272728
0.04211818181818182
-0.038625454545454546
0.055678181818181814
0.038625454545454546
-0.02670909090909091
0.041912727272727275
-0.027736363636363635
0.043350909090909086
0.1483381818181818
-0.02157272727272727
0.12019090909090908
0.11977999999999998
0.007601818181818181
0.07478545454545454
0.08793454545454545
-0.055678181818181814
0.027120000000000002
0.11505454545454545
-0.0226
0.06903272727272727
0.06348545454545454
0.02342181818181818
0.09944
0.054034545454545446
-0.1017
0.09019454545454544
0.05198
-0.12039636363636362
0.21716545454545452
0.07396363636363636
-0.006163636363636363
0.17545818181818182
0.07930545454545455
0.01623090909090909
0.09697454545454545
-0.05280181818181818
-0.04622727272727272
0.11238363636363637
-0.15080363636363636
-0.0012327272727272727
0.08218181818181818
-0.04972
0.0805381818181818
0.11772545454545454
-0.0447890909090909
0.06985454545454545
0.16908909090909088
-0.06451272727272726
0.05608909090909091
0.07211454545454546
-0.027325454545454545
0.09738545454545454
0.1351890909090909
0.0041090909090909095
0.17340363636363634
0.1125890909090909
-0.0538290909090909
0.18799090909090907
-0.09574181818181818
-0.13025818181818183
0.06800545454545455
-0.1148490909090909
-0.04068
0.14012
-0.04047454545454546
-0.0470490909090909
0.16724
-0.011916363636363636
0.02075090909090909
0.08505818181818181
0.021778181818181818
0.16806181818181817
0.04602181818181818
-0.025476363636363634
0.19374363636363634
0.0895781818181818
-0.033489090909090906
0.055678181818181814
-0.04869272727272727
-0.058349090909090906
0.08156545454545455
0.021367272727272728
-0.0678
0.08567454545454545
0.08177090909090909
0.05485636363636363
0.18984
0.08423636363636364
0.09553636363636364
0.15943272727272728
-0.07540181818181818
-0.028969090909090906
0.046432727272727264
-0.1921
-0.0012327272727272727
0.0749909090909091
-0.05896545454545454
0.07375818181818182
0.20196181818181816
0.038419999999999996
-0.06964909090909091
0.07704545454545454
-0.08998909090909091
-0.006163636363636363
0.06512909090909091
-0.04417272727272727
0.005958181818181818
0.1292309090909091
0.0452
0.10087818181818181
0.21798727272727272
-0.1808
0.21552181818181818
0.1058090909090909
-0.19867454545454544
0.08382545454545455
-0.09944
0.01849090909090909
0.00041090909090909085
0.07601818181818182
0.027530909090909092
0.10930181818181818
0.1257381818181818
0.03698181818181818
0.15614545454545453
-0.09861818181818181
0.035954545454545454
0.13642181818181817
-0.06985454545454545
-0.0786890909090909
0.21264545454545453
-0.11361636363636363
0.0226
0.1610763636363636
-0.19970181818181817
0.14135272727272727
-0.02157272727272727
-0.041707272727272725
0.12265636363636362
0.10601454545454544
0.023216363636363632
0.1939490909090909
0.08608545454545455
-0.06081454545454545
0.17895090909090908
-0.05937636363636363
-0.0012327272727272727
0.10868545454545453
0.05547272727272727
-0.07355272727272727
0.17073272727272726
0.05691090909090909
0.04663818181818182
0.20442727272727274
-0.08937272727272727
0.20545454545454545
0.022805454545454542
-0.12717636363636362
-0.0039036363636363635
-0.01808
-0.11752
0.10868545454545453
0.06204727272727273
-0.08629090909090908
0.23935454545454546
0.07971636363636364
0.16518545454545455
0.05341818181818182
0.005136363636363636
0.0041090909090909095
0.03410545454545454
-0.08238727272727273
-0.06985454545454545
0.14299636363636362
-0.18490909090909088
0.08690727272727272
0.04417272727272727
-0.08608545454545455
0.019723636363636363
0.18306
0.08855090909090908
-0.047665454545454546
0.17504727272727272
-0.006163636363636363
0.10272727272727272
-0.034927272727272723
-0.007807272727272727
0.055678181818181814
-0.06985454545454545
0.005958181818181818
0.12142363636363637
-0.04294
-0.19415454545454544
0.12183454545454545
0.013149090909090907
0.0918381818181818
0.00226
0.1791563636363636
0.07930545454545455
-0.017463636363636362
0.0805381818181818
-0.12409454545454546
0.20586545454545455
-0.11361636363636363
0.03554363636363636
0.02301090909090909
-0.08300363636363636
0.10087818181818181
0.14135272727272727
0.19415454545454544
-0.07622363636363635
0.13498363636363636
-0.025887272727272724
0.03472181818181818
0.0805381818181818
-0.08238727272727273
0.07889454545454545
0.07108727272727272
-0.08896181818181817
0.02691454545454545
0.15635090909090907
-0.0010272727272727274
0.3277
0.14381818181818182
0.02218909090909091
0.00041090909090909085
-0.03513272727272727
0.10457636363636363
-0.007396363636363636
-0.0016436363636363634
-0.25805090909090905
0.03225636363636363
0.030407272727272724
-0.027530909090909092
0.18059454545454545
0.014587272727272727
0.06944363636363636
0.11957454545454545
0.010889090909090909
0.013765454545454546
0.1586109090909091
-0.10375454545454545
0.10991818181818182
0.03821454545454545
-0.226
0.061841818181818185
0.03554363636363636
0.03903636363636363
0.022805454545454542
0.11094545454545454
0.06944363636363636
0.14566727272727273
0.08279818181818181
0.1125890909090909
0.18490909090909088
-0.018696363636363636
0.1076581818181818
0.11012363636363637
-0.04376181818181818
-0.20894727272727273
0.13046363636363634
-0.038419999999999996
-0.1586109090909091
0.07909999999999999
-0.10026181818181817
0.0786890909090909
0.00904
0.008012727272727272
0.07232
-0.03739272727272727
-0.030612727272727274
0.1980581818181818
0.040885454545454544
-0.14443454545454545
0.1586109090909091
0.06327999999999999
0.08300363636363636
0.12121818181818181
0.06512909090909091
0.15717272727272727
0.06595090909090909
0.026298181818181814
0.15059818181818183
0.051569090909090905
0.02342181818181818
-0.08608545454545455
-0.04889818181818182
0.07006
-0.16621272727272726
0.20278363636363633
-0.034927272727272723
-0.009861818181818182
0.18593636363636362
-0.2346290909090909
0.23154727272727274
0.09081090909090908
-0.028352727272727273
0.16128181818181817
-0.08074363636363636
0.05013090909090909
0.08752363636363636
-0.0010272727272727274
0.025887272727272724
-0.12388909090909091
-0.002876363636363636
-0.0016436363636363634
-0.06533454545454545
0.08793454545454545
-0.07848363636363635
0.2738709090909091
0.1257381818181818
-0.0764290909090909
0.31270181818181814
0.06430727272727273
0.045816363636363634
0.13806545454545455
-0.016847272727272728
0.0034927272727272728
0.06307454545454545
-0.0749909090909091
-0.01725818181818182
0.0470490909090909
-0.06574545454545455
-0.029585454545454543
0.1257381818181818
0.0034927272727272728
-0.05280181818181818
0.19271636363636363
-0.08670181818181817
0.09759090909090909
0.17422545454545454
-0.13457272727272726
0.12080727272727272
0.06225272727272727
-0.03780363636363636
0.06841636363636364
-0.05732181818181818
-0.06225272727272727
0.15594
0.01664181818181818
-0.12409454545454546
0.09964545454545454
0.16600727272727273
-0.0020545454545454547
0.1261490909090909
0.05465090909090909
-0.0447890909090909
0.16888363636363635
-0.06697818181818181
-0.033489090909090906
0.13128545454545454
-0.11895818181818181
-0.040063636363636364
0.1935381818181818
-0.04109090909090909
0.09759090909090909
0.1713490909090909
0.0006163636363636364
0.20011272727272728
0.006574545454545454
-0.028352727272727273
0.008423636363636364
0.09861818181818181
-0.028558181818181816
-0.0113
0.05855454545454545
-0.12388909090909091
0.16436363636363635
-0.029174545454545453
0.07909999999999999
0.0904
0.014792727272727272
0.06574545454545455
0.03780363636363636
0.020545454545454544
-0.08218181818181818
0.17628
-0.19271636363636363
0.0008218181818181817
0.06101999999999999
-0.12265636363636362
0.12060181818181817
0.055678181818181814
0.0470490909090909
0.1356
0.28270545454545454
0.016847272727272728
0.24223090909090908
0.1103290909090909
-0.031023636363636364
0.12203999999999998
-0.05485636363636363
-0.05608909090909091
-0.10252181818181817
0.03307818181818182
-0.11628727272727273
0.062458181818181815
-0.04746
-0.03903636363636363
0.18162181818181816
-0.030612727272727274
0.028352727272727273
0.06040363636363636
0.015203636363636362
-0.049925454545454544
0.16806181818181817
-0.10067272727272727
0.06636181818181817
0.17155454545454543
-0.04068
0.23257454545454545
0.02342181818181818
0.013149090909090907
0.04540545454545454
0.08649636363636364
-0.12039636363636362
-0.033489090909090906
0.09697454545454545
-0.09861818181818181
0.1261490909090909
0.02362727272727273
-0.03246181818181818
0.15450181818181818
0.07026545454545453
-0.08896181818181817
0.15840545454545454
-0.038419999999999996
-0.07725090909090909
0.13765454545454545
-0.04150181818181818
0.05280181818181818
0.05136363636363636
0.07211454545454546
-0.011505454545454544
0.14587272727272727
-0.030407272727272724
-0.17484181818181818
0.18162181818181816
-0.13169636363636364
-0.0402690909090909
0.13498363636363636
-0.15203636363636364
0.11402727272727273
0.21059090909090908
-0.05280181818181818
0.23442363636363636
0.12861454545454545
-0.07725090909090909
0.18018363636363635
0.019312727272727273
-0.051569090909090905
0.08567454545454545
0.0967690909090909
-0.0024654545454545454
0.08362
0.08362
0.08752363636363636
0.13395636363636362
-0.047665454545454546
0.045816363636363634
0.020545454545454544
-0.08772909090909091
0.06225272727272727
0.09368727272727272
-0.09923454545454545
0.07848363636363635
0.07252545454545453
-0.0470490909090909
0.14135272727272727
0.001438181818181818
0.06800545454545455
0.17525272727272728
0.012532727272727272
0.06862181818181817
0.23134181818181818
0.028763636363636363
-0.0113
0.10211090909090909
-0.08423636363636364
-0.06964909090909091
0.02486
-0.10745272727272726
-0.041707272727272725
0.0628690909090909
-0.11567090909090909
0.14587272727272727
0.17176
-0.0764290909090909
0.23298545454545452
0.12984727272727273
-0.05855454545454545
0.07396363636363636
-0.04787090909090909
-0.06492363636363636
-0.04869272727272727
-0.03883090909090909
0.039241818181818176
0.016847272727272728
0.15203636363636364
0.04622727272727272
0.005547272727272727
0.04150181818181818
-0.12532727272727273
0.08731818181818181
-0.11094545454545454
-0.12203999999999998
0.19415454545454544
-0.06143090909090909
0.05526727272727273
0.2142890909090909
0.01171090909090909
0.04540545454545454
0.1645690909090909
0.09430363636363637
0.004314545454545455
0.05177454545454545
0.005752727272727272
0.007396363636363636
0.06985454545454545
-0.04602181818181818
0.031229090909090908
0.1103290909090909
-0.01766909090909091
0.18162181818181816
0.12820363636363635
-0.16189818181818183
0.17566363636363633
0.0895781818181818
-0.10087818181818181
0.05896545454545454
0.07375818181818182
0.048487272727272726
-0.00041090909090909085
0.1551181818181818
-0.13498363636363636
0.05198
0.09820727272727273
-0.17854
0.2206581818181818
-0.07232
0.056705454545454545
0.22764363636363635
-0.04746
0.08115454545454545
0.09553636363636364
0.045610909090909084
-0.09615272727272728
0.0452
0.027325454545454545
-0.059170909090909087
0.12902545454545453
0.03472181818181818
0.006574545454545454
0.2120290909090909
0.02034
0.06040363636363636
0.18285454545454544
-0.12450545454545454
0.1360109090909091
-0.07540181818181818
-0.2541472727272727
0.07006
-0.07951090909090908
-0.08937272727272727
0.07971636363636364
0.13765454545454545
-0.02568181818181818
0.18860727272727273
0.15819999999999998
-0.06841636363636364
0.12142363636363637
0.002670909090909091
0.034927272727272723
0.08177090909090909
-0.08320909090909091
-0.0010272727272727274
0.09759090909090909
-0.005547272727272727
0.042734545454545456
0.02239454545454545
-0.01623090909090909
0.14279090909090908
0.0990290909090909
-0.019312727272727273
0.04047454545454546
0.12676545454545454
-0.05937636363636363
0.07745636363636363
0.09265999999999999
-0.10478181818181817
0.12902545454545453
0.04910363636363636
-0.033489090909090906
0.061841818181818185
-0.051569090909090905
0.02486
0.17258181818181817
-0.07519636363636363
0.002670909090909091
0.23052
-0.040885454545454544
-0.03965272727272728
0.13128545454545454
-0.0226
-0.15121454545454543
0.08259272727272728
0.0895781818181818
-0.02116181818181818
0.12286181818181818
0.0069854545454545456
0.032667272727272725
0.17381454545454544
-0.014381818181818181
0.036776363636363635
0.07704545454545454
-0.1727872727272727
0.041912727272727275
0.08649636363636364
-0.2177818181818182
0.11567090909090909
0.16272
-0.07581272727272727
0.16498
0.031229090909090908
0.08300363636363636
0.24305272727272725
-0.1296418181818182
0.033694545454545456
0.10560363636363636
-0.16498
-0.0113
0.12409454545454546
-0.03513272727272727
-0.10909636363636364
0.16436363636363635
0.034927272727272723
-0.0895781818181818
0.15059818181818183
-0.00904
0.011505454545454544
0.08834545454545455
-0.1454618181818182
0.13498363636363636
0.1894290909090909
-0.18182727272727273
0.14237999999999998
0.05773272727272727
-0.18470363636363635
0.2816781818181818
0.11197272727272727
0.0
0.1623090909090909
0.0063690909090909084
0.16189818181818183
0.1292309090909091
0.00862909090909091
0.15429636363636362
0.10601454545454544
-0.09450909090909092
-0.028352727272727273
0.0470490909090909
-0.07663454545454546
0.012327272727272727
0.0470490909090909
-0.15429636363636362
-0.04622727272727272
0.08978363636363636
-0.0039036363636363635
0.13806545454545455
0.002670909090909091
-0.08177090909090909
0.1076581818181818
-0.05526727272727273
-0.02301090909090909
0.1637472727272727
0.02362727272727273
-0.057527272727272726
0.1569672727272727
0.05341818181818182
0.0764290909090909
0.29564909090909086
0.042734545454545456
0.05814363636363636
0.10375454545454545
-0.12368363636363637
0.032872727272727276
0.07848363636363635
-0.15819999999999998
0.03451636363636364
-0.040063636363636364
-0.12265636363636362
0.09389272727272728
0.02198363636363636
0.07006
0.03472181818181818
0.0749909090909091
-0.06512909090909091
0.07766181818181818
0.1483381818181818
-0.10930181818181818
0.07519636363636363
-0.014381818181818181
-0.02342181818181818
0.005958181818181818
-0.02301090909090909
-0.006574545454545454
0.20463272727272727
0.001438181818181818
-0.001438181818181818
0.21922
-0.1296418181818182
0.24613454545454547
0.113
-0.06738909090909091
0.11176727272727273
0.029585454545454543
0.06143090909090909
0.013149090909090907
0.11197272727272727
-0.02075090909090909
0.031845454545454545
0.02301090909090909
-0.05198
0.05526727272727273
0.11238363636363637
-0.07848363636363635
0.03985818181818182
0.05999272727272727
-0.21285090909090906
0.26174909090909093
0.08731818181818181
-0.05999272727272727
0.12224545454545453
-0.02609272727272727
-0.03328363636363636
0.1781290909090909
0.07334727272727272
-0.18573090909090906
0.10786363636363637
-0.08156545454545455
-0.06677272727272728
0.11156181818181818
0.010683636363636364
0.07622363636363635
0.13087454545454547
0.009656363636363637
0.005958181818181818
0.19867454545454544
-0.056705454545454545
0.05115818181818182
0.10457636363636363
-0.18223818181818183
-0.033694545454545456
0.1103290909090909
0.01890181818181818
0.19826363636363634
0.11834181818181817
-0.02034
0.24633999999999998
-0.03513272727272727
-0.007601818181818181
0.13169636363636364
-0.02239454545454545
-0.11649272727272726
0.0
-0.004725454545454545
-0.0904
0.1411472727272727
-0.04047454545454546
0.08752363636363636
0.10560363636363636
-0.0339
0.14566727272727273
0.0990290909090909
-0.030612727272727274
0.08300363636363636
0.03616
-0.10067272727272727
0.14895454545454545
0.042529090909090905
0.02342181818181818
0.05526727272727273
0.02218909090909091
-0.020956363636363638
0.008834545454545454
0.13128545454545454
0.035954545454545454
0.1781290909090909
0.010889090909090909
0.06019818181818181
0.16744545454545454
-0.048487272727272726
0.014176363636363636
0.01992909090909091
-0.08300363636363636
-0.05732181818181818
0.045816363636363634
-0.09615272727272728
-0.05115818181818182
0.09245454545454544
0.02362727272727273
-0.010067272727272725
0.13190181818181818
-0.005547272727272727
-0.030818181818181814
0.11690363636363636
-0.1292309090909091
0.0727309090909091
0.028147272727272726
-0.03718727272727273
0.20360545454545456
0.05814363636363636
-0.029585454545454543
0.15121454545454543
0.16641818181818183
-0.12265636363636362
0.043350909090909086
0.04314545454545454
-0.07293636363636363
0.14320181818181818
0.04889818181818182
-0.09656363636363637
0.08731818181818181
0.07478545454545454
-0.02013454545454545
0.12676545454545454
-0.09081090909090908
-0.01705272727272727
0.18490909090909088
-0.055883636363636364
-0.002876363636363636
0.22497272727272724
0.06738909090909091
0.030818181818181814
0.1723763636363636
-0.04910363636363636
0.031845454545454545
0.030612727272727274
-0.10642545454545453
0.03246181818181818
-0.029174545454545453
-0.06163636363636363
0.10786363636363637
0.14258545454545454
0.021778181818181818
0.17319818181818183
0.07108727272727272
-0.0452
0.1678563636363636
0.05136363636363636
-0.09861818181818181
0.07786727272727272
0.04068
-0.04294
0.19600363636363635
0.01890181818181818
0.08649636363636364
0.18141636363636363
-0.08998909090909091
0.050747272727272724
0.0030818181818181817
-0.12409454545454546
0.038419999999999996
-0.015409090909090907
-0.16908909090909088
0.08731818181818181
0.07190909090909091
-0.039241818181818176
0.12882
0.028763636363636363
0.033489090909090906
0.13580545454545453
0.0024654545454545454
0.020956363636363638
0.24757272727272725
-0.02527090909090909
-0.04663818181818182
0.19538727272727272
-0.10396
-0.028147272727272726
0.10868545454545453
-0.12902545454545453
-0.032872727272727276
0.10313818181818181
-0.07848363636363635
0.04294
0.21346727272727273
0.05855454545454545
0.15450181818181818
0.16128181818181817
-0.027736363636363635
0.12717636363636362
0.06492363636363636
-0.1653909090909091
0.04396727272727272
-0.07314181818181818
-0.1623090909090909
0.1678563636363636
0.09841272727272728
0.026298181818181814
0.12429999999999998
0.09327636363636364
0.00452
0.027530909090909092
0.013354545454545456
-0.07951090909090908
0.03698181818181818
0.06204727272727273
-0.0039036363636363635
0.13642181818181817
0.07088181818181817
0.09348181818181817
0.2919509090909091
-0.1088909090909091
-0.04068
0.20134545454545455
-0.10313818181818181
0.02568181818181818
-0.015203636363636362
-0.12203999999999998
0.05691090909090909
0.035954545454545454
0.027736363636363635
0.09245454545454544
0.07026545454545453
0.02486
0.0727309090909091
0.031639999999999995
-0.09471454545454545
0.07458
0.054034545454545446
-0.1321072727272727
0.13395636363636362
-0.028969090909090906
-0.14854363636363635
0.20381090909090907
0.02403818181818182
-0.08567454545454545
0.12594363636363634
0.0020545454545454547
0.0565
0.22168545454545452
-0.042529090909090905
0.08259272727272728
0.13847636363636362
-0.06677272727272728
0.02444909090909091
-0.0016436363636363634
-0.10560363636363636
0.015614545454545454
0.13991454545454546
-0.03944727272727273
0.08711272727272727
0.11135636363636363
0.08403090909090909
0.20689272727272728
0.06019818181818181
0.046432727272727264
0.07951090909090908
0.003287272727272727
-0.04889818181818182
0.03616
-0.14299636363636362
0.04068
0.23052
-0.02218909090909091
0.09327636363636364
0.14710545454545454
0.10868545454545453
0.08896181818181817
0.10334363636363636
-0.08464727272727272
-0.055061818181818184
0.058349090909090906
-0.1370381818181818
0.016025454545454544
0.01705272727272727
-0.04396727272727272
0.11608181818181817
0.10539818181818181
0.031229090909090908
0.14505090909090906
0.08444181818181817
0.12697090909090908
0.1600490909090909
-0.10026181818181817
0.07745636363636363
0.02218909090909091
-0.08300363636363636
-0.09594727272727273
-0.0016436363636363634
0.042734545454545456
-0.11669818181818181
0.09615272727272728
-0.10909636363636364
-0.01705272727272727
0.09800181818181818
-0.059170909090909087
0.15902181818181815
0.0741690909090909
-0.06512909090909091
0.11197272727272727
0.12224545454545453
-0.10272727272727272
0.038419999999999996
0.003287272727272727
-0.07437454545454546
0.048487272727272726
0.01171090909090909
-0.008012727272727272
0.07786727272727272
0.14669454545454544
0.012943636363636362
0.17196545454545456
0.07909999999999999
-0.14299636363636362
0.0727309090909091
0.05629454545454545
-0.12635454545454544
0.038625454545454546
0.11156181818181818
-0.041707272727272725
0.15203636363636364
0.05896545454545454
0.18182727272727273
0.29051272727272726
-0.04150181818181818
0.1374490909090909
0.10190545454545454
-0.14772181818181818
-0.04663818181818182
0.07725090909090909
-0.12984727272727273
-0.12902545454545453
0.0538290909090909
-0.02034
0.08259272727272728
0.12142363636363637
0.013149090909090907
0.13477818181818182
0.12203999999999998
-0.08834545454545455
0.10663090909090908
0.04725454545454546
-0.08670181818181817
0.19826363636363634
0.008012727272727272
-0.16415818181818181
0.1224509090909091
0.11608181818181817
-0.01890181818181818
0.19148363636363636
0.06738909090909091
0.03205090909090909
0.19764727272727273
-0.004725454545454545
0.11135636363636363
0.08012727272727273
-0.07006
0.050747272727272724
-0.0016436363636363634
-0.1284090909090909
-0.07930545454545455
-0.002670909090909091
-0.034310909090909086
0.01849090909090909
-0.044994545454545454
0.0447890909090909
0.19477090909090908
-0.011094545454545454
-0.026298181818181814
0.14751636363636364
-0.05198
-0.044994545454545454
0.15470727272727272
-0.09307090909090908
-0.005958181818181818
0.05732181818181818
0.005752727272727272
0.1781290909090909
0.11238363636363637
0.07848363636363635
0.14464
0.15059818181818183
-0.06985454545454545
0.015614545454545454
0.08793454545454545
-0.14813272727272728
0.07745636363636363
0.06225272727272727
-0.09882363636363636
0.08690727272727272
0.04109090909090909
0.021778181818181818
0.10930181818181818
-0.040885454545454544
-0.012943636363636362
0.0339
-0.04150181818181818
0.02979090909090909
0.06882727272727272
0.05259636363636363
-0.07108727272727272
0.0749909090909091
0.028969090909090906
-0.1247109090909091
0.1337509090909091
0.031845454545454545
0.014587272727272727
0.10930181818181818
-0.005547272727272727
0.10786363636363637
0.226
0.057527272727272726
0.07006
0.14443454545454545
-0.04787090909090909
0.08033272727272728
0.03636545454545455
-0.15265272727272727
0.015203636363636362
0.00452
-0.12594363636363634
0.034927272727272723
0.07108727272727272
0.029996363636363634
0.1678563636363636
-0.013560000000000001
0.00226
0.14484545454545456
0.0764290909090909
0.026298181818181814
0.11628727272727273
-0.0039036363636363635
-0.08423636363636364
0.22682181818181818
-0.06821090909090909
-0.07149818181818181
0.11772545454545454
-0.14176363636363634
-0.054240000000000003
0.08731818181818181
-0.0565
0.005136363636363636
0.1935381818181818
0.007190909090909091
0.0967690909090909
0.07601818181818182
0.04972
0.19025090909090905
0.05095272727272727
-0.1017
-0.003287272727272727
0.05608909090909091
-0.11587636363636362
0.20894727272727273
0.07622363636363635
-0.009656363636363637
0.21511090909090907
0.034310909090909086
0.013970909090909091
0.0030818181818181817
-0.004314545454545455
-0.04437818181818182
0.028558181818181816
-0.1551181818181818
-0.002670909090909091
0.13457272727272726
-0.0990290909090909
0.10087818181818181
0.11526
0.01664181818181818
0.04211818181818182
0.12368363636363637
-0.01992909090909091
0.06800545454545455
0.03616
-0.10622
0.12429999999999998
-0.0069854545454545456
-0.02157272727272727
0.12882
-0.0067800000000000004
-0.1454618181818182
0.13929818181818182
0.05547272727272727
-0.011505454545454544
0.17792363636363634
0.052390909090909085
0.15840545454545454
0.04663818181818182
0.07355272727272727
0.04458363636363636
0.04314545454545454
-0.020545454545454544
-0.1984690909090909
0.07540181818181818
-0.14402363636363635
-0.043350909090909086
0.1608709090909091
-0.08033272727272728
0.10950727272727273
0.19888
-0.00226
0.09389272727272728
0.05526727272727273
-0.05341818181818182
0.0538290909090909
-0.04294
0.021367272727272728
0.028147272727272726
0.12738181818181818
0.11176727272727273
0.11094545454545454
0.1341618181818182
-0.1284090909090909
0.1984690909090909
-0.03636545454545455
-0.16970545454545455
0.20648181818181818
-0.05485636363636363
-0.010067272727272725
0.14669454545454544
0.030407272727272724
0.03554363636363636
0.09389272727272728
0.006163636363636363
-0.01725818181818182
-0.020545454545454544
-0.07067636363636363
0.022805454545454542
0.10930181818181818
-0.06985454545454545
0.03513272727272727
0.21860363636363636
-0.07519636363636363
0.10334363636363636
0.09430363636363637
-0.1495709090909091
0.010067272727272725
-0.03020181818181818
-0.04663818181818182
-0.010478181818181819
0.03554363636363636
0.06882727272727272
0.10211090909090909
0.059170909090909087
0.055678181818181814
0.22230181818181818
0.01705272727272727
-0.06143090909090909
0.13785999999999998
-0.04376181818181818
-0.07293636363636363
0.15491272727272726
0.03821454545454545
0.028558181818181816
0.1668290909090909
-0.010478181818181819
0.09389272727272728
0.14731090909090908
-0.12553272727272727
0.038419999999999996
0.024654545454545453
-0.1608709090909091
0.05054181818181818
0.03780363636363636
-0.02527090909090909
0.10704181818181817
0.06862181818181817
0.05773272727272727
0.06369090909090909
0.045610909090909084
0.10806909090909089
0.10190545454545454
0.06410181818181818
0.04602181818181818
0.09245454545454544
0.027120000000000002
0.007807272727272727
0.15080363636363636
-0.0786890909090909
-0.06122545454545455
0.052390909090909085
-0.12327272727272726
0.12820363636363635
0.07006
-0.028558181818181816
0.18737454545454543
0.042529090909090905
0.11197272727272727
0.13107999999999997
-0.02650363636363636
-0.009861818181818182
-0.041707272727272725
-0.043556363636363636
-0.14607818181818183
-0.008218181818181819
0.09163272727272727
-0.019518181818181816
0.13005272727272726
0.009656363636363637
-0.01992909090909091
0.15984363636363638
-0.045610909090909084
-0.10375454545454545
0.03246181818181818
-0.041707272727272725
-0.05300727272727272
0.14710545454545454
0.11156181818181818
0.03513272727272727
0.1836763636363636
0.07478545454545454
0.05054181818181818
0.08793454545454545
-0.038625454545454546
0.05855454545454545
-0.002876363636363636
-0.15819999999999998
0.024243636363636363
0.028147272727272726
-0.08382545454545455
0.16210363636363637
0.1216290909090909
-0.032667272727272725
0.11402727272727273
0.028558181818181816
-0.020545454545454544
0.1374490909090909
-0.00452
-0.033694545454545456
0.22004181818181817
-0.01890181818181818
0.0034927272727272728
0.20771454545454546
-0.0940981818181818
0.021367272727272728
0.14566727272727273
-0.1321072727272727
-0.0402690909090909
0.21120727272727272
-0.028763636363636363
0.07293636363636363
0.2274381818181818
-0.1454618181818182
0.11854727272727272
0.17032181818181816
-0.1623090909090909
0.09224909090909092
0.06492363636363636
-0.1411472727272727
0.13272363636363635
0.06697818181818181
-0.028558181818181816
0.15142
0.07396363636363636
0.09533090909090909
0.15491272727272726
-0.00226
-0.07622363636363635
0.14854363636363635
-0.11012363636363637
-0.12655999999999998
0.05259636363636363
-0.11669818181818181
0.16703454545454544
0.03410545454545454
-0.05259636363636363
0.17566363636363633
0.08444181818181817
-0.054240000000000003
0.13457272727272726
0.09718
-0.22682181818181818
0.03739272727272727
0.06122545454545455
-0.04232363636363636
-0.007396363636363636
-0.03472181818181818
0.06143090909090909
0.09533090909090909
0.004314545454545455
0.07848363636363635
0.23545090909090907
-0.001849090909090909
0.011505454545454544
0.15840545454545454
-0.06574545454545455
-0.07375818181818182
0.1727872727272727
0.004725454545454545
-0.022805454545454542
0.010272727272727272
-0.07232
0.15306363636363635
-0.0904
-0.014176363636363636
0.18306
-0.04068
0.01890181818181818
0.12286181818181818
0.08279818181818181
-0.05300727272727272
0.08012727272727273
0.10745272727272726
-0.08690727272727272
0.04232363636363636
0.1314909090909091
0.0
0.16189818181818183
0.05259636363636363
0.004725454545454545
0.17607454545454546
-0.042529090909090905
0.06800545454545455
0.011916363636363636
-0.1017
-0.017874545454545452
0.04376181818181818
-0.02301090909090909
-0.0470490909090909
0.08218181818181818
0.03410545454545454
0.19086727272727272
0.1224509090909091
0.09224909090909092
0.12717636363636362
-0.013970909090909091
-0.05937636363636363
0.054034545454545446
0.02239454545454545
-0.19970181818181817
0.04232363636363636
0.0
-0.13580545454545453
0.08197636363636364
0.04663818181818182
-0.041912727272727275
0.12142363636363637
0.06677272727272728
-0.06718363636363636
0.08978363636363636
-0.0024654545454545454
0.035954545454545454
0.07848363636363635
-0.02362727272727273
-0.0010272727272727274
0.09019454545454544
-0.00945090909090909
0.008834545454545454
0.3157836363636363
-0.015614545454545454
0.03985818181818182
0.1984690909090909
0.014792727272727272
0.11074
0.033694545454545456
0.06327999999999999
0.10991818181818182
-0.03225636363636363
-0.09142727272727272
0.06862181818181817
-0.03739272727272727
-0.0452
0.08300363636363636
-0.04458363636363636
-0.06512909090909091
0.11361636363636363
0.11752
-0.05054181818181818
0.19826363636363634
0.033489090909090906
-0.002670909090909091
0.18593636363636362
-0.08238727272727273
0.06019818181818181
0.05033636363636364
-0.060609090909090904
0.10437090909090908
0.1415581818181818
0.027941818181818182
0.12532727272727273
0.13847636363636362
0.0
0.11402727272727273
-0.02609272727272727
-0.04396727272727272
-0.010067272727272725
-0.04972
-0.009861818181818182
-0.03307818181818182
0.024654545454545453
-0.0039036363636363635
0.13025818181818183
0.029996363636363634
-0.06163636363636363
0.09964545454545454
0.007807272727272727
-0.011094545454545454
0.010889090909090909
-0.0008218181818181817
-0.015614545454545454
0.05300727272727272
-0.05136363636363636
-0.07683999999999999
0.04150181818181818
-0.028352727272727273
0.12121818181818181
0.06944363636363636
-0.013354545454545456
0.14731090909090908
0.1569672727272727
0.08177090909090909
0.1325181818181818
0.16066545454545456
0.018696363636363636
0.027736363636363635
0.08259272727272728
-0.021778181818181818
-0.02527090909090909
-0.00904
-0.1341618181818182
0.06903272727272727
-0.005136363636363636
-0.13498363636363636
0.26976181818181816
0.07581272727272727
-0.08608545454545455
0.09327636363636364
0.00226
0.08259272727272728
0.16662363636363633
-0.02157272727272727
0.041707272727272725
0.16991090909090908
-0.02218909090909091
0.025476363636363634
0.06923818181818181
-0.0764290909090909
-0.06266363636363637
0.061841818181818185
-0.12553272727272727
-0.035749090909090904
0.21182363636363635
-0.0678
0.10313818181818181
0.14628363636363637
-0.05115818181818182
0.16477454545454545
0.06697818181818181
-0.08403090909090909
0.15265272727272727
-0.09122181818181817
-0.16415818181818181
0.2623654545454545
0.054034545454545446
0.042734545454545456
0.2387381818181818
0.10991818181818182
-0.0069854545454545456
0.0967690909090909
-0.02362727272727273
-0.07375818181818182
0.05465090909090909
-0.19723636363636363
-0.045610909090909084
-0.05485636363636363
-0.06204727272727273
0.1341618181818182
0.04684363636363636
0.07129272727272727
0.1411472727272727
0.09245454545454544
-0.011505454545454544
0.15491272727272726
0.06492363636363636
-0.03328363636363636
0.043350909090909086
-0.02013454545454545
0.025887272727272724
0.10519272727272726
0.045816363636363634
-0.04068
0.08279818181818181
-0.02650363636363636
0.06903272727272727
0.11526
-0.06225272727272727
0.18490909090909088
0.12409454545454546
-0.05362363636363636
0.058349090909090906
0.08690727272727272
-0.018285454545454546
0.020545454545454544
0.0020545454545454547
-0.057527272727272726
-0.0749909090909091
-0.010067272727272725
0.14505090909090906
0.03225636363636363
0.08423636363636364
0.041912727272727275
0.06451272727272726
0.06903272727272727
-0.11074
0.1103290909090909
-0.0008218181818181817
-0.11443818181818181
0.12429999999999998
0.014998181818181817
0.0063690909090909084
0.19148363636363636
0.00041090909090909085
0.08341454545454545
0.09718
-0.13909272727272726
0.07026545454545453
0.05937636363636363
-0.040885454545454544
0.013765454545454546
0.0749909090909091
0.0069854545454545456
0.05485636363636363
0.20196181818181816
-0.08567454545454545
0.0041090909090909095
0.10724727272727272
-0.16559636363636362
0.031023636363636364
0.08588
-0.041707272727272725
0.14505090909090906
0.07971636363636364
0.007396363636363636
0.14217454545454544
0.0113
-0.08115454545454545
0.048487272727272726
-0.0470490909090909
-0.1306690909090909
0.13087454545454547
0.030612727272727274
0.0
0.23442363636363636
0.06122545454545455
0.10437090909090908
0.18141636363636363
0.03718727272727273
0.031023636363636364
0.09265999999999999
-0.030407272727272724
-0.03328363636363636
0.07971636363636364
-0.06944363636363636
0.09348181818181817
0.20011272727272728
-0.02218909090909091
0.09861818181818181
0.12388909090909091
-0.08156545454545455
0.05629454545454545
-0.07026545454545453
-0.1676509090909091
0.04972
0.012532727272727272
0.08690727272727272
0.019723636363636363
-0.017874545454545452
0.11382181818181818
0.07807272727272727
0.029996363636363634
0.09450909090909092
0.14402363636363635
-0.012532727272727272
0.09163272727272727
0.14484545454545456
-0.07211454545454546
0.042529090909090905
0.06677272727272728
-0.10950727272727273
0.04129636363636364
-0.06040363636363636
-0.07314181818181818
0.18449818181818184
-0.05896545454545454
0.001438181818181818
0.1296418181818182
0.07930545454545455
0.15450181818181818
0.14772181818181818
0.03533818181818182
-0.09882363636363636
0.07458
-0.02013454545454545
-0.17176
-0.06019818181818181
-0.05485636363636363
0.03821454545454545
0.15203636363636364
0.07519636363636363
0.1193690909090909
0.12532727272727273
-0.041707272727272725
0.05773272727272727
0.015203636363636362
-0.08814
0.030818181818181814
0.12224545454545453
0.03020181818181818
-0.011916363636363636
0.14176363636363634
0.11197272727272727
0.10539818181818181
0.11341090909090909
0.0041090909090909095
0.0447890909090909
0.0041090909090909095
-0.12697090909090908
0.10827454545454546
-0.05629454545454545
-0.19127818181818182
0.22579454545454544
0.025887272727272724
0.02198363636363636
0.18223818181818183
0.05526727272727273
0.1103290909090909
0.06615636363636364
0.01171090909090909
-0.051569090909090905
0.07375818181818182
0.030612727272727274
-0.08218181818181818
0.07827818181818182
-0.10252181818181817
-0.05814363636363636
0.13785999999999998
-0.08341454545454545
-0.014381818181818181
0.14320181818181818
0.00020545454545454542
0.1296418181818182
0.21264545454545453
0.01171090909090909
0.06821090909090909
0.08978363636363636
-0.027530909090909092
-0.022805454545454542
-0.03985818181818182
0.027120000000000002
0.05280181818181818
-0.005547272727272727
0.012738181818181817
0.10108363636363636
0.07170363636363636
0.0447890909090909
0.2516818181818182
-0.03985818181818182
-0.08546909090909091
0.08834545454545455
-0.1356
-0.005958181818181818
-0.03205090909090909
-0.06369090909090909
0.07375818181818182
0.07786727272727272
0.05341818181818182
0.17751272727272727
0.15367999999999998
0.05280181818181818
0.17566363636363633
0.0067800000000000004
-0.12039636363636362
0.06903272727272727
0.11094545454545454
-0.10909636363636364
0.05362363636363636
0.008218181818181819
-0.06615636363636364
0.15758363636363634
-0.014176363636363636
0.16292545454545454
0.1337509090909091
0.017874545454545452
0.11977999999999998
0.06307454545454545
-0.03410545454545454
-0.023832727272727273
0.10786363636363637
-0.07149818181818181
-0.02013454545454545
0.02444909090909091
-0.014792727272727272
0.007396363636363636
0.05547272727272727
-0.04684363636363636
-0.031229090909090908
0.07807272727272727
-0.03410545454545454
0.2525036363636364
0.005752727272727272
-0.039241818181818176
0.18593636363636362
0.0034927272727272728
-0.01849090909090909
0.01849090909090909
0.07108727272727272
-0.16847272727272727
0.03821454545454545
0.07314181818181818
-0.06451272727272726
0.17176
0.06574545454545455
-0.005752727272727272
0.06143090909090909
-0.005547272727272727
-0.014792727272727272
0.09286545454545453
-0.13107999999999997
0.059787272727272724
0.08814
-0.18901818181818184
0.17545818181818182
0.22826000000000002
0.09081090909090908
0.09656363636363637
0.09450909090909092
-0.04622727272727272
0.02650363636363636
0.008012727272727272
-0.12039636363636362
0.04972
-0.12635454545454544
-0.1495709090909091
0.12121818181818181
0.08649636363636364
-0.07067636363636363
0.2138781818181818
0.12717636363636362
-0.10375454545454545
0.18182727272727273
0.05115818181818182
-0.027530909090909092
0.12265636363636362
-0.0039036363636363635
0.038419999999999996
0.13621636363636364
-0.13436727272727272
0.10437090909090908
0.20196181818181816
-0.008834545454545454
0.19826363636363634
0.0749909090909091
0.015614545454545454
0.08772909090909091
0.11752
0.038625454545454546
0.04458363636363636
0.04663818181818182
-0.09101636363636363
0.031845454545454545
-0.09738545454545454
-0.0786890909090909
0.1125890909090909
-0.10971272727272725
-0.09820727272727273
0.15717272727272727
-0.02157272727272727
0.03451636363636364
0.20607090909090908
-0.002876363636363636
0.054034545454545446
0.02218909090909091
-0.007396363636363636
0.07252545454545453
-0.0113
-0.02979090909090909
0.09101636363636363
0.05526727272727273
0.08279818181818181
0.23668363636363635
0.010272727272727272
0.01705272727272727
0.09224909090909092
0.03513272727272727
-0.03472181818181818
-0.05259636363636363
0.042734545454545456
-0.09060545454545453
0.0020545454545454547
-0.008834545454545454
0.07047090909090908
0.13477818181818182
-0.12450545454545454
0.09163272727272727
0.11464363636363636
-0.12039636363636362
0.02670909090909091
0.07108727272727272
-0.03451636363636364
0.06800545454545455
-0.006163636363636363
-0.07992181818181819
0.05691090909090909
0.08546909090909091
0.05198
0.04828181818181818
0.04211818181818182
-0.007601818181818181
0.12265636363636362
0.113
0.02342181818181818
0.18573090909090906
0.1314909090909091
0.03533818181818182
0.08814
-0.02527090909090909
-0.007807272727272727
0.12203999999999998
-0.08875636363636363
-0.16046
0.014176363636363636
-0.05793818181818181
-0.008834545454545454
0.1686781818181818
0.05033636363636364
0.020545454545454544
0.09923454545454545
-0.02301090909090909
0.06697818181818181
0.14217454545454544
-0.05115818181818182
0.09019454545454544
0.12265636363636362
-0.11567090909090909
0.05896545454545454
0.12635454545454544
-0.04663818181818182
0.018285454545454546
0.013560000000000001
-0.14628363636363637
0.02362727272727273
0.057527272727272726
-0.09368727272727272
0.13231272727272728
0.06163636363636363
0.01725818181818182
0.1916890909090909
0.03944727272727273
-0.06040363636363636
0.1668290909090909
0.07971636363636364
-0.10478181818181817
0.11382181818181818
-0.01890181818181818
0.13272363636363635
0.2545581818181818
-0.04910363636363636
0.10704181818181817
0.10560363636363636
-0.07704545454545454
0.04869272727272727
0.02527090909090909
-0.16272
0.001438181818181818
0.030407272727272724
-0.07108727272727272
-0.015203636363636362
0.04150181818181818
0.04972
0.1035490909090909
0.13231272727272728
-0.02034
0.12265636363636362
0.001438181818181818
-0.03944727272727273
0.12553272727272727
-0.08772909090909091
0.011916363636363636
0.1532690909090909
0.0452
0.019107272727272726
0.031639999999999995
-0.030407272727272724
0.06163636363636363
0.06944363636363636
0.024243636363636363
0.013970909090909091
0.07848363636363635
0.11752
-0.019723636363636363
0.039241818181818176
-0.06307454545454545
0.05999272727272727
0.012943636363636362
-0.21901454545454546
0.06512909090909091
-0.02157272727272727
-0.10971272727272725
0.11423272727272726
0.09019454545454544
0.018696363636363636
0.11341090909090909
0.0904
0.08362
0.028147272727272726
-0.07355272727272727
0.05547272727272727
0.04294
-0.02979090909090909
-0.01808
0.17463636363636362
0.05855454545454545
0.02198363636363636
0.28065090909090906
-0.06533454545454545
-0.07807272727272727
0.11320545454545454
-0.04910363636363636
0.040063636363636364
0.05033636363636364
-0.05526727272727273
0.1419690909090909
0.15039272727272726
-0.034310909090909086
0.14176363636363634
0.08279818181818181
-0.08156545454545455
0.11464363636363636
-0.0010272727272727274
-0.1370381818181818
0.11649272727272726
0.024654545454545453
-0.04458363636363636
0.18326545454545454
-0.013560000000000001
-0.0067800000000000004
0.1193690909090909
-0.07478545454545454
-0.06841636363636364
0.08690727272727272
0.010067272727272725
-0.06533454545454545
0.1631309090909091
0.05608909090909091
0.03554363636363636
0.20381090909090907
0.00020545454545454542
0.059787272727272724
0.08197636363636364
-0.17155454545454543
0.053212727272727266
0.09348181818181817
-0.14566727272727273
0.12655999999999998
0.07334727272727272
-0.02362727272727273
0.19312727272727273
0.034310909090909086
-0.029996363636363634
0.03903636363636363
-0.054240000000000003
-0.13436727272727272
0.013149090909090907
0.01664181818181818
-0.031639999999999995
0.12882
-0.004725454545454545
0.04047454545454546
0.1803890909090909
0.05999272727272727
0.05341818181818182
0.11382181818181818
-0.014792727272727272
-0.003287272727272727
0.11957454545454545
-0.024654545454545453
0.04129636363636364
0.06553999999999999
-0.020545454545454544
0.05526727272727273
0.008834545454545454
0.002876363636363636
0.09533090909090909
-0.018696363636363636
0.009656363636363637
0.12697090909090908
-0.008423636363636364
0.12306727272727273
0.2177818181818182
0.002670909090909091
0.04622727272727272
0.08485272727272727
-0.08156545454545455
0.03533818181818182
-0.054240000000000003
-0.09944
0.10457636363636363
-0.02362727272727273
0.04910363636363636
0.08690727272727272
0.05485636363636363
-0.013560000000000001
-0.00041090909090909085
0.09389272727272728
-0.16415818181818181
0.03944727272727273
0.12265636363636362
-0.018696363636363636
0.19723636363636363
0.046432727272727264
0.05280181818181818
0.2594890909090909
-0.0034927272727272728
-0.04150181818181818
0.10231636363636364
-0.08567454545454545
-0.07951090909090908
-0.047665454545454546
-0.10848000000000001
-0.0030818181818181817
0.06081454545454545
0.03020181818181818
0.013354545454545456
0.15121454545454543
0.042734545454545456
0.03821454545454545
0.17956727272727271
-0.11402727272727273
0.0012327272727272727
0.09820727272727273
-0.1193690909090909
0.09245454545454544
0.051569090909090905
-0.05814363636363636
0.15676181818181817
0.0805381818181818
-0.019723636363636363
0.09820727272727273
0.030818181818181814
-0.01849090909090909
0.10334363636363636
0.012943636363636362
-0.03410545454545454
0.13107999999999997
0.01171090909090909
-0.05444545454545455
0.1341618181818182
-0.06512909090909091
-0.035749090909090904
0.2525036363636364
-0.02034
0.04930909090909091
0.24058727272727273
-0.007396363636363636
0.13498363636363636
0.16929454545454545
-0.04150181818181818
0.037598181818181815
-0.018696363636363636
-0.1076581818181818
-0.039241818181818176
-0.07663454545454546
-0.0940981818181818
0.06800545454545455
0.08978363636363636
-0.051569090909090905
0.18244363636363634
0.18901818181818184
0.032667272727272725
0.1686781818181818
-0.015819999999999997
-0.03800909090909091
0.055678181818181814
-0.021778181818181818
-0.03821454545454545
0.02650363636363636
-0.014381818181818181
-0.010067272727272725
0.15203636363636364
0.00904
0.07909999999999999
0.17648545454545456
-0.013765454545454546
0.00020545454545454542
0.05465090909090909
-0.07663454545454546
-0.015203636363636362
0.061841818181818185
-0.12306727272727273
0.007807272727272727
0.06307454545454545
-0.05937636363636363
0.07745636363636363
0.14361272727272725
-0.02116181818181818
0.011916363636363636
0.08752363636363636
-0.013765454545454546
0.06903272727272727
0.028558181818181816
0.002670909090909091
0.07149818181818181
-0.019312727272727273
-0.04047454545454546
0.13539454545454546
0.002670909090909091
-0.07108727272727272
0.1600490909090909
-0.01664181818181818
0.0402690909090909
0.16580181818181816
0.05547272727272727
0.02650363636363636
0.10498727272727272
0.02670909090909091
-0.035954545454545454
0.05629454545454545
-0.08649636363636364
0.06841636363636364
0.06266363636363637
-0.06492363636363636
0.11854727272727272
0.15902181818181815
0.03328363636363636
0.18121090909090906
0.17648545454545456
-0.13827090909090908
0.07683999999999999
0.07314181818181818
-0.12142363636363637
-0.05444545454545455
-0.0470490909090909
-0.13785999999999998
0.002670909090909091
0.025887272727272724
-0.09430363636363637
0.22805454545454545
0.07889454545454545
-0.00226
0.14628363636363637
-0.031229090909090908
0.002876363636363636
0.1356
0.0069854545454545456
0.004930909090909091
0.13909272727272726
-0.09492
0.03472181818181818
0.15655636363636363
-0.024654545454545453
0.08793454545454545
0.14813272727272728
-0.04458363636363636
0.013354545454545456
0.08834545454545455
0.02198363636363636
0.24305272727272725
-0.03965272727272728
-0.07971636363636364
0.12532727272727273
-0.09964545454545454
-0.0069854545454545456
0.02034
-0.05711636363636363
-0.03800909090909091
0.08300363636363636
-0.04109090909090909
0.024243636363636363
0.17936181818181818
-0.0402690909090909
0.11094545454545454
0.07006
-0.12820363636363635
0.13231272727272728
0.15080363636363636
-0.07314181818181818
0.0741690909090909
0.011094545454545454
0.0749909090909091
0.21963090909090907
0.03780363636363636
0.12635454545454544
0.07622363636363635
0.005136363636363636
0.07314181818181818
0.07601818181818182
-0.11813636363636362
-0.06615636363636364
0.09101636363636363
-0.07663454545454546
0.007807272727272727
0.0628690909090909
0.013354545454545456
0.00904
0.030818181818181814
-0.012943636363636362
0.010478181818181819
0.06862181818181817
-0.05115818181818182
0.06492363636363636
0.08115454545454545
-0.10026181818181817
0.09800181818181818
0.10971272727272725
-0.1171090909090909
0.09368727272727272
0.012327272727272727
-0.12224545454545453
0.08526363636363636
0.06903272727272727
-0.031845454545454545
0.12861454545454545
0.17895090909090908
0.007396363636363636
0.17628
0.06451272727272726
-0.004725454545454545
0.10642545454545453
-0.02486
-0.041912727272727275
-0.025476363636363634
-0.06471818181818181
-0.02301090909090909
0.16641818181818183
-0.06595090909090909
0.02301090909090909
0.14669454545454544
-0.09142727272727272
0.1532690909090909
0.10231636363636364
-0.06512909090909091
0.15984363636363638
0.09800181818181818
-0.12121818181818181
0.12388909090909091
0.04294
-0.11649272727272726
0.11957454545454545
-0.05793818181818181
-0.1148490909090909
0.13683272727272727
-0.008423636363636364
0.013970909090909091
0.23236909090909091
-0.033489090909090906
0.07848363636363635
0.23853272727272726
0.01664181818181818
0.007807272727272727
0.06430727272727273
-0.06040363636363636
-0.06944363636363636
0.0940981818181818
-0.11608181818181817
0.07622363636363635
0.19826363636363634
-0.0008218181818181817
0.21100181818181818
0.0749909090909091
-0.05526727272727273
0.19333272727272727
0.011505454545454544
-0.25702363636363634
0.08649636363636364
-0.08156545454545455
-0.17032181818181816
0.13477818181818182
-0.07807272727272727
0.03718727272727273
0.1193690909090909
0.03472181818181818
0.11464363636363636
0.15635090909090907
-0.03410545454545454
-0.033489090909090906
0.1637472727272727
-0.03657090909090909
-0.023832727272727273
0.1088909090909091
-0.03965272727272728
-0.010683636363636364
0.08731818181818181
-0.11423272727272726
0.0741690909090909
0.06964909090909091
-0.062458181818181815
0.24407999999999996
0.027941818181818182
-0.013970909090909091
0.1939490909090909
0.08731818181818181
-0.02218909090909091
0.02362727272727273
-0.003287272727272727
-0.09615272727272728
0.0538290909090909
0.028558181818181816
-0.10786363636363637
0.08588
0.05773272727272727
-0.022805454545454542
0.23298545454545452
0.027120000000000002
0.013354545454545456
0.14094181818181817
-0.058349090909090906
0.017463636363636362
-0.007807272727272727
0.007190909090909091
0.07314181818181818
0.10272727272727272
0.02239454545454545
0.035749090909090904
0.21346727272727273
-0.00226
0.010889090909090909
0.11649272727272726
-0.12121818181818181
0.00041090909090909085
0.09964545454545454
-0.07129272727272727
0.1171090909090909
-0.02403818181818182
0.0063690909090909084
0.22168545454545452
-0.08238727272727273
-0.023832727272727273
0.08197636363636364
0.045610909090909084
-0.10909636363636364
-0.0024654545454545454
0.10334363636363636
-0.06327999999999999
0.11608181818181817
0.06636181818181817
-0.01992909090909091
0.06656727272727272
-0.09142727272727272
-0.051569090909090905
0.14464
-0.16128181818181817
-0.05300727272727272
0.16970545454545455
-0.07786727272727272
0.1337509090909091
0.19641454545454545
0.07704545454545454
0.07725090909090909
0.11382181818181818
0.06451272727272726
-0.041912727272727275
0.02075090909090909
0.014587272727272727
0.10334363636363636
0.02116181818181818
-0.07232
0.19189454545454546
0.0727309090909091
-0.10334363636363636
0.19703090909090906
-0.028558181818181816
-0.14566727272727273
0.02979090909090909
-0.08136
0.08937272727272727
0.016025454545454544
0.03205090909090909
0.1555290909090909
0.02568181818181818
0.09327636363636364
0.14607818181818183
0.10971272727272725
0.032667272727272725
0.08752363636363636
0.09985090909090909
-0.06143090909090909
0.07704545454545454
0.09101636363636363
-0.07704545454545454
0.08937272727272727
-0.09471454545454545
-0.08320909090909091
0.1341618181818182
-0.08752363636363636
0.07026545454545453
0.06553999999999999
-0.02486
0.10724727272727272
0.12183454545454545
0.07889454545454545
-0.009245454545454545
0.08403090909090909
0.02075090909090909
-0.11875272727272726
-0.05793818181818181
-0.10252181818181817
-0.06471818181818181
0.05691090909090909
-0.02979090909090909
0.06595090909090909
0.12902545454545453
0.05115818181818182
0.08731818181818181
0.009656363636363637
-0.053212727272727266
0.048487272727272726
0.04807636363636364
-0.032872727272727276
0.09594727272727273
0.12655999999999998
0.07458
0.13847636363636362
0.09656363636363637
-0.0024654545454545454
0.1261490909090909
0.06081454545454545
-0.12553272727272727
0.04047454545454546
-0.16847272727272727
-0.12327272727272726
0.12450545454545454
-0.09944
0.04663818181818182
0.14484545454545456
0.09060545454545453
0.10478181818181817
0.11669818181818181
0.10724727272727272
0.04725454545454546
0.1257381818181818
-0.0447890909090909
-0.02013454545454545
0.11731454545454545
-0.13334
0.1076581818181818
0.10991818181818182
-0.2342181818181818
0.15984363636363638
0.00452
-0.10211090909090909
0.2518872727272727
-0.015203636363636362
0.05608909090909091
0.13888727272727272
-0.06143090909090909
0.03636545454545455
0.12697090909090908
-0.06101999999999999
-0.06574545454545455
0.1216290909090909
-0.14566727272727273
-0.013970909090909091
0.24736727272727274
-0.08546909090909091
0.10046727272727272
0.22764363636363635
-0.05526727272727273
0.12512181818181817
0.06964909090909091
-0.06512909090909091
0.034927272727272723
-0.16025454545454546
-0.16046
0.054240000000000003
-0.05937636363636363
-0.06533454545454545
0.23401272727272723
0.06369090909090909
0.014792727272727272
0.22579454545454544
0.010683636363636364
0.0749909090909091
0.10560363636363636
-0.13334
0.013149090909090907
0.06307454545454545
-0.13395636363636362
0.09307090909090908
0.15635090909090907
-0.07026545454545453
0.12779272727272725
0.15367999999999998
0.04211818181818182
0.16354181818181818
0.1321072727272727
-0.06040363636363636
0.005136363636363636
0.02362727272727273
-0.12861454545454545
0.005136363636363636
0.015819999999999997
-0.02075090909090909
0.07149818181818181
-0.0016436363636363634
-0.03225636363636363
0.15717272727272727
0.039241818181818176
-0.03020181818181818
0.18634727272727272
-0.029585454545454543
-0.014792727272727272
0.19230545454545456
0.03410545454545454
-0.02486
0.0904
-0.019723636363636363
-0.032667272727272725
0.0786890909090909
-0.06451272727272726
0.02034
0.05814363636363636
-0.05691090909090909
0.07663454545454546
0.09142727272727272
-0.03800909090909091
0.11012363636363637
0.07601818181818182
-0.18758
0.043350909090909086
0.10190545454545454
-0.09204363636363636
0.07375818181818182
0.08998909090909091
0.023216363636363632
0.15347454545454545
0.10991818181818182
0.07560727272727272
0.06800545454545455
-0.15717272727272727
0.007807272727272727
0.02691454545454545
-0.2142890909090909
-0.02979090909090909
-0.010889090909090909
-0.06923818181818181
-0.027120000000000002
0.08197636363636364
0.06307454545454545
0.09081090909090908
0.20894727272727273
0.02198363636363636
0.06615636363636364
0.0226
-0.02650363636363636
0.17566363636363633
0.005958181818181818
-0.07478545454545454
0.09122181818181817
0.05999272727272727
0.02609272727272727
0.11197272727272727
0.14402363636363635
0.03739272727272727
0.041912727272727275
0.07704545454545454
0.013354545454545456
0.09389272727272728
0.061841818181818185
0.0470490909090909
0.07314181818181818
-0.08136
-0.025476363636363634
0.08136
-0.06327999999999999
-0.06738909090909091
0.011094545454545454
-0.039241818181818176
0.055061818181818184
0.06225272727272727
0.08197636363636364
0.11341090909090909
-0.012943636363636362
0.0447890909090909
0.09635818181818182
0.018696363636363636
-0.002670909090909091
0.06410181818181818
0.021778181818181818
0.0020545454545454547
0.1247109090909091
0.10375454545454545
0.11608181818181817
0.1495709090909091
-0.03965272727272728
0.0067800000000000004
0.11053454545454545
-0.05855454545454545
-0.02609272727272727
-0.015819999999999997
-0.1193690909090909
0.0034927272727272728
0.09718
-0.02218909090909091
0.015409090909090907
0.04889818181818182
-0.03225636363636363
0.09533090909090909
-0.030407272727272724
-0.07951090909090908
0.09615272727272728
-0.05896545454545454
0.01725818181818182
0.08259272727272728
-0.0470490909090909
0.058349090909090906
0.07622363636363635
0.050747272727272724
0.015409090909090907
0.06040363636363636
0.08608545454545455
0.08978363636363636
0.17360909090909088
-0.01808
0.02198363636363636
0.17196545454545456
-0.005341818181818182
-0.0030818181818181817
0.07622363636363635
-0.1351890909090909
-0.021778181818181818
0.08012727272727273
-0.15655636363636363
0.03554363636363636
0.08875636363636363
-0.0226
0.14751636363636364
0.12799818181818182
-0.1224509090909091
0.12121818181818181
0.17422545454545454
-0.11341090909090909
0.07909999999999999
0.024654545454545453
-0.05136363636363636
0.12697090909090908
0.07047090909090908
-0.0918381818181818
0.12203999999999998
0.0538290909090909
-0.18162181818181816
0.037598181818181815
-0.04828181818181818
-0.05711636363636363
0.14012
0.04047454545454546
0.012121818181818182
0.2251781818181818
0.05814363636363636
0.0990290909090909
0.24818909090909091
-0.16518545454545455
0.08711272727272727
0.13457272727272726
-0.17895090909090908
0.04889818181818182
0.048487272727272726
0.0034927272727272728
0.08238727272727273
0.07334727272727272
0.022805454545454542
0.14237999999999998
-0.031845454545454545
-0.13642181818181817
0.1464890909090909
-0.05855454545454545
-0.1360109090909091
0.1479272727272727
0.044994545454545454
-0.0967690909090909
0.15963818181818182
0.10252181818181817
0.0538290909090909
0.1957981818181818
-0.018696363636363636
-0.01849090909090909
0.0749909090909091
-0.045816363636363634
0.010683636363636364
0.10786363636363637
-0.0727309090909091
0.038419999999999996
0.08218181818181818
-0.10293272727272727
0.09615272727272728
0.031229090909090908
-0.06677272727272728
0.06636181818181817
0.08218181818181818
0.06800545454545455
0.08937272727272727
0.06821090909090909
0.02670909090909091
0.07909999999999999
-0.05444545454545455
-0.09635818181818182
0.03533818181818182
-0.023832727272727273
-0.09759090909090909
0.025887272727272724
-0.04663818181818182
-0.026298181818181814
0.2097690909090909
0.04746
0.07478545454545454
0.07252545454545453
-0.06636181818181817
0.06800545454545455
0.031229090909090908
-0.10683636363636365
0.030818181818181814
0.15388545454545455
-0.02938
0.03143454545454545
0.12758727272727272
0.010478181818181819
0.12491636363636363
0.08485272727272727
-0.13128545454545454
0.06307454545454545
0.05136363636363636
-0.07827818181818182
0.1826490909090909
0.0063690909090909084
-0.030407272727272724
0.19764727272727273
-0.012738181818181817
0.06492363636363636
0.13128545454545454
-0.11731454545454545
-0.06574545454545455
0.11587636363636362
-0.02301090909090909
-0.05095272727272727
0.14874909090909091
0.031229090909090908
0.06122545454545455
0.09964545454545454
-0.13087454545454547
0.0447890909090909
0.11854727272727272
-0.113
0.10539818181818181
0.07088181818181817
-0.06492363636363636
0.2672963636363636
0.16436363636363635
0.02075090909090909
0.1668290909090909
0.0786890909090909
-0.07601818181818182
0.04150181818181818
-0.011094545454545454
-0.11834181818181817
0.061841818181818185
-0.06862181818181817
0.043350909090909086
0.14237999999999998
-0.05198
0.13642181818181817
0.14607818181818183
-0.10313818181818181
-0.07375818181818182
0.039241818181818176
-0.14073636363636363
-0.032872727272727276
0.047665454545454546
-0.07396363636363636
0.09204363636363636
0.008218181818181819
0.07827818181818182
0.17114363636363633
-0.014381818181818181
0.12655999999999998
0.18593636363636362
-0.05876
0.030612727272727274
0.17895090909090908
-0.009245454545454545
-0.032667272727272725
0.01808
-0.0727309090909091
-0.055061818181818184
0.06451272727272726
-0.04663818181818182
0.03965272727272728
0.08629090909090908
-0.09861818181818181
0.13950363636363636
0.10971272727272725
-0.03205090909090909
0.13683272727272727
0.12409454545454546
-0.024243636363636363
-0.03328363636363636
-0.0339
-0.041912727272727275
-0.001438181818181818
-0.005958181818181818
0.07704545454545454
0.09019454545454544
0.08567454545454545
0.09430363636363637
0.07396363636363636
0.04232363636363636
-0.05444545454545455
0.03410545454545454
-0.047665454545454546
-0.04807636363636364
0.22271272727272726
0.04663818181818182
0.08711272727272727
0.2346290909090909
0.03307818181818182
0.10437090909090908
0.11382181818181818
0.03225636363636363
0.036776363636363635
-0.02486
-0.11567090909090909
-0.12347818181818182
-0.001438181818181818
-0.12121818181818181
0.0
0.15265272727272727
-0.11608181818181817
0.13868181818181818
0.22867090909090906
-0.08731818181818181
0.18059454545454545
0.10950727272727273
-0.11608181818181817
0.07293636363636363
0.002670909090909091
-0.038625454545454546
-0.009861818181818182
-0.03451636363636364
-0.04437818181818182
0.04417272727272727
0.012327272727272727
-0.06143090909090909
0.14464
0.05547272727272727
-0.03533818181818182
0.21100181818181818
0.04376181818181818
-0.07540181818181818
0.1921
-0.0904
-0.06841636363636364
0.10437090909090908
-0.1325181818181818
0.11464363636363636
0.08814
-0.03451636363636364
0.1894290909090909
0.14628363636363637
0.03985818181818182
0.19764727272727273
0.10416545454545453
-0.07108727272727272
0.03205090909090909
-0.05485636363636363
-0.15224181818181817
-0.03636545454545455
-0.05485636363636363
-0.16189818181818183
0.21264545454545453
0.06800545454545455
0.008423636363636364
0.36016181818181814
0.042529090909090905
0.13477818181818182
0.1464890909090909
-0.05444545454545455
0.031229090909090908
0.060609090909090904
-0.07108727272727272
-0.08526363636363636
0.02609272727272727
-0.06163636363636363
0.04458363636363636
0.07560727272727272
0.02116181818181818
0.17114363636363633
0.16621272727272726
-0.02609272727272727
0.17402
0.035749090909090904
-0.13683272727272727
0.05896545454545454
-0.11834181818181817
0.003287272727272727
-0.0016436363636363634
-0.033489090909090906
-0.02979090909090909
0.001438181818181818
0.10786363636363637
0.010272727272727272
0.06410181818181818
-0.02239454545454545
0.09327636363636364
0.12943636363636363
-0.0565
-0.01623090909090909
0.11217818181818182
-0.07396363636363636
-0.039241818181818176
0.10457636363636363
-0.11361636363636363
0.059170909090909087
0.0678
0.06225272727272727
0.08218181818181818
0.032872727272727276
0.08382545454545455
0.10498727272727272
0.07848363636363635
-0.10272727272727272
0.0012327272727272727
0.004930909090909091
-0.021367272727272728
0.06307454545454545
0.021367272727272728
-0.04910363636363636
0.19477090909090908
0.17258181818181817
0.04889818181818182
0.24387454545454545
-0.01664181818181818
0.04725454545454546
0.11012363636363637
-0.12697090909090908
-0.0764290909090909
0.031229090909090908
-0.09841272727272728
-0.14361272727272725
0.0
-0.07560727272727272
0.1125890909090909
0.20134545454545455
0.02342181818181818
0.11402727272727273
0.1676509090909091
-0.021778181818181818
0.14751636363636364
0.11546545454545454
-0.11361636363636363
0.14587272727272727
-0.05136363636363636
-0.09800181818181818
0.08526363636363636
-0.02362727272727273
0.03965272727272728
0.13621636363636364
-0.009656363636363637
0.02403818181818182
0.19477090909090908
-0.09964545454545454
0.09533090909090909
0.2116181818181818
-0.14381818181818182
0.019518181818181816
0.06738909090909091
-0.12286181818181818
-0.003287272727272727
-0.0069854545454545456
-0.11382181818181818
0.11012363636363637
0.044994545454545454
-0.01725818181818182
0.0904
0.07683999999999999
0.08362
0.06677272727272728
-0.014998181818181817
-0.06163636363636363
0.16436363636363635
-0.04807636363636364
-0.08341454545454545
0.14053090909090907
0.014381818181818181
0.17525272727272728
0.1337509090909091
0.03616
0.12676545454545454
0.06615636363636364
0.010889090909090909
0.1012890909090909
-0.055678181818181814
-0.1454618181818182
0.12142363636363637
-0.033694545454545456
-0.08875636363636363
0.1076581818181818
0.01849090909090909
-0.04787090909090909
0.1171090909090909
0.06738909090909091
-0.09882363636363636
0.06923818181818181
0.06800545454545455
-0.02116181818181818
0.0628690909090909
-0.01725818181818182
0.009245454545454545
0.18799090909090907
-0.035954545454545454
-0.03636545454545455
0.12861454545454545
-0.012738181818181817
0.05465090909090909
0.02650363636363636
0.012738181818181817
0.014792727272727272
0.14320181818181818
0.15943272727272728
-0.01808
0.16272
-0.03883090909090909
0.010067272727272725
0.05814363636363636
-0.23154727272727274
0.005958181818181818
-0.007190909090909091
-0.09204363636363636
0.04232363636363636
0.1012890909090909
0.036776363636363635
0.08505818181818181
0.1088909090909091
0.036776363636363635
0.15594
0.012943636363636362
0.013970909090909091
0.1341618181818182
0.02362727272727273
-0.06574545454545455
0.11875272727272726
0.02075090909090909
-0.13107999999999997
0.10827454545454546
-0.13683272727272727
-0.0538290909090909
0.09861818181818181
0.008218181818181819
0.0452
0.055678181818181814
0.08444181818181817
0.14710545454545454
0.2432581818181818
-0.06410181818181818
0.1374490909090909
0.1356
-0.1610763636363636
0.10601454545454544
0.048487272727272726
-0.003698181818181818
0.1569672727272727
0.07786727272727272
-0.03718727272727273
0.12286181818181818
0.02301090909090909
-0.03472181818181818
0.05259636363636363
-0.11505454545454545
-0.08567454545454545
-0.023832727272727273
-0.14464
0.01623090909090909
0.14443454545454545
-0.08382545454545455
0.16436363636363635
0.22497272727272724
0.025476363636363634
0.12327272727272726
0.11176727272727273
0.06656727272727272
0.008012727272727272
0.015614545454545454
-0.0565
0.053212727272727266
0.030407272727272724
-0.10519272727272726
0.06533454545454545
-0.08403090909090909
-0.12799818181818182
0.09122181818181817
-0.028558181818181816
-0.06101999999999999
0.18223818181818183
0.13991454545454546
0.05876
0.09389272727272728
0.054034545454545446
0.08916727272727272
-0.021367272727272728
-0.12224545454545453
0.05711636363636363
0.016847272727272728
-0.14854363636363635
-0.025476363636363634
0.12183454545454545
0.06882727272727272
0.00452
0.15203636363636364
0.06019818181818181
-0.03143454545454545
0.07786727272727272
-0.04068
-0.001438181818181818
0.03698181818181818
0.025476363636363634
0.15594
0.0895781818181818
0.07334727272727272
0.24181999999999998
0.0805381818181818
-0.06903272727272727
0.1360109090909091
0.03636545454545455
-0.10519272727272726
-0.008834545454545454
0.04663818181818182
0.03780363636363636
0.03944727272727273
0.020545454545454544
0.03821454545454545
0.09081090909090908
-0.10827454545454546
0.028147272727272726
0.06759454545454545
-0.14854363636363635
0.07663454545454546
0.1125890909090909
-0.0226
0.06204727272727273
0.1645690909090909
0.0020545454545454547
0.016847272727272728
0.10704181818181817
-0.07971636363636364
0.010067272727272725
0.022805454545454542
-0.06800545454545455
0.11320545454545454
0.048487272727272726
0.017874545454545452
0.24510727272727273
0.027325454545454545
-0.027325454545454545
0.19456545454545454
-0.015614545454545454
-0.10519272727272726
0.01766909090909091
-0.06389636363636363
-0.048487272727272726
0.13395636363636362
-0.011916363636363636
0.05177454545454545
0.11998545454545453
-0.03883090909090909
0.1600490909090909
-0.015614545454545454
-0.1325181818181818
0.06759454545454545
-0.00041090909090909085
-0.056705454545454545
0.03616
0.0967690909090909
0.02157272727272727
0.10211090909090909
0.08752363636363636
0.015409090909090907
0.16908909090909088
0.06512909090909091
0.037598181818181815
0.15388545454545455
-0.10786363636363637
0.11998545454545453
0.2183981818181818
-0.18778545454545456
0.06944363636363636
0.05198
-0.11402727272727273
0.06800545454545455
0.01808
0.012943636363636362
0.09512545454545453
0.05814363636363636
-0.017463636363636362
0.11854727272727272
0.16066545454545456
-0.017463636363636362
0.08546909090909091
-0.026298181818181814
-0.2642145454545454
0.038625454545454546
-0.01664181818181818
-0.09923454545454545
0.11464363636363636
-0.014176363636363636
0.08423636363636364
0.1935381818181818
0.05115818181818182
0.057527272727272726
0.06677272727272728
-0.02301090909090909
-0.005958181818181818
-0.00226
-0.00862909090909091
0.07992181818181819
0.15532363636363636
0.06204727272727273
-0.04930909090909091
0.17751272727272727
-0.007190909090909091
0.025065454545454544
0.1356
-0.16991090909090908
0.06882727272727272
-0.06143090909090909
-0.11361636363636363
0.09265999999999999
-0.003287272727272727
0.005752727272727272
0.14012
0.10806909090909089
-0.05259636363636363
0.15491272727272726
0.10190545454545454
-0.030612727272727274
0.13642181818181817
0.013560000000000001
-0.10519272727272726
0.14505090909090906
-0.020545454545454544
-0.062458181818181815
0.17936181818181818
-0.11156181818181818
0.04150181818181818
0.11464363636363636
-0.04910363636363636
0.0967690909090909
0.13025818181818183
0.09944
0.10272727272727272
0.10519272727272726
-0.062458181818181815
0.04068
0.09635818181818182
-0.08218181818181818
-0.01766909090909091
0.03143454545454545
-0.05300727272727272
0.1781290909090909
0.07108727272727272
-0.04622727272727272
0.2590781818181818
-0.04622727272727272
0.07889454545454545
0.11341090909090909
-0.17422545454545454
-0.015203636363636362
-0.005136363636363636
-0.044994545454545454
-0.10868545454545453
0.04232363636363636
0.062458181818181815
0.07992181818181819
0.09142727272727272
0.00020545454545454542
0.11320545454545454
0.06040363636363636
-0.010067272727272725
0.08978363636363636
0.02691454545454545
-0.10437090909090908
0.08279818181818181
-0.00452
-0.02609272727272727
0.031229090909090908
-0.005752727272727272
0.07704545454545454
0.04951454545454545
0.0895781818181818
0.04930909090909091
0.15388545454545455
0.02301090909090909
-0.001849090909090909
0.039241818181818176
-0.09882363636363636
0.006574545454545454
0.0678
0.03533818181818182
-0.08197636363636364
0.052390909090909085
0.04437818181818182
0.034310909090909086
0.07930545454545455
0.02486
0.06800545454545455
0.09286545454545453
0.055678181818181814
-0.032667272727272725
0.14402363636363635
0.007396363636363636
-0.005958181818181818
0.1088909090909091
-0.04150181818181818
0.02650363636363636
0.02157272727272727
0.030407272727272724
0.12060181818181817
0.07375818181818182
-0.012327272727272727
0.14916
0.05115818181818182
-0.026298181818181814
0.053212727272727266
-0.05054181818181818
-0.030818181818181814
0.024243636363636363
0.06697818181818181
-0.0764290909090909
0.0727309090909091
0.15203636363636364
0.07827818181818182
0.1653909090909091
-0.02670909090909091
0.023216363636363632
0.057527272727272726
-0.14505090909090906
0.039241818181818176
0.05136363636363636
-0.29647090909090906
-0.034927272727272723
0.07909999999999999
-0.10231636363636364
0.0538290909090909
0.10026181818181817
0.11628727272727273
0.08670181818181817
0.11957454545454545
-0.02691454545454545
0.060609090909090904
0.09471454545454545
-0.13128545454545454
0.15470727272727272
-0.0016436363636363634
-0.0895781818181818
0.19970181818181817
0.046432727272727264
-0.007807272727272727
0.13107999999999997
0.0226
0.05115818181818182
0.06677272727272728
-0.08320909090909091
0.09019454545454544
0.0447890909090909
-0.012738181818181817
0.09019454545454544
-0.010683636363636364
-0.09450909090909092
0.06225272727272727
0.06574545454545455
-0.12491636363636363
0.08855090909090908
0.04684363636363636
0.00452
0.17504727272727272
0.008012727272727272
0.012943636363636362
0.20031818181818178
0.06266363636363637
0.008012727272727272
0.13128545454545454
-0.09738545454545454
-0.01664181818181818
0.13498363636363636
-0.015409090909090907
0.07560727272727272
0.1360109090909091
0.04807636363636364
0.08423636363636364
0.10313818181818181
-0.03554363636363636
0.043556363636363636
0.06122545454545455
-0.0749909090909091
-0.034927272727272723
-0.09060545454545453
-0.05341818181818182
0.12738181818181818
0.005958181818181818
-0.0538290909090909
0.06430727272727273
-0.0226
0.05444545454545455
0.09820727272727273
-0.03965272727272728
-0.023832727272727273
0.04684363636363636
0.016025454545454544
-0.004314545454545455
0.04930909090909091
-0.023832727272727273
0.08033272727272728
0.15039272727272726
-0.07827818181818182
0.022805454545454542
0.16148727272727273
-0.06512909090909091
0.061841818181818185
0.19312727272727273
-0.032667272727272725
0.07683999999999999
0.11341090909090909
-0.026298181818181814
0.062458181818181815
-0.01808
-0.113
0.04930909090909091
-0.007807272727272727
-0.10539818181818181
0.13190181818181818
0.09122181818181817
-0.0039036363636363635
0.2194254545454545
0.02198363636363636
-0.08608545454545455
0.17319818181818183
0.019107272727272726
-0.03739272727272727
0.1125890909090909
-0.08177090909090909
-0.06738909090909091
0.1836763636363636
-0.06327999999999999
-0.06944363636363636
0.1495709090909091
-0.14895454545454545
0.009861818181818182
0.10642545454545453
-0.13231272727272728
0.18552545454545455
0.1532690909090909
-0.03513272727272727
0.1865527272727273
0.15409090909090908
0.013149090909090907
0.11012363636363637
0.08177090909090909
-0.1314909090909091
-0.016436363636363638
0.028763636363636363
-0.047665454545454546
0.17607454545454546
0.02527090909090909
-0.04746
0.21305636363636363
0.007190909090909091
0.02157272727272727
0.12861454545454545
-0.1623090909090909
-0.02403818181818182
0.033694545454545456
-0.20072909090909088
0.028147272727272726
0.07375818181818182
-0.018285454545454546
0.15799454545454544
0.08341454545454545
0.04376181818181818
0.1916890909090909
0.14279090909090908
0.001438181818181818
0.048487272727272726
-0.0020545454545454547
-0.07560727272727272
0.06348545454545454
0.007807272727272727
0.020545454545454544
0.1125890909090909
-0.026298181818181814
-0.04540545454545454
0.04746
-0.0063690909090909084
0.09615272727272728
0.10437090909090908
-0.05629454545454545
0.10478181818181817
0.06122545454545455
-0.042734545454545456
0.07930545454545455
0.056705454545454545
-0.05793818181818181
-0.047665454545454546
0.012121818181818182
-0.05876
0.07108727272727272
0.038625454545454546
-0.03410545454545454
0.15080363636363636
0.040885454545454544
0.015614545454545454
0.11238363636363637
-0.023832727272727273
-0.05280181818181818
0.10724727272727272
-0.08916727272727272
-0.12758727272727272
0.1881963636363636
0.10293272727272727
-0.011094545454545454
0.113
0.13724363636363635
0.012738181818181817
0.09594727272727273
0.00226
-0.04889818181818182
0.13436727272727272
-0.058349090909090906
0.04376181818181818
0.1464890909090909
-0.07108727272727272
0.061841818181818185
0.13046363636363634
-0.057527272727272726
-0.01664181818181818
0.027530909090909092
-0.08033272727272728
0.012532727272727272
0.035954545454545454
-0.014792727272727272
0.042529090909090905
0.06903272727272727
0.07807272727272727
0.13231272727272728
0.02218909090909091
-0.08937272727272727
0.18223818181818183
0.05711636363636363
-0.1148490909090909
0.16477454545454545
0.07478545454545454
0.02938
0.19477090909090908
0.05937636363636363
0.06492363636363636
0.16128181818181817
-0.012943636363636362
-0.01992909090909091
-0.03410545454545454
-0.13128545454545454
0.014587272727272727
0.05485636363636363
-0.005752727272727272
0.0895781818181818
0.10642545454545453
-0.0006163636363636364
0.1125890909090909
0.07766181818181818
-0.08937272727272727
-0.02650363636363636
-0.07375818181818182
-0.08320909090909091
0.04889818181818182
0.027736363636363635
0.0006163636363636364
0.1586109090909091
0.043350909090909086
0.029996363636363634
0.21696000000000001
0.00226
0.08218181818181818
0.12224545454545453
-0.10642545454545453
0.07519636363636363
0.060609090909090904
-0.06841636363636364
0.013354545454545456
-0.03513272727272727
-0.05300727272727272
0.07560727272727272
0.057527272727272726
-0.03944727272727273
0.1314909090909091
0.08156545454545455
-0.06019818181818181
0.15840545454545454
0.10026181818181817
-0.012121818181818182
0.11053454545454545
-0.06533454545454545
-0.10971272727272725
0.02650363636363636
-0.10539818181818181
-0.03554363636363636
0.10601454545454544
0.0
0.05300727272727272
0.20894727272727273
0.07622363636363635
0.01808
0.1171090909090909
-0.010683636363636364
0.0063690909090909084
0.09718
-0.06369090909090909
0.04930909090909091
0.17093818181818182
0.04376181818181818
0.10005636363636364
0.09985090909090909
0.05547272727272727
0.1171090909090909
0.08485272727272727
-0.10848000000000001
-0.022805454545454542
0.013765454545454546
-0.2075090909090909
0.04150181818181818
-0.004725454545454545
-0.12101272727272726
0.24469636363636363
0.10909636363636364
0.04540545454545454
0.23339636363636362
0.05198
0.041912727272727275
0.1577890909090909
0.014176363636363636
-0.028352727272727273
0.06574545454545455
-0.12758727272727272
-0.10252181818181817
0.1356
-0.12553272727272727
-0.0628690909090909
0.13046363636363634
-0.10909636363636364
0.09224909090909092
0.16724
-0.00904
0.18614181818181816
0.09307090909090908
-0.07006
0.12306727272727273
0.05465090909090909
-0.1314909090909091
0.10396
0.028763636363636363
-0.18470363636363635
0.17340363636363634
0.029585454545454543
-0.05465090909090909
0.27654181818181817
-0.03225636363636363
0.017463636363636362
0.18901818181818184
-0.13025818181818183
-0.054034545454545446
0.06101999999999999
-0.14299636363636362
-0.09122181818181817
0.09820727272727273
-0.011094545454545454
0.06533454545454545
0.2142890909090909
0.041912727272727275
0.1637472727272727
0.20668727272727272
-0.03616
0.16272
0.050747272727272724
-0.09450909090909092
0.10149454545454545
-0.10786363636363637
-0.06841636363636364
0.0063690909090909084
-0.030818181818181814
0.03410545454545454
0.10005636363636364
0.1216290909090909
0.04150181818181818
0.18223818181818183
0.04129636363636364
0.00945090909090909
0.13765454545454545
-0.07909999999999999
0.014792727272727272
0.08341454545454545
-0.10519272727272726
0.05937636363636363
0.03533818181818182
-0.11135636363636363
0.09101636363636363
0.02486
-0.010683636363636364
0.08074363636363636
0.09574181818181818
-0.0006163636363636364
-0.00452
0.14669454545454544
-0.04663818181818182
0.03985818181818182
0.07786727272727272
-0.07601818181818182
0.06204727272727273
-0.02444909090909091
-0.016436363636363638
0.1329290909090909
-0.029174545454545453
0.02650363636363636
0.20792
-0.055061818181818184
0.048487272727272726
0.20730363636363636
-0.04150181818181818
-0.0538290909090909
-0.020545454545454544
-0.08608545454545455
0.015819999999999997
0.12286181818181818
-0.042529090909090905
0.04047454545454546
0.1314909090909091
0.02034
0.12861454545454545
0.12039636363636362
-0.08855090909090908
0.04540545454545454
0.08711272727272727
-0.15614545454545453
0.035749090909090904
-0.11813636363636362
-0.14628363636363637
0.18326545454545454
-0.05855454545454545
-0.06307454545454545
0.21511090909090907
0.16806181818181817
0.10642545454545453
0.1653909090909091
0.027120000000000002
0.07478545454545454
0.13827090909090908
0.05300727272727272
0.025887272727272724
0.003698181818181818
-0.08711272727272727
-0.013354545454545456
0.17607454545454546
-0.11895818181818181
0.022805454545454542
0.1586109090909091
-0.03780363636363636
0.11690363636363636
0.06410181818181818
0.012943636363636362
0.1464890909090909
0.12717636363636362
-0.10786363636363637
-0.03410545454545454
-0.029585454545454543
-0.05362363636363636
0.12142363636363637
-0.13046363636363634
-0.05691090909090909
0.1257381818181818
0.011505454545454544
0.09861818181818181
0.1723763636363636
0.03965272727272728
0.03307818181818182
0.11238363636363637
-0.015819999999999997
0.016025454545454544
0.02568181818181818
-0.039241818181818176
0.05485636363636363
0.025887272727272724
-0.055061818181818184
0.11669818181818181
0.15018727272727272
0.016436363636363638
0.11094545454545454
-0.04458363636363636
-0.06759454545454545
0.07827818181818182
-0.027530909090909092
-0.02342181818181818
-0.010683636363636364
0.0034927272727272728
0.03903636363636363
0.10437090909090908
-0.02609272727272727
-0.012738181818181817
0.18531999999999998
-0.033489090909090906
-0.01890181818181818
0.08362
-0.019312727272727273
0.048487272727272726
0.07478545454545454
-0.008834545454545454
-0.002670909090909091
0.10498727272727272
0.04211818181818182
0.03965272727272728
0.06574545454545455
-0.06225272727272727
0.08896181818181817
0.14895454545454545
-0.05773272727272727
0.14587272727272727
0.14443454545454545
-0.06841636363636364
0.18984
0.04047454545454546
-0.09800181818181818
0.09656363636363637
-0.05198
-0.10848000000000001
0.01849090909090909
-0.0039036363636363635
-0.049925454545454544
0.11608181818181817
0.08608545454545455
0.0012327272727272727
0.09471454545454545
0.007396363636363636
0.08033272727272728
0.19641454545454545
-0.11854727272727272
-0.03554363636363636
0.24428545454545453
-0.18531999999999998
0.018285454545454546
0.1727872727272727
-0.17011636363636362
0.0727309090909091
-0.03307818181818182
-0.05218545454545454
0.08320909090909091
0.04109090909090909
0.02218909090909091
0.1193690909090909
0.08485272727272727
-0.04972
0.22949272727272724
0.05526727272727273
-0.032872727272727276
0.17299272727272727
0.025476363636363634
-0.06143090909090909
0.09245454545454544
0.03965272727272728
0.0041090909090909095
0.15367999999999998
-0.00904
0.10087818181818181
0.07396363636363636
-0.12019090909090908
0.07314181818181818
0.06430727272727273
-0.13334
0.02403818181818182
0.02362727272727273
-0.07848363636363635
0.19600363636363635
0.04068
0.01664181818181818
0.15121454545454543
0.05773272727272727
0.05095272727272727
0.0990290909090909
0.030407272727272724
-0.02301090909090909
0.07766181818181818
-0.09368727272727272
0.05629454545454545
0.08978363636363636
-0.06327999999999999
0.0069854545454545456
0.005341818181818182
-0.0805381818181818
-0.02218909090909091
0.17360909090909088
-0.05793818181818181
0.05937636363636363
0.18614181818181816
-0.006163636363636363
0.05013090909090909
0.08588
0.0041090909090909095
0.05177454545454545
-0.05300727272727272
-0.19518181818181818
0.09861818181818181
-0.08382545454545455
-0.11567090909090909
0.12635454545454544
0.03780363636363636
-0.008834545454545454
0.06348545454545454
0.13334
-0.0339
0.10416545454545453
0.02670909090909091
-0.043350909090909086
0.11977999999999998
-0.03821454545454545
0.04746
0.20607090909090908
0.027325454545454545
0.04951454545454545
0.2229181818181818
-0.10806909090909089
0.00862909090909091
0.20134545454545455
-0.09471454545454545
0.0034927272727272728
0.09163272727272727
-0.045816363636363634
0.06122545454545455
0.11217818181818182
-0.031639999999999995
0.10231636363636364
0.012532727272727272
-0.08505818181818181
0.07683999999999999
0.03225636363636363
-0.05198
0.09142727272727272
0.11320545454545454
-0.06327999999999999
0.17854
0.08279818181818181
-0.07375818181818182
0.13169636363636364
0.038419999999999996
0.02486
0.059170909090909087
-0.06759454545454545
0.08218181818181818
0.18018363636363635
-0.060609090909090904
0.12039636363636362
0.08588
-0.05793818181818181
0.15573454545454543
0.04663818181818182
-0.1325181818181818
-0.04047454545454546
0.08546909090909091
-0.05259636363636363
0.012943636363636362
0.05773272727272727
0.015819999999999997
0.11053454545454545
-0.05485636363636363
-0.020956363636363638
0.09882363636363636
-0.14176363636363634
-0.05341818181818182
0.16498
-0.0940981818181818
-0.027736363636363635
0.18758
0.05547272727272727
0.02938
0.05608909090909091
0.06677272727272728
0.07519636363636363
0.07149818181818181
0.05958181818181818
0.12594363636363634
0.006574545454545454
-0.035749090909090904
0.20586545454545455
-0.06821090909090909
-0.12676545454545454
0.16847272727272727
0.02013454545454545
-0.0538290909090909
0.029585454545454543
0.011505454545454544
0.01664181818181818
0.03472181818181818
0.05444545454545455
0.05937636363636363
0.06862181818181817
0.01171090909090909
0.05095272727272727
0.08136
-0.14176363636363634
-0.01849090909090909
0.07704545454545454
-0.08362
0.06964909090909091
0.15265272727272727
0.04807636363636364
0.11238363636363637
0.09163272727272727
-0.04376181818181818
0.0538290909090909
0.058349090909090906
-0.03636545454545455
0.05629454545454545
0.07108727272727272
-0.013560000000000001
0.14237999999999998
0.12738181818181818
-0.029585454545454543
0.14402363636363635
0.025065454545454544
-0.1088909090909091
0.09533090909090909
0.02157272727272727
-0.21079636363636362
0.012327272727272727
0.005136363636363636
-0.13334
0.20997454545454544
0.015409090909090907
0.06697818181818181
0.25538
-0.028352727272727273
0.06143090909090909
0.11916363636363636
0.02075090909090909
-0.03328363636363636
0.07047090909090908
-0.034310909090909086
-0.10478181818181817
0.12429999999999998
-0.03225636363636363
-0.02075090909090909
0.15429636363636362
-0.062458181818181815
0.056705454545454545
0.19744181818181816
-0.031229090909090908
0.17319818181818183
0.12861454545454545
-0.09800181818181818
0.11526
0.028969090909090906
-0.09759090909090909
0.056705454545454545
0.07601818181818182
0.00862909090909091
0.07314181818181818
0.030818181818181814
0.05814363636363636
0.15532363636363636
-0.009861818181818182
0.02362727272727273
0.1479272727272727
-0.10683636363636365
-0.03451636363636364
0.07334727272727272
-0.1881963636363636
-0.02938
0.00945090909090909
-0.06923818181818181
0.05177454545454545
0.06266363636363637
0.05876
0.2387381818181818
0.15614545454545453
-0.015614545454545454
0.2023727272727273
-0.03965272727272728
-0.06718363636363636
0.14525636363636363
-0.03554363636363636
-0.07971636363636364
-0.01890181818181818
-0.0447890909090909
0.01664181818181818
0.10498727272727272
-0.05465090909090909
0.12655999999999998
0.15676181818181817
-0.04972
0.056705454545454545
0.06143090909090909
-0.07663454545454546
-0.028352727272727273
0.0470490909090909
-0.1551181818181818
0.06266363636363637
0.08588
-0.01808
0.10375454545454545
0.015203636363636362
0.04602181818181818
0.09985090909090909
0.08793454545454545
-0.04437818181818182
0.12327272727272726
0.02198363636363636
-0.0749909090909091
0.10539818181818181
-0.027120000000000002
-0.024243636363636363
0.13190181818181818
0.04663818181818182
-0.060609090909090904
0.20504363636363634
0.05444545454545455
0.01664181818181818
0.1637472727272727
0.05691090909090909
0.0805381818181818
0.12512181818181817
-0.01808
-0.07745636363636363
0.10005636363636364
-0.14772181818181818
0.08937272727272727
0.08526363636363636
-0.21449454545454544
0.16148727272727273
0.13107999999999997
0.07026545454545453
0.15265272727272727
0.06430727272727273
-0.13580545454545453
0.03307818181818182
0.03903636363636363
-0.19230545454545456
0.028763636363636363
-0.054240000000000003
-0.09594727272727273
0.1012890909090909
0.02116181818181818
0.034310909090909086
0.23935454545454546
0.032667272727272725
0.06574545454545455
0.24428545454545453
-0.07355272727272727
0.01992909090909091
0.1608709090909091
-0.050747272727272724
-0.028558181818181816
0.001849090909090909
-0.1479272727272727
0.07909999999999999
0.11793090909090909
-0.05937636363636363
0.1216290909090909
0.013149090909090907
0.007396363636363636
0.08012727272727273
0.02650363636363636
0.1017
0.1012890909090909
0.014176363636363636
-0.06266363636363637
0.06759454545454545
-0.02301090909090909
-0.03246181818181818
0.10272727272727272
-0.1510090909090909
-0.07560727272727272
0.1284090909090909
-0.05711636363636363
0.16662363636363633
0.12347818181818182
-0.08320909090909091
0.21716545454545452
-0.00862909090909091
0.010272727272727272
0.16066545454545456
0.030407272727272724
0.03883090909090909
0.010889090909090909
0.10663090909090908
0.02691454545454545
0.13868181818181818
0.20011272727272728
0.038419999999999996
0.0628690909090909
-0.07704545454545454
-0.05526727272727273
0.14505090909090906
-0.07786727272727272
-0.11443818181818181
0.015409090909090907
-0.08362
0.07889454545454545
0.060609090909090904
0.00945090909090909
0.027325454545454545
0.030407272727272724
0.027120000000000002
0.0339
0.08156545454545455
-0.019107272727272726
0.16189818181818183
0.07601818181818182
-0.04930909090909091
0.08444181818181817
0.028147272727272726
-0.028558181818181816
0.07252545454545453
-0.026298181818181814
-0.0967690909090909
0.05013090909090909
0.05115818181818182
0.16128181818181817
0.055061818181818184
0.043350909090909086
0.05711636363636363
0.1411472727272727
0.04109090909090909
-0.05485636363636363
0.19908545454545457
-0.21018
-0.05218545454545454
0.14813272727272728
-0.13580545454545453
0.032667272727272725
0.14710545454545454
0.01171090909090909
0.014176363636363636
0.0741690909090909
-0.05280181818181818
0.11443818181818181
0.06677272727272728
-0.05177454545454545
0.016436363636363638
-0.02362727272727273
-0.0016436363636363634
0.16148727272727273
0.08588
-0.12409454545454546
0.07232
0.004930909090909091
-0.07807272727272727
0.10909636363636364
0.08197636363636364
-0.044994545454545454
0.20031818181818178
0.2034
-0.025476363636363634
0.19744181818181816
0.029996363636363634
0.05814363636363636
0.06718363636363636
-0.2594890909090909
-0.012532727272727272
0.06492363636363636
-0.028969090909090906
0.09861818181818181
0.12265636363636362
-0.023832727272727273
0.09307090909090908
0.1758690909090909
-0.008834545454545454
0.026298181818181814
0.01171090909090909
-0.027325454545454545
-0.014998181818181817
-0.10622
-0.07355272727272727
0.13888727272727272
0.05362363636363636
0.001849090909090909
0.18100545454545455
0.09163272727272727
0.06656727272727272
0.13025818181818183
0.03246181818181818
-0.05444545454545455
0.0
-0.03205090909090909
-0.00226
0.045610909090909084
-0.06389636363636363
0.02444909090909091
0.03246181818181818
-0.03903636363636363
0.08074363636363636
0.06081454545454545
0.08690727272727272
0.18799090909090907
0.04417272727272727
0.012943636363636362
0.06800545454545455
0.0678
0.031845454545454545
-0.0041090909090909095
-0.07211454545454546
-0.09142727272727272
0.06636181818181817
-0.07930545454545455
-0.027530909090909092
0.13642181818181817
-0.048487272727272726
0.0565
0.17381454545454544
-0.007807272727272727
-0.0012327272727272727
0.11957454545454545
-0.05362363636363636
-0.0226
0.06718363636363636
-0.011094545454545454
0.08772909090909091
0.17710181818181817
0.08094909090909091
0.07581272727272727
0.1356
-0.06862181818181817
0.09122181818181817
0.06821090909090909
-0.1524472727272727
0.02301090909090909
0.05896545454545454
-0.054240000000000003
0.03451636363636364
0.14505090909090906
-0.1125890909090909
0.08074363636363636
0.040063636363636364
-0.16847272727272727
0.12655999999999998
0.0006163636363636364
-0.056705454545454545
0.10272727272727272
0.004930909090909091
-0.018696363636363636
0.2136727272727273
0.0069854545454545456
-0.019312727272727273
0.18573090909090906
-0.06985454545454545
-0.017874545454545452
0.0741690909090909
0.01725818181818182
0.03020181818181818
0.13683272727272727
0.02650363636363636
0.042734545454545456
0.23771090909090908
-0.01623090909090909
0.07930545454545455
0.10067272727272727
-0.1193690909090909
0.06964909090909091
-0.005341818181818182
-0.12902545454545453
0.14916
0.036776363636363635
-0.039241818181818176
0.17196545454545456
0.01171090909090909
0.004314545454545455
0.13991454545454546
0.01725818181818182
-0.09204363636363636
0.031229090909090908
-0.032872727272727276
0.01705272727272727
0.12512181818181817
-0.06163636363636363
0.13621636363636364
0.11977999999999998
-0.009861818181818182
0.18984
0.12265636363636362
-0.02403818181818182
0.13806545454545455
0.14813272727272728
-0.07807272727272727
0.043556363636363636
0.010478181818181819
-0.029174545454545453
0.05033636363636364
-0.14854363636363635
-0.07683999999999999
0.08690727272727272
-0.08875636363636363
-0.0016436363636363634
0.17545818181818182
-0.06040363636363636
-0.0113
0.18059454545454545
-0.01992909090909091
-0.015409090909090907
0.15758363636363634
-0.03965272727272728
-0.04622727272727272
-0.037598181818181815
-0.12224545454545453
0.09944
0.10601454545454544
-0.028558181818181816
0.06204727272727273
0.13580545454545453
-0.004930909090909091
0.017463636363636362
0.06841636363636364
-0.013354545454545456
-0.018696363636363636
0.03225636363636363
0.012327272727272727
0.09553636363636364
0.1325181818181818
-0.032872727272727276
0.19477090909090908
0.04746
-0.08670181818181817
0.17114363636363633
-0.05218545454545454
-0.02157272727272727
0.0764290909090909
-0.13046363636363634
-0.10745272727272726
0.11238363636363637
0.05300727272727272
0.030407272727272724
0.14361272727272725
0.01171090909090909
0.1723763636363636
0.22415090909090907
-0.07047090909090908
0.13272363636363635
0.19312727272727273
-0.1803890909090909
0.04314545454545454
0.09019454545454544
-0.10416545454545453
0.07766181818181818
-0.006574545454545454
-0.021778181818181818
0.027325454545454545
0.02301090909090909
0.11197272727272727
0.15819999999999998
0.08259272727272728
0.031023636363636364
0.14525636363636363
-0.002876363636363636
0.0069854545454545456
0.10252181818181817
-0.11197272727272727
-0.012943636363636362
0.03698181818181818
-0.12450545454545454
0.07540181818181818
0.09204363636363636
-0.061841818181818185
0.13334
0.04807636363636364
-0.06143090909090909
0.1577890909090909
-0.009656363636363637
-0.12491636363636363
0.05465090909090909
-0.12779272727272725
-0.11546545454545454
0.07848363636363635
-0.05896545454545454
0.02568181818181818
0.18470363636363635
0.08012727272727273
0.08444181818181817
0.17258181818181817
0.0764290909090909
0.08485272727272727
0.08546909090909091
-0.041912727272727275
0.006574545454545454
-0.027530909090909092
-0.09820727272727273
0.013354545454545456
-0.012121818181818182
-0.051569090909090905
0.11628727272727273
0.06574545454545455
0.07232
0.22374
0.06204727272727273
0.03246181818181818
0.09594727272727273
-0.031023636363636364
-0.0538290909090909
0.058349090909090906
-0.01849090909090909
-0.038625454545454546
0.11752
-0.013765454545454546
0.002670909090909091
0.11669818181818181
0.005547272727272727
0.02979090909090909
0.0805381818181818
0.010272727272727272
0.05198
0.09101636363636363
-0.01766909090909091
0.014792727272727272
0.10437090909090908
-0.010067272727272725
0.003287272727272727
0.1653909090909091
-0.046432727272727264
-0.001438181818181818
0.16641818181818183
-0.025476363636363634
0.07170363636363636
0.14299636363636362
0.05300727272727272
0.03616
-0.04396727272727272
-0.09265999999999999
0.04787090909090909
-0.011916363636363636
-0.14607818181818183
0.06821090909090909
0.09204363636363636
-0.05300727272727272
0.08649636363636364
0.1939490909090909
0.030407272727272724
0.02609272727272727
-0.02157272727272727
-0.05444545454545455
0.10683636363636365
-0.13457272727272726
-0.09882363636363636
0.1366272727272727
-0.14895454545454545
-0.01992909090909091
0.19559272727272728
-0.04437818181818182
0.12758727272727272
0.23565636363636364
0.046432727272727264
0.09163272727272727
0.05855454545454545
0.014587272727272727
0.07971636363636364
0.08896181818181817
-0.1216290909090909
-0.005752727272727272
0.1088909090909091
-0.17422545454545454
0.10560363636363636
0.12203999999999998
-0.11279454545454545
0.13642181818181817
0.07047090909090908
0.02403818181818182
0.17196545454545456
0.014587272727272727
0.0741690909090909
0.13991454545454546
-0.0727309090909091
-0.005958181818181818
0.045816363636363634
-0.08670181818181817
-0.05095272727272727
0.06677272727272728
-0.035749090909090904
-0.014998181818181817
0.15080363636363636
0.0895781818181818
0.13128545454545454
0.06204727272727273
-0.029174545454545453
0.15039272727272726
-0.007807272727272727
-0.08629090909090908
0.10642545454545453
-0.0113
0.0
0.11854727272727272
0.09533090909090909
0.12183454545454545
0.13765454545454545
0.0565
-0.041707272727272725
-0.027325454545454545
-0.05136363636363636
-0.027736363636363635
-0.02075090909090909
-0.1017
0.014176363636363636
0.0727309090909091
-0.029174545454545453
0.07560727272727272
0.08300363636363636
0.015203636363636362
0.09492
0.0226
0.02650363636363636
0.05218545454545454
0.06204727272727273
0.025887272727272724
0.05855454545454545
0.040063636363636364
-0.07581272727272727
0.08156545454545455
0.03451636363636364
-0.007807272727272727
0.011094545454545454
-0.010683636363636364
0.07766181818181818
0.14669454545454544
0.005547272727272727
0.016025454545454544
0.24058727272727273
0.02403818181818182
0.03821454545454545
0.05999272727272727
-0.10026181818181817
-0.04129636363636364
0.07252545454545453
-0.03616
-0.062458181818181815
0.1510090909090909
-0.0339
0.17196545454545456
0.1257381818181818
-0.10806909090909089
0.1510090909090909
0.032667272727272725
-0.07786727272727272
0.04663818181818182
0.008218181818181819
-0.12060181818181817
0.14464
0.056705454545454545
-0.0904
0.10005636363636364
-0.03636545454545455
-0.023216363636363632
0.10560363636363636
-0.03944727272727273
-0.040885454545454544
0.18614181818181816
0.02527090909090909
0.09718
0.17360909090909088
0.034927272727272723
0.09019454545454544
0.08526363636363636
-0.050747272727272724
-0.09553636363636364
0.06718363636363636
-0.09594727272727273
0.15018727272727272
0.0895781818181818
-0.04972
0.25106545454545454
0.024243636363636363
0.00862909090909091
0.043556363636363636
-0.02239454545454545
-0.054034545454545446
0.10991818181818182
-0.024654545454545453
-0.08526363636363636
0.08711272727272727
-0.0041090909090909095
0.17771818181818183
0.14320181818181818
0.011094545454545454
0.13107999999999997
0.18778545454545456
-0.08094909090909091
0.07458
0.08300363636363636
-0.16189818181818183
0.06841636363636364
0.031845454545454545
-0.026298181818181814
0.028558181818181816
0.09081090909090908
-0.040885454545454544
0.05547272727272727
-0.02218909090909091
-0.08320909090909091
0.1939490909090909
-0.029996363636363634
0.08136
0.17422545454545454
0.027120000000000002
0.02218909090909091
0.10848000000000001
-0.03205090909090909
-0.1351890909090909
0.04540545454545454
-0.09512545454545453
-0.0904
0.007190909090909091
-0.02116181818181818
-0.02444909090909091
0.1103290909090909
0.029996363636363634
0.0727309090909091
0.1341618181818182
-0.1360109090909091
0.08855090909090908
0.10211090909090909
-0.10457636363636363
0.06677272727272728
0.18347090909090907
0.006574545454545454
0.10334363636363636
0.2136727272727273
-0.029585454545454543
0.07149818181818181
0.04047454545454546
-0.056705454545454545
0.01766909090909091
-0.05198
-0.07129272727272727
0.10683636363636365
0.08834545454545455
-0.05876
0.1495709090909091
0.06964909090909091
-0.09081090909090908
0.08238727272727273
0.02486
-0.11074
0.10991818181818182
0.09923454545454545
-0.007601818181818181
0.17525272727272728
0.034927272727272723
0.08834545454545455
0.14320181818181818
-0.05341818181818182
0.053212727272727266
0.09635818181818182
-0.06307454545454545
0.022805454545454542
0.15347454545454545
-0.004725454545454545
0.0918381818181818
0.1984690909090909
0.07683999999999999
0.04725454545454546
0.042529090909090905
-0.0016436363636363634
0.0063690909090909084
-0.06451272727272726
-0.12039636363636362
0.026298181818181814
-0.0339
0.008218181818181819
0.2177818181818182
0.012532727272727272
-0.04294
0.19559272727272728
-0.03718727272727273
-0.07519636363636363
0.03985818181818182
-0.10334363636363636
0.009656363636363637
0.006574545454545454
0.0447890909090909
0.10457636363636363
0.02075090909090909
0.04684363636363636
0.13128545454545454
0.06985454545454545
-0.007601818181818181
0.1766909090909091
0.12429999999999998
-0.025476363636363634
0.07314181818181818
-0.0016436363636363634
-0.02403818181818182
0.08505818181818181
-0.09430363636363637
-0.11813636363636362
-0.010478181818181819
-0.02157272727272727
0.08012727272727273
0.014381818181818181
-0.055061818181818184
0.11608181818181817
0.13950363636363636
0.02444909090909091
0.05855454545454545
0.09779636363636364
-0.05732181818181818
-0.04211818181818182
0.05013090909090909
-0.09512545454545453
-0.03718727272727273
0.11156181818181818
0.07889454545454545
0.14587272727272727
0.06903272727272727
0.08094909090909091
0.19703090909090906
0.007190909090909091
0.028763636363636363
-0.010478181818181819
-0.07149818181818181
0.07375818181818182
0.10519272727272726
0.014587272727272727
-0.03800909090909091
0.17340363636363634
0.09163272727272727
0.0
0.1469
-0.035749090909090904
-0.011916363636363636
0.09081090909090908
-0.15943272727272728
-0.05814363636363636
0.041912727272727275
-0.13457272727272726
0.1341618181818182
0.1397090909090909
-0.10437090909090908
0.13806545454545455
0.20278363636363633
0.015203636363636362
0.03821454545454545
0.08505818181818181
-0.06738909090909091
0.03472181818181818
0.10108363636363636
-0.1479272727272727
0.03246181818181818
0.002876363636363636
-0.12594363636363634
0.18675818181818182
-0.05444545454545455
-0.06800545454545455
0.3059218181818182
0.009656363636363637
0.031229090909090908
0.2504490909090909
-0.0339
0.021367272727272728
0.09327636363636364
-0.13087454545454547
-0.005136363636363636
0.02938
-0.07437454545454546
0.07683999999999999
0.046432727272727264
-0.08074363636363636
0.20607090909090908
0.20812545454545453
-0.11567090909090909
0.22826000000000002
0.12080727272727272
-0.19004545454545455
0.11669818181818181
-0.04540545454545454
-0.11649272727272726
0.031639999999999995
0.007190909090909091
0.07149818181818181
0.07992181818181819
-0.0041090909090909095
0.10334363636363636
0.2070981818181818
-0.002670909090909091
0.12039636363636362
0.14936545454545455
-0.08649636363636364
0.06492363636363636
0.0764290909090909
-0.16292545454545454
-0.03410545454545454
0.05444545454545455
-0.05711636363636363
0.05937636363636363
-0.047665454545454546
0.12347818181818182
0.21613818181818178
-0.013560000000000001
0.13334
0.08136
-0.005547272727272727
-0.08978363636363636
0.05259636363636363
0.007807272727272727
-0.19559272727272728
0.1321072727272727
-0.051569090909090905
-0.1894290909090909
0.07375818181818182
0.10930181818181818
0.06204727272727273
-0.02013454545454545
-0.00904
0.12717636363636362
0.08341454545454545
-0.07149818181818181
0.10334363636363636
0.09697454545454545
-0.0940981818181818
-0.00226
0.14525636363636363
-0.04746
-0.013765454545454546
0.17032181818181816
0.0016436363636363634
0.12347818181818182
0.12450545454545454
0.06040363636363636
0.16744545454545454
0.034310909090909086
-0.11916363636363636
0.05259636363636363
-0.02486
-0.18018363636363635
0.1713490909090909
-0.001849090909090909
-0.15819999999999998
0.22497272727272724
0.1686781818181818
0.03821454545454545
0.16662363636363633
-0.002670909090909091
0.008218181818181819
0.11094545454545454
-0.06903272727272727
0.007601818181818181
-0.013354545454545456
-0.09944
-0.03554363636363636
0.06944363636363636
0.033694545454545456
0.1017
0.22764363636363635
0.012121818181818182
0.1257381818181818
0.10704181818181817
-0.05629454545454545
0.12101272727272726
0.06081454545454545
-0.022805454545454542
0.02670909090909091
-0.07971636363636364
-0.05115818181818182
0.07930545454545455
-0.00020545454545454542
0.031845454545454545
0.10067272727272727
0.0041090909090909095
0.016025454545454544
0.14135272727272727
0.016436363636363638
0.003287272727272727
0.17422545454545454
-0.07067636363636363
-0.12203999999999998
0.05198
-0.06163636363636363
-0.02013454545454545
0.033694545454545456
-0.05465090909090909
0.07149818181818181
0.05773272727272727
0.00041090909090909085
0.21511090909090907
0.12861454545454545
-0.04869272727272727
0.06430727272727273
0.07581272727272727
-0.034927272727272723
-0.006163636363636363
0.030407272727272724
-0.012943636363636362
0.0339
0.06574545454545455
0.07725090909090909
0.1035490909090909
0.058349090909090906
0.15142
0.09718
-0.12655999999999998
0.021778181818181818
0.10067272727272727
-0.030407272727272724
-0.06143090909090909
-0.01766909090909091
-0.010067272727272725
0.06204727272727273
0.06718363636363636
-0.04910363636363636
0.09245454545454544
0.04746
-0.008218181818181819
0.08485272727272727
0.007807272727272727
0.04417272727272727
0.11546545454545454
-0.005958181818181818
-0.05793818181818181
0.058349090909090906
0.004725454545454545
-0.00020545454545454542
0.08752363636363636
0.033694545454545456
-0.028763636363636363
0.0786890909090909
0.09615272727272728
0.09389272727272728
0.19518181818181818
0.03903636363636363
0.04622727272727272
0.09800181818181818
-0.029996363636363634
-0.00452
-0.001438181818181818
-0.16169272727272727
0.03143454545454545
0.07930545454545455
-0.1840872727272727
0.14977636363636362
0.1337509090909091
0.040885454545454544
0.13847636363636362
-0.06492363636363636
-0.02239454545454545
0.09841272727272728
0.05300727272727272
-0.10416545454545453
0.1296418181818182
0.03657090909090909
-0.12409454545454546
0.17566363636363633
-0.058349090909090906
-0.08855090909090908
0.1586109090909091
-0.042529090909090905
0.057527272727272726
0.23504
-0.09738545454545454
0.12635454545454544
0.26442
-0.011505454545454544
0.10663090909090908
0.07519636363636363
-0.08546909090909091
0.007807272727272727
0.06882727272727272
-0.22230181818181818
0.0339
0.12224545454545453
-0.04068
0.22148
-0.016436363636363638
0.009245454545454545
0.22394545454545453
0.00862909090909091
-0.07375818181818182
0.08526363636363636
-0.06327999999999999
-0.08629090909090908
0.0741690909090909
-0.03739272727272727
0.05814363636363636
0.13005272727272726
0.06759454545454545
0.05259636363636363
0.17114363636363633
0.013560000000000001
0.046432727272727264
0.13128545454545454
-0.09779636363636364
0.07129272727272727
-0.023832727272727273
-0.09594727272727273
0.08197636363636364
0.00904
-0.08608545454545455
0.04232363636363636
-0.005341818181818182
-0.010683636363636364
0.12491636363636363
-0.030612727272727274
0.10827454545454546
0.14525636363636363
0.04437818181818182
0.06307454545454545
0.06225272727272727
-0.0063690909090909084
-0.005752727272727272
0.056705454545454545
-0.15162545454545454
-0.05485636363636363
0.06369090909090909
-0.12450545454545454
-0.007807272727272727
0.22189090909090908
0.019518181818181816
0.05773272727272727
0.13621636363636364
-0.010272727272727272
0.08362
-0.030407272727272724
-0.004314545454545455
0.10806909090909089
0.06656727272727272
-0.03307818181818182
0.14361272727272725
0.16949999999999998
-0.027325454545454545
0.23565636363636364
0.06800545454545455
-0.09019454545454544
0.07519636363636363
-0.012738181818181817
-0.07540181818181818
0.021778181818181818
-0.03698181818181818
-0.014381818181818181
0.10272727272727272
-0.0786890909090909
0.014998181818181817
0.13457272727272726
-0.061841818181818185
-0.0741690909090909
0.12738181818181818
-0.062458181818181815
0.03451636363636364
0.2391490909090909
-0.08711272727272727
0.15676181818181817
0.16929454545454545
-0.06923818181818181
0.09081090909090908
0.056705454545454545
-0.05526727272727273
0.048487272727272726
0.03533818181818182
-0.1088909090909091
0.14587272727272727
0.048487272727272726
-0.0565
0.18737454545454543
0.07786727272727272
-0.03903636363636363
0.07458
0.006163636363636363
-0.07786727272727272
0.10519272727272726
-0.05013090909090909
-0.02013454545454545
0.12368363636363637
0.00862909090909091
0.09718
0.12203999999999998
-0.03739272727272727
0.04068
0.09492
-0.19662
0.05300727272727272
0.08259272727272728
-0.08341454545454545
0.12121818181818181
-0.02013454545454545
0.05095272727272727
0.12861454545454545
0.02198363636363636
0.10950727272727273
0.15080363636363636
0.039241818181818176
0.13991454545454546
0.17751272727272727
0.043556363636363636
0.11690363636363636
0.04150181818181818
-0.11361636363636363
-0.04314545454545454
0.02650363636363636
-0.16498
-0.053212727272727266
0.04417272727272727
-0.10848000000000001
0.06204727272727273
0.07519636363636363
0.050747272727272724
0.1826490909090909
0.04602181818181818
-0.028558181818181816
0.13498363636363636
-0.06451272727272726
-0.06512909090909091
0.05259636363636363
-0.09286545454545453
-0.019518181818181816
0.012738181818181817
0.14854363636363635
0.0628690909090909
0.045610909090909084
0.14813272727272728
-0.025476363636363634
0.012532727272727272
-0.012943636363636362
-0.0039036363636363635
0.11341090909090909
-0.056705454545454545
0.035749090909090904
0.12450545454545454
-0.08177090909090909
0.16292545454545454
0.06122545454545455
-0.043350909090909086
0.06307454545454545
-0.02691454545454545
0.020545454545454544
-0.08444181818181817
0.05259636363636363
-0.0024654545454545454
-0.006574545454545454
0.044994545454545454
-0.06410181818181818
0.21737090909090906
0.07437454545454546
-0.055061818181818184
0.20668727272727272
0.05855454545454545
-0.08526363636363636
0.18223818181818183
0.10601454545454544
-0.06841636363636364
0.11012363636363637
0.01705272727272727
-0.05526727272727273
0.07108727272727272
-0.02403818181818182
-0.023832727272727273
0.12039636363636362
0.054034545454545446
0.10231636363636364
0.15203636363636364
0.06143090909090909
0.1495709090909091
0.1803890909090909
-0.05711636363636363
0.04602181818181818
0.09779636363636364
-0.13991454545454546
0.09923454545454545
-0.027325454545454545
-0.11505454545454545
0.06225272727272727
0.045816363636363634
0.05300727272727272
0.05444545454545455
0.062458181818181815
-0.015819999999999997
0.16148727272727273
-0.12902545454545453
-0.11834181818181817
0.19682545454545455
-0.15635090909090907
-0.08341454545454545
0.17360909090909088
-0.002876363636363636
-0.02691454545454545
0.1865527272727273
0.044994545454545454
0.11752
0.07663454545454546
-0.07683999999999999
0.10334363636363636
0.01992909090909091
-0.1088909090909091
-0.040063636363636364
0.04807636363636364
-0.14464
0.033489090909090906
0.07334727272727272
-0.07334727272727272
0.15347454545454545
0.12882
0.11752
0.1419690909090909
0.03800909090909091
-0.06553999999999999
0.14135272727272727
-0.0039036363636363635
-0.11895818181818181
0.13046363636363634
-0.13190181818181818
-0.09101636363636363
0.09574181818181818
-0.06964909090909091
-0.007396363636363636
0.14402363636363635
0.008218181818181819
0.08793454545454545
0.11690363636363636
-0.020956363636363638
0.07725090909090909
0.11813636363636362
0.019312727272727273
0.04930909090909091
0.15080363636363636
-0.04376181818181818
0.1865527272727273
0.15717272727272727
-0.11649272727272726
0.18059454545454545
0.0786890909090909
-0.03410545454545454
0.11341090909090909
0.014792727272727272
-0.06615636363636364
0.08362
-0.03821454545454545
-0.09224909090909092
0.05095272727272727
-0.10416545454545453
0.01766909090909091
0.1573781818181818
-0.02157272727272727
0.16436363636363635
0.20894727272727273
-0.1569672727272727
0.08423636363636364
0.09348181818181817
-0.17648545454545456
0.05608909090909091
-0.031023636363636364
-0.18018363636363635
-0.014792727272727272
0.07848363636363635
-0.005547272727272727
0.1483381818181818
0.0918381818181818
-0.002876363636363636
0.32400181818181817
0.031845454545454545
-0.08916727272727272
0.20052363636363635
-0.0452
-0.10724727272727272
0.13231272727272728
-0.10848000000000001
-0.1419690909090909
0.15635090909090907
-0.02362727272727273
0.03821454545454545
0.15203636363636364
-0.07458
0.06348545454545454
0.15963818181818182
-0.08362
0.09964545454545454
0.12512181818181817
-0.05485636363636363
0.1171090909090909
-0.01992909090909091
-0.059170909090909087
0.07006
0.039241818181818176
-0.05691090909090909
0.053212727272727266
0.05711636363636363
-0.07190909090909091
0.17155454545454543
0.06882727272727272
0.05465090909090909
0.18922363636363634
-0.014998181818181817
0.057527272727272726
0.1370381818181818
-0.04807636363636364
0.03410545454545454
0.10211090909090909
-0.023832727272727273
0.06964909090909091
0.051569090909090905
0.07067636363636363
0.10211090909090909
0.0402690909090909
-0.038625454545454546
-0.014176363636363636
-0.0067800000000000004
-0.11341090909090909
0.04047454545454546
-0.10334363636363636
-0.027530909090909092
0.11361636363636363
-0.014381818181818181
0.12060181818181817
0.06718363636363636
0.020545454545454544
0.10663090909090908
0.10909636363636364
-0.019312727272727273
-0.011094545454545454
0.09923454545454545
-0.011094545454545454
-0.01664181818181818
0.048487272727272726
-0.1247109090909091
0.009245454545454545
0.11998545454545453
-0.12532727272727273
0.11834181818181817
0.11176727272727273
0.011505454545454544
0.21079636363636362
0.032667272727272725
0.07889454545454545
0.13046363636363634
0.06512909090909091
0.04951454545454545
-0.014176363636363636
-0.054240000000000003
-0.09800181818181818
0.10293272727272727
-0.03821454545454545
-0.1610763636363636
0.13107999999999997
-0.025887272727272724
0.03246181818181818
0.23483454545454546
-0.08485272727272727
-0.00041090909090909085
0.23236909090909091
0.013354545454545456
-0.07252545454545453
0.054240000000000003
0.03616
0.09553636363636364
0.12738181818181818
-0.056705454545454545
-0.002670909090909091
0.09327636363636364
-0.08094909090909091
-0.061841818181818185
0.09574181818181818
-0.08115454545454545
0.034927272727272723
0.17566363636363633
-0.03451636363636364
0.1532690909090909
0.1216290909090909
-0.021367272727272728
0.11012363636363637
-0.04787090909090909
-0.0940981818181818
0.06964909090909091
-0.016436363636363638
0.00041090909090909085
0.15203636363636364
0.003287272727272727
0.09574181818181818
0.17463636363636362
-0.03143454545454545
0.09389272727272728
0.03698181818181818
-0.1314909090909091
-0.00020545454545454542
0.008423636363636364
-0.1329290909090909
0.001438181818181818
0.1257381818181818
-0.020956363636363638
0.18326545454545454
0.20689272727272728
0.011916363636363636
0.16970545454545455
0.0990290909090909
-0.04129636363636364
0.014176363636363636
-0.03143454545454545
0.004725454545454545
0.10745272727272726
-0.07067636363636363
-0.03513272727272727
0.10293272727272727
-0.05218545454545454
0.07540181818181818
0.11443818181818181
0.024243636363636363
0.11279454545454545
0.04437818181818182
0.011505454545454544
0.12306727272727273
0.045610909090909084
-0.08382545454545455
0.07540181818181818
0.027736363636363635
-0.09327636363636364
-0.010478181818181819
-0.02157272727272727
-0.06738909090909091
0.030612727272727274
0.0041090909090909095
-0.11567090909090909
0.1836763636363636
0.11977999999999998
-0.028763636363636363
0.17011636363636362
-0.013560000000000001
-0.09430363636363637
0.12820363636363635
0.09985090909090909
-0.09820727272727273
0.08177090909090909
0.12635454545454544
-0.01992909090909091
0.13128545454545454
0.008218181818181819
-0.041912727272727275
0.12943636363636363
-0.10909636363636364
-0.10149454545454545
0.12717636363636362
-0.06163636363636363
-0.00452
0.12861454545454545
-0.027941818181818182
0.009245454545454545
0.12306727272727273
0.009245454545454545
0.017874545454545452
0.14237999999999998
-0.11074
-0.00452
0.17648545454545456
-0.1012890909090909
0.13395636363636362
0.15203636363636364
-0.08218181818181818
0.16847272727272727
0.04150181818181818
-0.0786890909090909
0.14299636363636362
0.07560727272727272
0.009245454545454545
0.04109090909090909
-0.014176363636363636
0.08382545454545455
0.24387454545454545
0.06718363636363636
-0.007396363636363636
0.13046363636363634
-0.08772909090909091
-0.03965272727272728
0.15162545454545454
-0.09019454545454544
-0.02670909090909091
0.11382181818181818
-0.08238727272727273
0.05013090909090909
0.16210363636363637
-0.004314545454545455
0.12512181818181817
0.08916727272727272
-0.09615272727272728
0.04314545454545454
-0.05259636363636363
-0.0727309090909091
0.14751636363636364
-0.0538290909090909
-0.030407272727272724
0.13683272727272727
0.04930909090909091
0.113
0.06533454545454545
0.05341818181818182
0.11176727272727273
0.09759090909090909
0.027120000000000002
0.02157272727272727
0.07622363636363635
-0.08998909090909091
0.03698181818181818
-0.014176363636363636
-0.13868181818181818
0.06348545454545454
-0.06636181818181817
-0.03554363636363636
0.07293636363636363
-0.05280181818181818
0.06369090909090909
0.14135272727272727
-0.029585454545454543
0.021367272727272728
0.07807272727272727
-0.025887272727272724
-0.020956363636363638
0.05485636363636363
-0.06040363636363636
-0.030818181818181814
0.15183090909090907
0.028558181818181816
0.10519272727272726
0.19477090909090908
0.09142727272727272
0.07909999999999999
0.02650363636363636
-0.021367272727272728
0.010889090909090909
0.025065454545454544
-0.045610909090909084
0.042529090909090905
0.07622363636363635
-0.062458181818181815
0.12327272727272726
0.15532363636363636
-0.06697818181818181
0.11998545454545453
0.08855090909090908
-0.060609090909090904
0.07786727272727272
-0.07725090909090909
-0.08444181818181817
0.11382181818181818
0.00226
-0.0402690909090909
0.1415581818181818
0.06348545454545454
0.041707272727272725
0.22764363636363635
-0.014381818181818181
0.00020545454545454542
0.18490909090909088
-0.11279454545454545
-0.04910363636363636
0.06533454545454545
-0.14094181818181817
0.06636181818181817
0.1360109090909091
-0.12820363636363635
0.05629454545454545
0.14237999999999998
0.023216363636363632
0.2023727272727273
0.09553636363636364
-0.06471818181818181
0.18347090909090907
0.09389272727272728
-0.1577890909090909
0.10437090909090908
0.031639999999999995
-0.15409090909090908
0.08033272727272728
-0.08834545454545455
-0.04437818181818182
0.1360109090909091
-0.04150181818181818
0.059787272727272724
0.12697090909090908
0.011916363636363636
0.018285454545454546
0.12039636363636362
0.01992909090909091
-0.09368727272727272
0.03616
-0.08526363636363636
-0.001438181818181818
0.08814
-0.11176727272727273
0.25887272727272725
0.13580545454545453
-0.05218545454545454
0.29770363636363634
0.07683999999999999
0.03944727272727273
0.12799818181818182
0.031639999999999995
-0.10375454545454545
-0.03451636363636364
0.06143090909090909
-0.09060545454545453
0.001438181818181818
-0.06492363636363636
0.005136363636363636
0.1569672727272727
0.019312727272727273
0.1171090909090909
0.26955636363636365
-0.02938
-0.06636181818181817
0.12286181818181818
-0.02609272727272727
-0.015614545454545454
0.003287272727272727
0.014792727272727272
-0.04910363636363636
-0.030612727272727274
-0.020956363636363638
0.02444909090909091
0.05814363636363636
-0.039241818181818176
0.13395636363636362
-0.030407272727272724
0.013765454545454546
0.13046363636363634
0.029585454545454543
0.05300727272727272
0.017463636363636362
0.04828181818181818
-0.013354545454545456
0.11156181818181818
0.004314545454545455
0.027120000000000002
0.14012
-0.04314545454545454
0.058349090909090906
0.13868181818181818
0.04663818181818182
-0.010067272727272725
0.11423272727272726
-0.08731818181818181
-0.11053454545454545
-0.0008218181818181817
-0.11854727272727272
-0.0113
0.035954545454545454
-0.028969090909090906
0.05177454545454545
0.20812545454545453
0.023832727272727273
0.14977636363636362
0.13313454545454545
-0.02527090909090909
0.07355272727272727
-0.035749090909090904
-0.006574545454545454
0.001849090909090909
0.030407272727272724
-0.06533454545454545
0.07889454545454545
0.09430363636363637
-0.03800909090909091
0.22045272727272727
0.11423272727272726
0.0226
0.1495709090909091
0.02075090909090909
-0.02979090909090909
0.15758363636363634
-0.0226
-0.031229090909090908
0.09697454545454545
-0.12450545454545454
-0.03246181818181818
0.16641818181818183
0.035954545454545454
-0.004725454545454545
0.11977999999999998
-0.031229090909090908
0.10868545454545453
0.08629090909090908
-0.04314545454545454
0.14217454545454544
-0.08814
-0.04746
0.05095272727272727
-0.10683636363636365
-0.08485272727272727
0.09019454545454544
0.00452
-0.08136
0.17730727272727273
0.09800181818181818
0.12532727272727273
0.2052490909090909
-0.041707272727272725
0.06718363636363636
0.09492
-0.16415818181818181
0.12902545454545453
0.02075090909090909
-0.22148
0.14422909090909092
0.04109090909090909
0.02527090909090909
0.11649272727272726
0.05691090909090909
0.06923818181818181
0.02670909090909091
0.002670909090909091
-0.07745636363636363
-0.04663818181818182
-0.02403818181818182
0.06204727272727273
0.037598181818181815
-0.10478181818181817
0.05218545454545454
0.15799454545454544
-0.03616
0.05013090909090909
0.17073272727272726
-0.04725454545454546
0.10622
0.15347454545454545
-0.020545454545454544
0.07252545454545453
0.04417272727272727
0.0012327272727272727
0.06040363636363636
-0.06266363636363637
-0.10478181818181817
0.12080727272727272
0.12142363636363637
-0.030818181818181814
0.031639999999999995
0.07458
0.02034
0.20956363636363634
0.14628363636363637
-0.08423636363636364
0.12676545454545454
0.047665454545454546
-0.057527272727272726
0.055678181818181814
-0.12594363636363634
-0.03657090909090909
0.1682672727272727
-0.04458363636363636
-0.06348545454545454
0.11793090909090909
0.06266363636363637
0.06615636363636364
0.09635818181818182
-0.0895781818181818
-0.030612727272727274
0.12799818181818182
-0.06266363636363637
0.07540181818181818
0.08998909090909091
-0.11567090909090909
0.1337509090909091
0.09163272727272727
-0.1088909090909091
0.09122181818181817
0.06718363636363636
-0.09533090909090909
0.15819999999999998
0.025065454545454544
-0.08259272727272728
0.19785272727272726
0.07314181818181818
-0.02239454545454545
0.05259636363636363
-0.0113
-0.0786890909090909
0.05958181818181818
-0.01808
-0.029174545454545453
0.13087454545454547
0.05259636363636363
0.2368890909090909
0.1957981818181818
-0.06759454545454545
0.10272727272727272
0.09019454545454544
-0.1171090909090909
0.036776363636363635
0.018285454545454546
-0.12409454545454546
-0.008218181818181819
0.05280181818181818
0.0067800000000000004
0.013354545454545456
0.15203636363636364
0.1464890909090909
0.13498363636363636
0.01890181818181818
-0.005958181818181818
0.14977636363636362
-0.05958181818181818
-0.021778181818181818
0.12019090909090908
-0.05444545454545455
0.010683636363636364
0.12060181818181817
0.011505454545454544
0.029585454545454543
0.010272727272727272
0.01890181818181818
0.042734545454545456
-0.045816363636363634
0.037598181818181815
0.07519636363636363
0.06615636363636364
0.008012727272727272
0.001438181818181818
0.0226
-0.019723636363636363
0.012121818181818182
-0.04663818181818182
-0.11916363636363636
0.055678181818181814
0.06471818181818181
-0.12203999999999998
0.15080363636363636
0.11197272727272727
0.02157272727272727
0.10005636363636364
-0.025476363636363634
0.10704181818181817
0.059787272727272724
0.0030818181818181817
0.05136363636363636
0.06595090909090909
-0.010889090909090909
0.10252181818181817
0.19641454545454545
-0.003698181818181818
0.047665454545454546
0.10190545454545454
-0.039241818181818176
-0.10519272727272726
0.04951454545454545
-0.04376181818181818
-0.009656363636363637
0.07848363636363635
-0.04972
0.11546545454545454
0.058349090909090906
-0.045610909090909084
0.09430363636363637
0.05033636363636364
-0.12532727272727273
0.13128545454545454
0.12943636363636363
-0.08403090909090909
0.15840545454545454
0.08731818181818181
0.07355272727272727
0.12676545454545454
-0.02034
0.0063690909090909084
0.15203636363636364
-0.005341818181818182
-0.041912727272727275
0.0727309090909091
-0.09944
0.034927272727272723
0.09635818181818182
-0.027120000000000002
0.043350909090909086
0.1865527272727273
-0.010478181818181819
-0.038625454545454546
0.11690363636363636
-0.09656363636363637
0.08341454545454545
0.054034545454545446
-0.10848000000000001
0.16046
0.061841818181818185
-0.08341454545454545
0.1356
0.0039036363636363635
-0.14299636363636362
0.06553999999999999
-0.019518181818181816
-0.02486
0.06040363636363636
0.015203636363636362
0.0067800000000000004
0.13087454545454547
0.13272363636363635
0.03410545454545454
0.13539454545454546
0.03698181818181818
0.1148490909090909
0.1341618181818182
0.013970909090909091
0.13313454545454545
0.05526727272727273
-0.0452
-0.00945090909090909
0.015409090909090907
-0.03965272727272728
-0.012532727272727272
0.005958181818181818
-0.0918381818181818
-0.0339
0.03328363636363636
0.05362363636363636
0.12060181818181817
0.02938
0.07149818181818181
0.1454618181818182
-0.018696363636363636
0.06882727272727272
0.06841636363636364
-0.029996363636363634
-0.00904
-0.03698181818181818
0.01992909090909091
0.015614545454545454
0.10005636363636364
0.06574545454545455
0.03718727272727273
0.10786363636363637
-0.05444545454545455
0.049925454545454544
0.1076581818181818
-0.06040363636363636
0.1103290909090909
0.08937272727272727
-0.06307454545454545
0.12265636363636362
0.05095272727272727
-0.10416545454545453
0.08259272727272728
0.00904
-0.13929818181818182
0.07663454545454546
-0.02486
-0.09368727272727272
0.10046727272727272
-0.013970909090909091
-0.04294
0.1411472727272727
0.04972
-0.03821454545454545
0.17525272727272728
0.01705272727272727
-0.014176363636363636
0.17607454545454546
-0.046432727272727264
0.019723636363636363
0.13785999999999998
-0.08012727272727273
0.05999272727272727
0.0918381818181818
-0.15450181818181818
0.14895454545454545
0.11115090909090909
-0.08608545454545455
0.22045272727272727
0.10293272727272727
-0.00041090909090909085
0.18963454545454544
0.014998181818181817
-0.05526727272727273
0.15922727272727272
-0.06677272727272728
-0.07108727272727272
0.1637472727272727
-0.1076581818181818
-0.04396727272727272
0.2629818181818182
-0.01992909090909091
-0.045610909090909084
0.1994963636363636
-0.04109090909090909
0.10087818181818181
0.08567454545454545
-0.1125890909090909
0.07211454545454546
-0.010272727272727272
-0.039241818181818176
0.036776363636363635
0.025065454545454544
-0.020956363636363638
0.19867454545454544
0.08279818181818181
-0.06040363636363636
0.1668290909090909
0.04663818181818182
0.07108727272727272
0.10334363636363636
-0.0786890909090909
-0.08567454545454545
0.10498727272727272
-0.06903272727272727
-0.027736363636363635
0.0538290909090909
-0.1676509090909091
0.14073636363636363
0.14895454545454545
-0.03616
0.04807636363636364
0.18922363636363634
0.010683636363636364
0.008218181818181819
0.0918381818181818
-0.18182727272727273
-0.025065454545454544
0.06143090909090909
-0.056705454545454545
-0.08588
0.007396363636363636
-0.02670909090909091
0.07006
0.057527272727272726
-0.05793818181818181
0.10437090909090908
0.014381818181818181
0.06944363636363636
0.11176727272727273
-0.018696363636363636
-0.03246181818181818
0.16559636363636362
0.08937272727272727
-0.00452
0.09882363636363636
0.05341818181818182
0.09450909090909092
0.03636545454545455
0.045816363636363634
0.08362
0.16272
-0.055678181818181814
0.02198363636363636
0.14381818181818182
-0.19929090909090907
0.025065454545454544
0.06266363636363637
-0.06533454545454545
-0.02403818181818182
0.03246181818181818
0.0069854545454545456
0.12409454545454546
0.1791563636363636
0.011094545454545454
0.12121818181818181
0.03533818181818182
0.028969090909090906
0.033489090909090906
-0.09533090909090909
-0.08259272727272728
0.06019818181818181
-0.017463636363636362
-0.09286545454545453
0.08505818181818181
0.10663090909090908
0.1577890909090909
0.14073636363636363
0.11156181818181818
0.06369090909090909
0.11135636363636363
0.02218909090909091
-0.013560000000000001
0.026298181818181814
-0.17504727272727272
0.023832727272727273
0.003287272727272727
-0.08546909090909091
0.09697454545454545
0.07088181818181817
0.012943636363636362
0.11772545454545454
0.09861818181818181
-0.05280181818181818
0.08526363636363636
0.10806909090909089
0.032667272727272725
-0.026298181818181814
-0.06697818181818181
0.015203636363636362
0.0904
-0.06615636363636364
-0.06841636363636364
0.04109090909090909
-0.15532363636363636
0.1012890909090909
0.15655636363636363
-0.016025454545454544
0.10868545454545453
0.09265999999999999
0.10067272727272727
0.113
0.02670909090909091
0.019312727272727273
0.15799454545454544
-0.03944727272727273
-0.08382545454545455
0.11895818181818181
0.03225636363636363
0.019723636363636363
0.15532363636363636
0.02444909090909091
-0.04458363636363636
0.12512181818181817
-0.09553636363636364
-0.026298181818181814
0.016847272727272728
-0.1645690909090909
0.010889090909090909
0.00862909090909091
0.038419999999999996
0.1076581818181818
0.07006
0.019723636363636363
0.15840545454545454
0.15450181818181818
-0.08546909090909091
0.06266363636363637
0.11669818181818181
-0.05444545454545455
0.04725454545454546
0.08197636363636364
-0.09944
0.02198363636363636
0.037598181818181815
-0.09224909090909092
0.008834545454545454
0.03985818181818182
0.03780363636363636
0.1633363636363636
0.07848363636363635
-0.054034545454545446
0.2555854545454545
0.14587272727272727
0.030818181818181814
0.1411472727272727
-0.02691454545454545
-0.10067272727272727
-0.007190909090909091
-0.006574545454545454
-0.18203272727272726
0.07930545454545455
-0.018285454545454546
-0.019723636363636363
0.19723636363636363
-0.07725090909090909
0.07971636363636364
0.1532690909090909
0.004930909090909091
0.02670909090909091
0.025065454545454544
-0.06636181818181817
0.0538290909090909
0.14484545454545456
-0.038625454545454546
0.06615636363636364
0.10375454545454545
-0.07437454545454546
0.09635818181818182
0.07519636363636363
-0.14422909090909092
0.19251090909090907
0.06759454545454545
-0.11669818181818181
0.18121090909090906
-0.01992909090909091
0.027941818181818182
0.15059818181818183
-0.08567454545454545
-0.03451636363636364
0.05259636363636363
-0.09985090909090909
-0.05608909090909091
0.1325181818181818
-0.03143454545454545
0.03883090909090909
0.21326181818181816
0.03225636363636363
0.1495709090909091
0.09471454545454545
-0.09779636363636364
0.12121818181818181
-0.006163636363636363
-0.1744309090909091
0.054034545454545446
-0.028763636363636363
-0.11813636363636362
0.17545818181818182
0.10005636363636364
0.02938
0.16744545454545454
0.05259636363636363
0.05177454545454545
0.062458181818181815
-0.048487272727272726
-0.029585454545454543
0.05937636363636363
-0.11587636363636362
-0.0008218181818181817
0.09512545454545453
-0.08937272727272727
0.12676545454545454
0.09122181818181817
0.0470490909090909
0.10745272727272726
0.08464727272727272
0.041912727272727275
0.08444181818181817
0.12080727272727272
-0.05547272727272727
0.09019454545454544
-0.01808
-0.07232
0.028352727272727273
-0.07909999999999999
-0.054240000000000003
0.01992909090909091
0.00020545454545454542
-0.02013454545454545
0.19312727272727273
0.08998909090909091
0.04787090909090909
0.13909272727272726
0.03821454545454545
0.010067272727272725
0.08444181818181817
0.028352727272727273
-0.09122181818181817
0.06697818181818181
0.023216363636363632
0.08177090909090909
0.05444545454545455
0.010272727272727272
0.18593636363636362
0.041707272727272725
-0.1193690909090909
0.026298181818181814
0.09060545454545453
-0.22826000000000002
0.011505454545454544
0.03616
-0.15265272727272727
0.16415818181818181
0.05629454545454545
0.010272727272727272
0.12697090909090908
0.029585454545454543
-0.03965272727272728
0.06553999999999999
-0.025887272727272724
-0.031229090909090908
0.1257381818181818
-0.03657090909090909
0.05177454545454545
0.20360545454545456
-0.055678181818181814
-0.048487272727272726
0.19908545454545457
-0.059787272727272724
-0.03554363636363636
0.1171090909090909
-0.04150181818181818
0.09307090909090908
0.042734545454545456
0.0034927272727272728
0.14895454545454545
0.0895781818181818
-0.00452
0.08711272727272727
0.030407272727272724
-0.09779636363636364
0.12347818181818182
0.0113
-0.14895454545454545
0.1608709090909091
0.059787272727272724
-0.01725818181818182
0.14874909090909091
-0.019312727272727273
0.09533090909090909
0.07396363636363636
-0.10005636363636364
0.0741690909090909
0.015614545454545454
-0.08505818181818181
0.04663818181818182
0.12327272727272726
-0.007190909090909091
0.10334363636363636
0.18182727272727273
0.016436363636363638
0.18141636363636363
0.16847272727272727
0.07149818181818181
0.17073272727272726
-0.015203636363636362
-0.05136363636363636
0.08608545454545455
-0.14237999999999998
-0.08115454545454545
0.08362
-0.14772181818181818
-0.11608181818181817
0.02650363636363636
-0.012327272727272727
-0.004725454545454545
0.06512909090909091
-0.028352727272727273
0.010067272727272725
0.15676181818181817
0.007807272727272727
0.003698181818181818
0.11834181818181817
-0.029996363636363634
-0.06923818181818181
0.03472181818181818
-0.03225636363636363
0.05280181818181818
0.11957454545454545
0.027325454545454545
0.06040363636363636
0.0727309090909091
0.023216363636363632
-0.019312727272727273
0.0016436363636363634
-0.032872727272727276
0.00226
0.04930909090909091
-0.009656363636363637
0.1321072727272727
0.06204727272727273
-0.02301090909090909
0.14422909090909092
0.032667272727272725
0.031023636363636364
0.13025818181818183
-0.06019818181818181
-0.060609090909090904
0.09265999999999999
-0.059787272727272724
-0.10745272727272726
0.045816363636363634
0.014381818181818181
0.07478545454545454
0.10539818181818181
-0.00020545454545454542
0.16025454545454546
0.16498
-0.03205090909090909
0.08505818181818181
0.13498363636363636
-0.049925454545454544
0.021367272727272728
0.15840545454545454
-0.09800181818181818
-0.06019818181818181
0.1678563636363636
-0.04211818181818182
0.04951454545454545
0.09245454545454544
0.010889090909090909
0.1586109090909091
-0.035954545454545454
0.031845454545454545
0.17463636363636362
-0.06944363636363636
-0.051569090909090905
0.05362363636363636
-0.0012327272727272727
-0.029585454545454543
0.03246181818181818
0.0012327272727272727
0.03451636363636364
0.13087454545454547
-0.036776363636363635
0.04540545454545454
0.14525636363636363
-0.054034545454545446
0.028352727272727273
0.03410545454545454
-0.1415581818181818
-0.04417272727272727
0.012327272727272727
-0.03410545454545454
0.05115818181818182
0.013149090909090907
-0.00041090909090909085
0.14669454545454544
0.10930181818181818
0.07601818181818182
0.14505090909090906
0.04807636363636364
0.020545454545454544
0.13765454545454545
0.013560000000000001
-0.08403090909090909
0.005341818181818182
-0.04129636363636364
-0.05608909090909091
-0.01623090909090909
0.012327272727272727
0.15367999999999998
0.1341618181818182
0.045610909090909084
0.15758363636363634
0.04787090909090909
-0.016847272727272728
0.07211454545454546
-0.05341818181818182
-0.08670181818181817
0.007601818181818181
0.029996363636363634
-0.04787090909090909
0.027530909090909092
0.0678
-0.046432727272727264
0.036776363636363635
0.08629090909090908
0.00020545454545454542
0.11320545454545454
0.048487272727272726
-0.019312727272727273
0.12820363636363635
-0.03616
0.08567454545454545
0.1524472727272727
-0.004314545454545455
0.08814
0.055883636363636364
0.0008218181818181817
0.02568181818181818
0.11176727272727273
-0.02568181818181818
0.006163636363636363
0.10252181818181817
-0.11957454545454545
0.02403818181818182
0.012327272727272727
-0.17566363636363633
0.06759454545454545
0.031229090909090908
-0.19826363636363634
0.07149818181818181
0.1261490909090909
0.05341818181818182
0.21059090909090908
0.032667272727272725
0.009861818181818182
0.0786890909090909
-0.045816363636363634
-0.03636545454545455
0.08362
-0.11854727272727272
-0.1469
0.12717636363636362
-0.0741690909090909
0.07848363636363635
0.2907181818181818
0.03225636363636363
0.06266363636363637
0.21059090909090908
0.02116181818181818
0.0452
0.07067636363636363
-0.16046
0.10950727272727273
-0.01623090909090909
-0.1939490909090909
0.18799090909090907
0.061841818181818185
-0.04211818181818182
0.2194254545454545
0.016436363636363638
-0.07725090909090909
0.13868181818181818
-0.007807272727272727
0.0538290909090909
0.12491636363636363
-0.05198
-0.019312727272727273
0.13621636363636364
-0.013149090909090907
-0.04602181818181818
0.11197272727272727
-0.12717636363636362
0.054240000000000003
0.08505818181818181
-0.12676545454545454
0.2029890909090909
0.07663454545454546
-0.015614545454545454
0.20648181818181818
-0.02938
0.00945090909090909
0.18963454545454544
-0.06882727272727272
-0.07725090909090909
0.02342181818181818
-0.02075090909090909
0.05218545454545454
0.11998545454545453
0.07334727272727272
0.07766181818181818
0.08690727272727272
-0.012532727272727272
0.08259272727272728
-0.002876363636363636
-0.19559272727272728
-0.03800909090909091
-0.014792727272727272
-0.1366272727272727
0.05444545454545455
0.10313818181818181
-0.05362363636363636
0.17874545454545454
0.17854
-0.04109090909090909
0.08485272727272727
0.050747272727272724
0.012327272727272727
0.09964545454545454
-0.07293636363636363
-0.032667272727272725
0.13580545454545453
0.04622727272727272
-0.05136363636363636
0.07827818181818182
0.06964909090909091
-0.08362
0.16908909090909088
0.028969090909090906
-0.1351890909090909
0.19888
0.13395636363636362
0.00226
0.055678181818181814
0.013354545454545456
0.013765454545454546
0.10971272727272725
-0.07683999999999999
-0.0727309090909091
0.08526363636363636
-0.09142727272727272
0.1193690909090909
0.14299636363636362
-0.10026181818181817
0.06040363636363636
0.13539454545454546
-0.02403818181818182
0.001438181818181818
0.048487272727272726
-0.08834545454545455
0.10005636363636364
0.03718727272727273
-0.04068
0.19025090909090905
0.07334727272727272
0.033694545454545456
0.09779636363636364
-0.001438181818181818
-0.10478181818181817
0.08300363636363636
0.039241818181818176
-0.10519272727272726
0.059170909090909087
-0.01705272727272727
0.10087818181818181
0.19600363636363635
-0.06533454545454545
0.034310909090909086
0.044994545454545454
-0.14669454545454544
0.1035490909090909
0.028763636363636363
-0.11505454545454545
0.20072909090909088
0.06512909090909091
0.019723636363636363
0.21634363636363635
0.04725454545454546
0.028352727272727273
0.1360109090909091
-0.02218909090909091
-0.11176727272727273
0.0226
-0.10560363636363636
-0.02034
0.15594
-0.030818181818181814
0.12717636363636362
0.19333272727272727
0.044994545454545454
0.11669818181818181
0.16415818181818181
-0.06656727272727272
-0.09944
0.07930545454545455
-0.0904
0.04109090909090909
0.06636181818181817
-0.029996363636363634
0.11361636363636363
-0.01992909090909091
0.02116181818181818
0.09697454545454545
-0.007190909090909091
0.02403818181818182
0.12450545454545454
-0.021778181818181818
-0.0402690909090909
0.10519272727272726
0.06081454545454545
-0.00904
-0.035954545454545454
0.02568181818181818
-0.07560727272727272
0.021367272727272728
-0.029585454545454543
-0.11690363636363636
0.12820363636363635
-0.03739272727272727
0.012121818181818182
0.19230545454545456
0.010272727272727272
0.07170363636363636
0.16477454545454545
-0.05218545454545454
0.005547272727272727
0.05629454545454545
-0.03328363636363636
0.0741690909090909
0.07478545454545454
0.020545454545454544
0.014381818181818181
0.15224181818181817
0.026298181818181814
0.009245454545454545
0.03205090909090909
-0.18552545454545455
0.06595090909090909
-0.02075090909090909
-0.11115090909090909
0.11690363636363636
-0.0069854545454545456
-0.027736363636363635
0.13477818181818182
0.017874545454545452
-0.002876363636363636
0.19189454545454546
-0.033489090909090906
0.046432727272727264
0.10724727272727272
-0.028969090909090906
0.16847272727272727
0.1337509090909091
0.001849090909090909
0.07930545454545455
0.09471454545454545
-0.11957454545454545
0.06862181818181817
0.12902545454545453
-0.08978363636363636
0.07622363636363635
0.11690363636363636
-0.014792727272727272
0.10149454545454545
0.13868181818181818
0.0010272727272727274
0.15162545454545454
-0.02938
-0.10560363636363636
0.07766181818181818
-0.13827090909090908
-0.032872727272727276
0.12758727272727272
-0.08238727272727273
0.001438181818181818
0.1826490909090909
-0.06081454545454545
0.06841636363636364
0.10190545454545454
-0.13087454545454547
0.06225272727272727
0.0402690909090909
-0.1415581818181818
0.03328363636363636
0.12902545454545453
-0.07458
0.1957981818181818
0.11834181818181817
-0.08177090909090909
0.2989363636363636
0.11731454545454545
-0.029585454545454543
0.16580181818181816
0.03205090909090909
-0.10437090909090908
0.08546909090909091
0.00452
-0.1366272727272727
0.02075090909090909
-0.12553272727272727
-0.0749909090909091
0.08115454545454545
-0.09759090909090909
0.0226
0.17114363636363633
-0.04150181818181818
0.052390909090909085
0.14710545454545454
-0.01890181818181818
0.12984727272727273
0.10108363636363636
-0.07560727272727272
0.015203636363636362
0.015203636363636362
0.011094545454545454
0.08444181818181817
0.0020545454545454547
0.06327999999999999
0.13847636363636362
0.05341818181818182
0.02362727272727273
0.11690363636363636
0.0904
-0.10683636363636365
0.1341618181818182
0.03739272727272727
-0.1257381818181818
0.22641090909090908
0.031845454545454545
-0.021367272727272728
0.13395636363636362
-0.06697818181818181
0.07540181818181818
0.11690363636363636
-0.13909272727272726
0.02670909090909091
0.010889090909090909
-0.12409454545454546
-0.00020545454545454542
0.008834545454545454
-0.02034
-0.012327272727272727
0.13683272727272727
0.02301090909090909
0.02568181818181818
0.19538727272727272
-0.04951454545454545
0.045610909090909084
0.14279090909090908
-0.1247109090909091
0.07601818181818182
-0.010478181818181819
-0.10375454545454545
0.14874909090909091
-0.08444181818181817
0.09122181818181817
0.10848000000000001
0.012943636363636362
0.13909272727272726
0.03903636363636363
0.08834545454545455
0.04376181818181818
0.12409454545454546
-0.06019818181818181
-0.07088181818181817
0.09615272727272728
-0.1337509090909091
-0.018696363636363636
0.061841818181818185
-0.11053454545454545
0.10457636363636363
0.10375454545454545
-0.02034
0.21675454545454545
0.0
0.059787272727272724
0.15717272727272727
0.016847272727272728
-0.0030818181818181817
-0.032872727272727276
0.04068
-0.11156181818181818
0.12594363636363634
0.00226
-0.035954545454545454
0.20360545454545456
0.0041090909090909095
0.15121454545454543
0.1469
0.00945090909090909
0.13991454545454546
0.10416545454545453
-0.13683272727272727
0.08649636363636364
-0.07067636363636363
-0.04540545454545454
0.10806909090909089
-0.10704181818181817
0.11094545454545454
-0.03965272727272728
0.16991090909090908
0.08341454545454545
0.13642181818181817
0.11176727272727273
-0.16272
0.21634363636363635
-0.16046
-0.1397090909090909
0.07848363636363635
-0.12101272727272726
-0.1366272727272727
0.07129272727272727
-0.045816363636363634
-0.049925454545454544
0.09122181818181817
0.031023636363636364
0.12039636363636362
-0.12943636363636363
0.1356
0.1088909090909091
0.045610909090909084
0.03328363636363636
0.004314545454545455
0.21059090909090908
-0.14422909090909092
0.09348181818181817
0.14464
-0.09307090909090908
-0.015614545454545454
0.08156545454545455
0.005547272727272727
0.05465090909090909
0.06553999999999999
-0.007601818181818181
0.12697090909090908
-0.13827090909090908
-0.05958181818181818
0.059170909090909087
-0.03328363636363636
-0.07889454545454545
0.1292309090909091
-0.0063690909090909084
-0.06615636363636364
0.33057636363636367
0.08588
0.16724
0.07827818181818182
0.011505454545454544
0.07108727272727272
-0.055678181818181814
-0.014998181818181817
-0.038625454545454546
0.005341818181818182
-0.16251454545454544
0.09101636363636363
0.15717272727272727
-0.0067800000000000004
0.22045272727272727
0.18860727272727273
-0.028147272727272726
0.1125890909090909
0.09985090909090909
-0.03821454545454545
0.16415818181818181
-0.0764290909090909
-0.08259272727272728
0.05259636363636363
-0.10334363636363636
-0.02568181818181818
0.16888363636363635
0.019107272727272726
-0.034927272727272723
0.1980581818181818
-0.06821090909090909
0.029996363636363634
0.15224181818181817
-0.033694545454545456
0.06348545454545454
0.04951454545454545
-0.11957454545454545
-0.03698181818181818
0.05691090909090909
-0.07560727272727272
0.09471454545454545
-0.06841636363636364
-0.06964909090909091
0.24572363636363637
0.10601454545454544
0.058349090909090906
0.1454618181818182
0.08937272727272727
-0.047665454545454546
0.07293636363636363
-0.00020545454545454542
-0.06923818181818181
0.00862909090909091
-0.09923454545454545
0.010067272727272725
0.06574545454545455
-0.06903272727272727
0.14340727272727272
0.24264181818181818
-0.07827818181818182
0.0678
0.05793818181818181
-0.09944
0.07006
0.003698181818181818
-0.034927272727272723
-0.04684363636363636
0.027736363636363635
0.09163272727272727
0.08505818181818181
0.03780363636363636
-0.005958181818181818
0.11834181818181817
-0.047665454545454546
-0.06738909090909091
0.18758
0.02198363636363636
-0.029996363636363634
0.18182727272727273
-0.04232363636363636
-0.1012890909090909
0.1419690909090909
0.08300363636363636
-0.0067800000000000004
-0.02609272727272727
0.013765454545454546
0.04828181818181818
0.14422909090909092
0.09964545454545454
0.08012727272727273
0.2414090909090909
-0.06759454545454545
0.05691090909090909
0.18182727272727273
-0.24058727272727273
0.029585454545454543
-0.027530909090909092
-0.2549690909090909
0.031023636363636364
-0.0024654545454545454
0.06204727272727273
0.18573090909090906
0.09492
0.031639999999999995
0.10190545454545454
0.11402727272727273
0.018696363636363636
0.13724363636363635
-0.06019818181818181
-0.14977636363636362
0.21798727272727272
-0.0039036363636363635
-0.07560727272727272
0.1836763636363636
-0.04910363636363636
-0.015203636363636362
0.12347818181818182
-0.12882
-0.00945090909090909
0.1586109090909091
-0.015614545454545454
0.05300727272727272
0.11135636363636363
0.007396363636363636
0.08711272727272727
0.15388545454545455
-0.09882363636363636
-0.00452
-0.05937636363636363
-0.07129272727272727
0.17011636363636362
-0.06081454545454545
0.13642181818181817
0.0741690909090909
0.08772909090909091
0.02486
0.05793818181818181
0.05814363636363636
-0.11505454545454545
0.17566363636363633
-0.2835272727272727
0.03821454545454545
0.056705454545454545
-0.1125890909090909
0.1836763636363636
0.07663454545454546
0.09861818181818181
-0.025887272727272724
0.21634363636363635
0.027941818181818182
0.08197636363636364
0.029585454545454543
-0.11135636363636363
0.08279818181818181
-0.08629090909090908
-0.010683636363636364
0.11156181818181818
0.0470490909090909
-0.1469
0.13909272727272726
-0.032667272727272725
-0.023832727272727273
0.14751636363636364
-0.01849090909090909
0.11320545454545454
-0.019107272727272726
0.12121818181818181
0.05896545454545454
0.06821090909090909
-0.09512545454545453
-0.0069854545454545456
0.09245454545454544
-0.23955999999999997
0.08074363636363636
0.07725090909090909
-0.0447890909090909
0.08998909090909091
0.2296981818181818
0.03636545454545455
0.09574181818181818
0.14751636363636364
-0.011094545454545454
0.10478181818181817
0.021778181818181818
-0.04889818181818182
0.019107272727272726
0.11012363636363637
-0.15491272727272726
0.16724
0.17360909090909088
-0.06759454545454545
0.2138781818181818
-0.09122181818181817
-0.05033636363636364
0.054240000000000003
-0.06389636363636363
-0.08752363636363636
0.04437818181818182
0.04129636363636364
-0.0016436363636363634
0.11156181818181818
-0.0226
0.016025454545454544
0.07848363636363635
0.03205090909090909
-0.041707272727272725
0.09471454545454545
-0.037598181818181815
0.03307818181818182
0.18429272727272727
-0.10909636363636364
0.13231272727272728
0.12635454545454544
-0.09101636363636363
0.02444909090909091
0.07581272727272727
-0.08238727272727273
0.019723636363636363
0.0069854545454545456
-0.044994545454545454
0.14094181818181817
-0.03903636363636363
0.07704545454545454
0.18593636363636362
0.06410181818181818
-0.034927272727272723
0.08793454545454545
0.001849090909090909
-0.1321072727272727
0.07786727272727272
-0.05300727272727272
0.07540181818181818
0.08855090909090908
-0.06985454545454545
0.1419690909090909
0.10067272727272727
-0.09882363636363636
0.11854727272727272
0.06800545454545455
-0.13765454545454545
0.12820363636363635
0.02034
-0.04602181818181818
0.09759090909090909
0.08197636363636364
0.06821090909090909
0.0940981818181818
0.09348181818181817
0.09265999999999999
0.21285090909090906
0.03739272727272727
0.11217818181818182
0.20072909090909088
-0.06923818181818181
-0.0012327272727272727
0.07149818181818181
-0.08115454545454545
-0.06327999999999999
-0.005136363636363636
-0.10930181818181818
-0.028147272727272726
-0.0067800000000000004
-0.014176363636363636
0.06369090909090909
0.08464727272727272
0.08362
0.10252181818181817
0.09286545454545453
-0.017463636363636362
0.06369090909090909
-0.019312727272727273
-0.08649636363636364
0.044994545454545454
0.005958181818181818
-0.08382545454545455
0.04437818181818182
0.14977636363636362
0.01664181818181818
0.12594363636363634
0.005547272727272727
-0.016025454545454544
0.11772545454545454
-0.08670181818181817
0.01664181818181818
0.07108727272727272
-0.040063636363636364
-0.0226
0.11402727272727273
-0.00041090909090909085
-0.03780363636363636
0.09594727272727273
0.011916363636363636
0.04314545454545454
-0.004725454545454545
-0.003698181818181818
-0.00904
0.01623090909090909
-0.10991818181818182
0.011505454545454544
0.10211090909090909
-0.15183090909090907
0.2631872727272727
0.07170363636363636
-0.09081090909090908
0.22990363636363634
0.06266363636363637
0.07725090909090909
0.1637472727272727
0.06081454545454545
0.015614545454545454
0.16744545454545454
-0.06471818181818181
0.05033636363636364
0.16600727272727273
-0.14710545454545454
0.11834181818181817
0.16395272727272728
-0.17196545454545456
-0.02239454545454545
0.2609272727272727
-0.12060181818181817
0.05465090909090909
0.1727872727272727
-0.1645690909090909
0.10005636363636364
0.06369090909090909
-0.04930909090909091
0.0628690909090909
0.05033636363636364
-0.10313818181818181
0.24428545454545453
-0.003287272727272727
-0.14484545454545456
0.3872818181818181
-0.09368727272727272
0.008834545454545454
0.20463272727272727
-0.08526363636363636
-0.0727309090909091
0.08814
0.00945090909090909
-0.10375454545454545
0.027120000000000002
-0.07601818181818182
0.1721709090909091
0.05608909090909091
-0.10827454545454546
0.17607454545454546
0.15142
-0.061841818181818185
0.12676545454545454
0.10211090909090909
-0.22271272727272726
0.07149818181818181
-0.028969090909090906
-0.06636181818181817
0.0006163636363636364
0.01725818181818182
0.09368727272727272
0.05115818181818182
0.07745636363636363
0.013560000000000001
0.25764
-0.04294
-0.06985454545454545
0.13991454545454546
-0.13354545454545455
-0.006574545454545454
0.04746
-0.031845454545454545
-0.009656363636363637
-0.042529090909090905
-0.0041090909090909095
0.12368363636363637
-0.013765454545454546
0.055061818181818184
0.13539454545454546
0.03739272727272727
0.05300727272727272
0.15388545454545455
0.1495709090909091
-0.06348545454545454
0.22353454545454546
0.12943636363636363
-0.09368727272727272
0.12347818181818182
0.0008218181818181817
-0.02691454545454545
0.10396
-0.006574545454545454
-0.01623090909090909
0.11053454545454545
-0.09204363636363636
-0.02218909090909091
0.06307454545454545
-0.113
0.00862909090909091
0.016436363636363638
-0.06019818181818181
0.0628690909090909
0.11669818181818181
0.06122545454545455
0.14381818181818182
0.14340727272727272
0.0041090909090909095
0.01766909090909091
0.06656727272727272
-0.09820727272727273
0.030407272727272724
0.06081454545454545
-0.22415090909090907
0.03616
0.0628690909090909
0.013560000000000001
0.15840545454545454
0.06553999999999999
0.06862181818181817
0.13005272727272726
-0.012121818181818182
-0.07170363636363636
0.17771818181818183
-0.004314545454545455
-0.11628727272727273
0.05136363636363636
-0.07581272727272727
0.01766909090909091
0.15470727272727272
-0.03944727272727273
0.05444545454545455
0.11443818181818181
-0.027941818181818182
0.04807636363636364
0.007807272727272727
0.08300363636363636
0.06143090909090909
0.07211454545454546
-0.02013454545454545
-0.05691090909090909
0.12943636363636363
-0.04663818181818182
0.13683272727272727
-0.007601818181818181
-0.09430363636363637
0.2301090909090909
-0.0041090909090909095
0.15532363636363636
0.24058727272727273
-0.05115818181818182
0.09122181818181817
0.11176727272727273
-0.012943636363636362
0.027736363636363635
0.00226
-0.01766909090909091
-0.03513272727272727
-0.031639999999999995
0.03657090909090909
0.12635454545454544
0.11567090909090909
-0.027120000000000002
0.1296418181818182
0.010272727272727272
-0.13806545454545455
0.1193690909090909
-0.0565
-0.039241818181818176
-0.03328363636363636
-0.10375454545454545
0.1216290909090909
0.02198363636363636
0.05115818181818182
0.05896545454545454
0.10971272727272725
0.058349090909090906
-0.02691454545454545
0.21059090909090908
-0.04663818181818182
-0.004314545454545455
0.08259272727272728
-0.05999272727272727
0.06656727272727272
-0.06595090909090909
-0.006163636363636363
0.12820363636363635
-0.035954545454545454
-0.02157272727272727
0.10498727272727272
0.09738545454545454
0.07026545454545453
0.05054181818181818
0.20442727272727274
0.014381818181818181
0.041912727272727275
0.2147
-0.1415581818181818
0.008218181818181819
-0.05876
-0.14422909090909092
0.06944363636363636
-0.09060545454545453
-0.055061818181818184
0.2436690909090909
0.1058090909090909
-0.08238727272727273
0.21696000000000001
0.05855454545454545
-0.01766909090909091
0.1337509090909091
0.03636545454545455
-0.015203636363636362
0.09964545454545454
0.08259272727272728
-0.02013454545454545
0.14854363636363635
-0.08115454545454545
0.011916363636363636
0.17648545454545456
-0.14299636363636362
-0.02301090909090909
0.07909999999999999
-0.13005272727272726
0.08731818181818181
0.10087818181818181
-0.12861454545454545
0.19127818181818182
0.051569090909090905
-0.0339
0.10601454545454544
-0.03800909090909091
-0.04211818181818182
0.1325181818181818
0.0538290909090909
-0.05218545454545454
0.24202545454545452
0.014176363636363636
0.05465090909090909
0.2177818181818182
-0.10622
-0.027530909090909092
0.12203999999999998
-0.18531999999999998
-0.1148490909090909
-0.007601818181818181
-0.06821090909090909
0.14731090909090908
0.0012327272727272727
0.1668290909090909
0.10149454545454545
0.15922727272727272
0.12039636363636362
0.13395636363636362
0.1984690909090909
-0.21223454545454545
0.1608709090909091
-0.04294
-0.03616
0.05793818181818181
-0.05218545454545454
0.015819999999999997
-0.02116181818181818
0.07560727272727272
0.033694545454545456
0.06636181818181817
-0.14751636363636364
0.19764727272727273
-0.11053454545454545
-0.08464727272727272
0.2825
-0.02486
0.021367272727272728
-0.0113
0.24079272727272724
-0.15943272727272728
0.04232363636363636
0.15963818181818182
-0.13498363636363636
0.046432727272727264
0.03800909090909091
0.21079636363636362
0.05608909090909091
0.03554363636363636
-0.03657090909090909
0.18531999999999998
-0.07560727272727272
-0.08423636363636364
0.22764363636363635
-0.11156181818181818
-0.007190909090909091
0.07314181818181818
0.08526363636363636
-0.10252181818181817
0.1483381818181818
0.014998181818181817
-0.00226
0.12697090909090908
-0.17545818181818182
0.11546545454545454
-0.04150181818181818
-0.046432727272727264
0.06841636363636364
0.07088181818181817
-0.08464727272727272
0.1148490909090909
0.26442
-0.17751272727272727
0.007807272727272727
0.05013090909090909
-0.024654545454545453
0.028763636363636363
0.08074363636363636
0.01849090909090909
0.16970545454545455
0.027941818181818182
-0.023216363636363632
0.2623654545454545
-0.12532727272727273
-0.0024654545454545454
0.16046
-0.002670909090909091
-0.05814363636363636
0.13087454545454547
0.06204727272727273
-0.0024654545454545454
0.1631309090909091
0.031023636363636364
0.10909636363636364
0.037598181818181815
0.03328363636363636
-0.02979090909090909
0.03225636363636363
-0.08978363636363636
-0.02527090909090909
0.16806181818181817
-0.1980581818181818
0.14464
0.18799090909090907
-0.07827818181818182
0.13765454545454545
0.02568181818181818
-0.11854727272727272
0.08670181818181817
-0.047665454545454546
0.040063636363636364
0.07519636363636363
-0.05362363636363636
0.2744872727272727
0.001849090909090909
0.056705454545454545
0.20668727272727272
0.1292309090909091
0.08896181818181817
-0.03410545454545454
0.12594363636363634
-0.06985454545454545
-0.0628690909090909
0.003287272727272727
-0.04314545454545454
-0.034310909090909086
-0.07067636363636363
0.00020545454545454542
0.015203636363636362
-0.06595090909090909
0.0041090909090909095
0.13580545454545453
-0.050747272727272724
0.05033636363636364
0.12121818181818181
0.010272727272727272
0.04622727272727272
0.10745272727272726
0.031845454545454545
-0.027530909090909092
0.001438181818181818
-0.05198
0.14381818181818182
0.02075090909090909
0.02486
0.2342181818181818
0.08033272727272728
0.04458363636363636
0.05732181818181818
0.03965272727272728
0.02650363636363636
0.053212727272727266
0.06327999999999999
-0.0016436363636363634
0.06122545454545455
0.08279818181818181
-0.10971272727272725
0.09245454545454544
0.07170363636363636
-0.1171090909090909
0.14320181818181818
-0.014176363636363636
-0.10909636363636364
0.06430727272727273
-0.017874545454545452
-0.1012890909090909
0.05691090909090909
0.07992181818181819
0.00041090909090909085
0.15347454545454545
0.12224545454545453
0.08382545454545455
0.15491272727272726
0.06369090909090909
0.08341454545454545
0.055061818181818184
-0.11505454545454545
-0.04828181818181818
0.06553999999999999
-0.0470490909090909
-0.08362
0.09265999999999999
-0.07396363636363636
0.060609090909090904
0.20319454545454546
-0.03800909090909091
0.19251090909090907
0.035954545454545454
0.05136363636363636
0.07540181818181818
-0.1397090909090909
0.02568181818181818
0.005958181818181818
0.050747272727272724
-0.1374490909090909
0.1012890909090909
0.031845454545454545
-0.12491636363636363
0.2662690909090909
-0.05547272727272727
0.07396363636363636
0.07622363636363635
0.05095272727272727
0.04540545454545454
-0.0678
0.02527090909090909
-0.06163636363636363
0.09759090909090909
-0.08752363636363636
0.09122181818181817
0.05341818181818182
-0.07190909090909091
0.2541472727272727
0.18018363636363635
0.05115818181818182
0.09163272727272727
0.10334363636363636
0.009656363636363637
0.10848000000000001
-0.055061818181818184
0.04951454545454545
0.0727309090909091
-0.18182727272727273
-0.023832727272727273
0.08546909090909091
0.07026545454545453
0.043556363636363636
0.20442727272727274
0.06081454545454545
0.08238727272727273
0.10478181818181817
-0.02691454545454545
0.03307818181818182
-0.02609272727272727
-0.1076581818181818
-0.028558181818181816
0.0741690909090909
-0.17504727272727272
0.10396
0.0741690909090909
-0.07951090909090908
0.1374490909090909
0.02198363636363636
0.03800909090909091
0.05465090909090909
0.16354181818181818
-0.015614545454545454
0.05218545454545454
0.1356
-0.02157272727272727
0.06677272727272728
-0.018285454545454546
0.04129636363636364
0.05341818181818182
-0.04951454545454545
-0.06841636363636364
0.12717636363636362
-0.05444545454545455
-0.05855454545454545
0.1865527272727273
-0.06163636363636363
-0.004930909090909091
0.08855090909090908
-0.07232
-0.16703454545454544
0.09327636363636364
-0.07375818181818182
-0.02609272727272727
0.15470727272727272
-0.08834545454545455
0.20566
0.2025781818181818
0.09450909090909092
0.07026545454545453
0.07396363636363636
-0.019518181818181816
0.03965272727272728
0.06656727272727272
-0.2522981818181818
0.08526363636363636
0.02691454545454545
-0.09759090909090909
0.18449818181818184
0.053212727272727266
0.10190545454545454
0.24161454545454544
0.03451636363636364
0.014792727272727272
0.17463636363636362
-0.05465090909090909
0.0339
0.06266363636363637
-0.19662
0.04869272727272727
0.1017
-0.06656727272727272
0.06451272727272726
0.15203636363636364
-0.055883636363636364
0.0727309090909091
0.14094181818181817
-0.03944727272727273
0.14874909090909091
0.08218181818181818
-0.018285454545454546
0.15676181818181817
-0.03985818181818182
-0.16210363636363637
0.15943272727272728
-0.049925454545454544
-0.07601818181818182
0.11156181818181818
-0.07355272727272727
0.15162545454545454
0.15717272727272727
0.09450909090909092
0.12532727272727273
0.005958181818181818
0.03985818181818182
0.12779272727272725
-0.00904
-0.13005272727272726
0.05054181818181818
-0.00904
-0.09882363636363636
-0.001849090909090909
0.06307454545454545
0.02670909090909091
0.1397090909090909
0.08218181818181818
-0.005341818181818182
0.026298181818181814
-0.09348181818181817
0.06348545454545454
0.009656363636363637
-0.034310909090909086
-0.021367272727272728
0.0727309090909091
0.09841272727272728
-0.04150181818181818
0.13724363636363635
0.0041090909090909095
0.00226
0.08218181818181818
-0.02609272727272727
0.034927272727272723
0.015203636363636362
0.012121818181818182
0.12429999999999998
0.02938
-0.09204363636363636
0.0741690909090909
0.0990290909090909
-0.009861818181818182
0.020545454545454544
0.13231272727272728
-0.005547272727272727
0.053212727272727266
0.19292181818181817
0.011505454545454544
0.16518545454545455
0.09964545454545454
-0.08998909090909091
0.113
-0.08998909090909091
-0.13888727272727272
0.1125890909090909
-0.22004181818181817
0.05115818181818182
0.14874909090909091
-0.21860363636363636
0.2623654545454545
0.1916890909090909
-0.05033636363636364
0.20155090909090906
0.1356
-0.09738545454545454
-0.002876363636363636
0.06800545454545455
-0.02650363636363636
0.027120000000000002
0.0678
0.11526
0.07560727272727272
0.005136363636363636
-0.08752363636363636
0.08526363636363636
0.07006
-0.21593272727272728
0.08649636363636364
0.08362
-0.04314545454545454
0.17340363636363634
0.054034545454545446
0.1017
0.11793090909090909
-0.14135272727272727
-0.040063636363636364
0.05876
0.057527272727272726
0.14772181818181818
-0.04150181818181818
0.03410545454545454
0.21593272727272728
-0.023216363636363632
0.009861818181818182
0.11587636363636362
0.08485272727272727
-0.09574181818181818
-0.06533454545454545
0.04417272727272727
-0.1088909090909091
0.07951090909090908
-0.014792727272727272
0.024243636363636363
0.2948272727272727
0.08793454545454545
0.010067272727272725
0.20442727272727274
0.09348181818181817
-0.09718
-0.027941818181818182
-0.13107999999999997
0.04869272727272727
0.08608545454545455
-0.05095272727272727
0.10293272727272727
0.04951454545454545
-0.0470490909090909
0.00862909090909091
0.08259272727272728
-0.04458363636363636
-0.010478181818181819
0.09841272727272728
-0.06369090909090909
0.008012727272727272
0.17340363636363634
-0.060609090909090904
0.02527090909090909
0.12060181818181817
-0.14032545454545453
0.06800545454545455
0.08567454545454545
-0.08362
0.08403090909090909
0.05115818181818182
0.00226
0.08505818181818181
0.12039636363636362
0.11402727272727273
0.11320545454545454
0.11854727272727272
-0.010067272727272725
-0.014176363636363636
0.005547272727272727
-0.11669818181818181
0.03780363636363636
0.13107999999999997
-0.03657090909090909
0.051569090909090905
0.16929454545454545
0.08670181818181817
-0.09718
-0.0067800000000000004
0.14135272727272727
-0.18388181818181817
-0.11690363636363636
0.30304545454545456
0.005547272727272727
-0.06204727272727273
0.28024
0.055678181818181814
-0.06266363636363637
0.08197636363636364
0.059170909090909087
0.023216363636363632
0.08711272727272727
-0.038625454545454546
0.03616
0.13087454545454547
-0.08403090909090909
0.03225636363636363
0.17196545454545456
-0.09019454545454544
-0.056705454545454545
0.33817818181818177
-0.045816363636363634
-0.18696363636363633
0.18531999999999998
0.04314545454545454
-0.05629454545454545
0.061841818181818185
0.08094909090909091
0.0727309090909091
0.02938
-0.12080727272727272
0.14258545454545454
-0.07252545454545453
-0.17566363636363633
0.21511090909090907
-0.02486
-0.08238727272727273
0.14607818181818183
0.1623090909090909
-0.048487272727272726
0.0470490909090909
-0.019107272727272726
-0.014381818181818181
0.061841818181818185
-0.08074363636363636
0.09718
0.10231636363636364
-0.07293636363636363
-0.00226
0.2568181818181818
0.014792727272727272
0.07766181818181818
0.21100181818181818
0.01992909090909091
0.14012
0.05465090909090909
-0.009245454545454545
0.03472181818181818
-0.008423636363636364
-0.021367272727272728
0.09759090909090909
-0.113
-0.15922727272727272
0.18511454545454545
-0.10519272727272726
-0.04068
0.17566363636363633
-0.02486
0.03533818181818182
0.04951454545454545
0.17484181818181818
0.020956363636363638
0.14299636363636362
0.035954545454545454
-0.07170363636363636
0.2919509090909091
-0.12286181818181818
0.03883090909090909
0.12943636363636363
0.0402690909090909
0.03451636363636364
0.09368727272727272
-0.039241818181818176
-0.11752
0.3640654545454545
-0.21038545454545451
-0.0727309090909091
0.10252181818181817
0.010683636363636364
0.057527272727272726
-0.01849090909090909
0.20874181818181817
0.014176363636363636
0.14217454545454544
-0.10560363636363636
0.014587272727272727
0.002876363636363636
-0.12779272727272725
0.06081454545454545
-0.11443818181818181
-0.1193690909090909
0.011916363636363636
0.07827818181818182
-0.058349090909090906
0.22435636363636363
-0.10149454545454545
0.09224909090909092
0.3020181818181818
-0.01992909090909091
0.17319818181818183
0.08485272727272727
-0.01171090909090909
0.00041090909090909085
0.16908909090909088
-0.15429636363636362
0.03020181818181818
0.09779636363636364
-0.06718363636363636
0.09553636363636364
0.020545454545454544
-0.007807272727272727
0.05732181818181818
0.16949999999999998
-0.09635818181818182
0.17833454545454544
-0.03821454545454545
-0.06163636363636363
0.2652418181818182
-0.07786727272727272
-0.04622727272727272
0.0749909090909091
0.09142727272727272
0.045816363636363634
0.08834545454545455
0.028969090909090906
0.17340363636363634
0.03554363636363636
0.012121818181818182
0.09656363636363637
-0.08731818181818181
-0.02239454545454545
-0.05608909090909091
0.08731818181818181
-0.15922727272727272
0.025887272727272724
0.06923818181818181
-0.10046727272727272
0.19785272727272726
0.09101636363636363
0.16436363636363635
0.15409090909090908
0.2194254545454545
-0.06595090909090909
0.1727872727272727
-0.11669818181818181
0.0041090909090909095
0.20894727272727273
-0.35769636363636365
0.20463272727272727
-0.28640363636363636
0.20196181818181816
-0.13498363636363636
0.04889818181818182
0.2594890909090909
-0.24428545454545453
0.4082381818181818
-0.20689272727272728
0.32831636363636363
-0.23134181818181818
0.05033636363636364
0.05300727272727272
-0.34516363636363634
0.16395272727272728
-0.18758
0.30530545454545455
-0.21120727272727272
0.24983272727272726
0.07108727272727272
0.001849090909090909
0.1826490909090909
-0.03821454545454545
0.1314909090909091
-0.14237999999999998
0.19045636363636362
-0.14751636363636364
0.29318363636363637
-0.11423272727272726
0.06964909090909091
0.22374
-0.11772545454545454
0.21305636363636363
-0.11587636363636362
0.2631872727272727
-0.16641818181818183
0.20134545454545455
0.04068
-0.10252181818181817
0.0628690909090909
-0.11341090909090909
0.12142363636363637
-0.12532727272727273
0.08649636363636364
-0.1569672727272727
0.11608181818181817
-0.04396727272727272
0.23401272727272723
0.14751636363636364
-0.02938
0.3124963636363636
-0.10498727272727272
0.1555290909090909
-0.05629454545454545
0.02979090909090909
-0.14258545454545454
-0.002876363636363636
-0.10745272727272726
-0.10313818181818181
0.2732545454545454
-0.06204727272727273
0.15409090909090908
0.15573454545454543
0.10293272727272727
-0.056705454545454545
0.2812672727272727
-0.01808
-0.08629090909090908
0.12532727272727273
-0.25373636363636365
0.07519636363636363
-0.05341818181818182
-0.03739272727272727
0.09245454545454544
0.1668290909090909
0.029996363636363634
0.04150181818181818
0.14628363636363637
0.0039036363636363635
0.09574181818181818
-0.11402727272727273
0.002876363636363636
0.10848000000000001
-0.007190909090909091
-0.016025454545454544
0.11669818181818181
-0.019518181818181816
0.03328363636363636
0.11526
-0.1469
0.19004545454545455
0.07478545454545454
-0.04314545454545454
0.1360109090909091
0.09594727272727273
-0.04622727272727272
0.19538727272727272
0.1871690909090909
-0.1994963636363636
0.08711272727272727
-0.0008218181818181817
-0.06101999999999999
0.07540181818181818
0.14422909090909092
0.11053454545454545
0.10437090909090908
0.046432727272727264
0.001438181818181818
0.11176727272727273
-0.2070981818181818
-0.009656363636363637
0.018285454545454546
-0.21449454545454544
-0.07848363636363635
0.07971636363636364
0.06204727272727273
-0.011916363636363636
0.19004545454545455
-0.0008218181818181817
0.10046727272727272
0.15758363636363634
0.02938
0.21613818181818178
0.07519636363636363
-0.09718
0.06204727272727273
0.07129272727272727
-0.2342181818181818
0.09142727272727272
0.07047090909090908
-0.10293272727272727
0.17751272727272727
-0.06553999999999999
-0.06163636363636363
0.09964545454545454
0.10683636363636365
-0.014792727272727272
0.09245454545454544
0.12429999999999998
-0.09101636363636363
0.17628
0.001438181818181818
-0.06944363636363636
0.14381818181818182
-0.11690363636363636
-0.07067636363636363
0.18531999999999998
-0.07129272727272727
0.012532727272727272
0.24983272727272726
-0.0039036363636363635
0.14628363636363637
0.06738909090909091
-0.04828181818181818
0.17093818181818182
0.13395636363636362
-0.12080727272727272
-0.015409090909090907
0.16477454545454545
-0.07375818181818182
0.13107999999999997
-0.06533454545454545
-0.09122181818181817
0.13642181818181817
-0.02362727272727273
-0.07478545454545454
0.028558181818181816
0.16272
-0.13005272727272726
0.34865636363636365
-0.028352727272727273
-0.0402690909090909
0.3531763636363636
-0.19312727272727273
0.10724727272727272
-0.12060181818181817
-0.02239454545454545
0.02116181818181818
0.14381818181818182
0.06492363636363636
0.08259272727272728
0.12429999999999998
-0.1840872727272727
0.3716672727272727
-0.25065454545454546
-0.004314545454545455
0.17422545454545454
-0.2753090909090909
0.04910363636363636
0.07601818181818182
-0.032872727272727276
-0.033489090909090906
0.22620545454545452
-0.06533454545454545
0.1397090909090909
0.10950727272727273
0.0967690909090909
0.13991454545454546
0.12306727272727273
-0.05937636363636363
-0.16847272727272727
0.24387454545454545
-0.37803636363636367
0.16929454545454545
0.1247109090909091
-0.24921636363636362
0.1727872727272727
0.05526727272727273
0.043350909090909086
0.0
0.10149454545454545
-0.03205090909090909
0.2136727272727273
-0.0470490909090909
0.004314545454545455
0.10560363636363636
-0.04787090909090909
0.08875636363636363
-0.010272727272727272
0.048487272727272726
-0.09820727272727273
0.19333272727272727
0.038419999999999996
0.03965272727272728
0.12594363636363634
0.05444545454545455
0.07006
0.02486
0.07704545454545454
-0.06307454545454545
0.19785272727272726
-0.09882363636363636
0.05485636363636363
0.09779636363636364
-0.15121454545454543
0.17196545454545456
0.12121818181818181
-0.0402690909090909
0.05115818181818182
0.1464890909090909
-0.13724363636363635
0.10211090909090909
-0.03698181818181818
-0.06471818181818181
0.042529090909090905
-0.05773272727272727
0.14299636363636362
0.02301090909090909
0.03883090909090909
0.00945090909090909
0.15183090909090907
-0.046432727272727264
-0.011916363636363636
0.13457272727272726
0.04889818181818182
-0.04910363636363636
0.046432727272727264
0.03985818181818182
-0.10930181818181818
0.24531272727272724
-0.19764727272727273
0.09348181818181817
0.10498727272727272
-0.2206581818181818
0.2274381818181818
0.0339
0.013765454545454546
0.16189818181818183
0.12265636363636362
-0.09656363636363637
0.18758
0.10457636363636363
-0.07827818181818182
0.058349090909090906
0.02670909090909091
-0.02670909090909091
-0.06923818181818181
0.004930909090909091
-0.11382181818181818
0.27798
-0.11957454545454545
-0.08567454545454545
0.26791272727272725
-0.1306690909090909
0.1171090909090909
0.12676545454545454
-0.04109090909090909
-0.04602181818181818
0.18388181818181817
0.019312727272727273
0.07581272727272727
0.19929090909090907
0.03698181818181818
0.27284363636363634
0.08814
-0.06266363636363637
0.19908545454545457
0.1325181818181818
-0.10087818181818181
0.19456545454545454
-0.04232363636363636
-0.15347454545454545
0.05773272727272727
-0.15963818181818182
0.00452
-0.10827454545454546
-0.02979090909090909
0.04746
0.0447890909090909
0.04725454545454546
-0.025065454545454544
0.20216727272727272
-0.025065454545454544
0.03205090909090909
0.16272
-0.1341618181818182
0.02116181818181818
0.11197272727272727
-0.14710545454545454
0.007807272727272727
0.03780363636363636
0.038625454545454546
0.16354181818181818
0.06985454545454545
0.11854727272727272
0.06738909090909091
0.10293272727272727
-0.009245454545454545
0.02568181818181818
0.06348545454545454
-0.12327272727272726
0.17463636363636362
0.013149090909090907
0.009656363636363637
0.058349090909090906
-0.020956363636363638
0.03883090909090909
-0.06327999999999999
0.10211090909090909
-0.06636181818181817
0.03636545454545455
-0.029996363636363634
-0.08752363636363636
0.043350909090909086
-0.043350909090909086
-0.030612727272727274
0.06656727272727272
0.08875636363636363
0.02239454545454545
0.35790181818181815
0.030612727272727274
0.20155090909090906
0.32708363636363635
-0.1631309090909091
0.14361272727272725
0.030407272727272724
-0.09327636363636364
0.0039036363636363635
-0.00452
-0.1103290909090909
0.04068
0.10437090909090908
-0.1017
0.19641454545454545
0.10806909090909089
-0.04910363636363636
0.20894727272727273
0.11669818181818181
-0.15039272727272726
0.1935381818181818
-0.03410545454545454
-0.19744181818181816
0.16272
-0.17155454545454543
0.05300727272727272
0.08156545454545455
-0.04540545454545454
0.10457636363636363
0.16415818181818181
0.043556363636363636
0.01992909090909091
0.1808
-0.18840181818181817
0.08711272727272727
0.05177454545454545
-0.09553636363636364
0.048487272727272726
-0.15758363636363634
-0.040885454545454544
0.08875636363636363
0.03225636363636363
0.005958181818181818
0.2414090909090909
0.06081454545454545
0.13642181818181817
0.12450545454545454
-0.041912727272727275
0.16498
0.08382545454545455
-0.05958181818181818
-0.040885454545454544
0.06759454545454545
-0.15265272727272727
0.05773272727272727
0.06656727272727272
-0.05054181818181818
0.15819999999999998
0.13477818181818182
0.10498727272727272
0.029585454545454543
0.08567454545454545
-0.04889818181818182
0.05033636363636364
-0.1088909090909091
-0.19538727272727272
0.1337509090909091
-0.014792727272727272
0.002670909090909091
0.22682181818181818
0.06944363636363636
-0.06512909090909091
0.22497272727272724
0.07355272727272727
0.02075090909090909
0.14279090909090908
0.016436363636363638
0.07190909090909091
0.02301090909090909
-0.08177090909090909
0.05095272727272727
0.23524545454545454
-0.09450909090909092
-0.07293636363636363
0.22456181818181817
-0.13231272727272728
-0.09307090909090908
0.31619454545454545
0.019723636363636363
-0.09368727272727272
-0.07519636363636363
-0.10724727272727272
0.30756545454545453
-0.20627636363636362
-0.20689272727272728
0.34413636363636363
-0.11895818181818181
-0.10416545454545453
0.14813272727272728
0.10601454545454544
0.04889818181818182
0.11567090909090909
0.14217454545454544
0.028352727272727273
-0.01725818181818182
-0.05198
0.14258545454545454
0.07314181818181818
-0.33961636363636366
-0.00226
0.24079272727272724
-0.2555854545454545
0.1035490909090909
0.3051
-0.04869272727272727
0.17710181818181817
0.15080363636363636
0.05608909090909091
0.01808
-0.012327272727272727
0.12265636363636362
0.04417272727272727
-0.18347090909090907
-0.11443818181818181
0.1551181818181818
0.004930909090909091
-0.07026545454545453
0.1499818181818182
0.05095272727272727
-0.014587272727272727
0.19518181818181818
0.048487272727272726
-0.015819999999999997
0.028558181818181816
0.0
0.18675818181818182
-0.04787090909090909
-0.1125890909090909
0.1532690909090909
0.06636181818181817
-0.005136363636363636
0.03020181818181818
0.06862181818181817
0.10190545454545454
0.21285090909090906
0.12121818181818181
-0.07149818181818181
0.07355272727272727
0.06697818181818181
0.028147272727272726
0.0805381818181818
-0.08074363636363636
-0.13498363636363636
0.1645690909090909
-0.03533818181818182
-0.09882363636363636
0.19764727272727273
-0.08978363636363636
0.17504727272727272
0.06204727272727273
-0.06492363636363636
0.04376181818181818
-0.059787272727272724
0.10827454545454546
-0.16621272727272726
0.09635818181818182
-0.1766909090909091
0.032872727272727276
0.2896909090909091
-0.17155454545454543
0.23771090909090908
-0.032872727272727276
0.0805381818181818
0.15347454545454545
0.033489090909090906
0.027120000000000002
0.06122545454545455
0.05013090909090909
-0.1366272727272727
0.2251781818181818
-0.1528581818181818
-0.04910363636363636
0.16744545454545454
0.027530909090909092
-0.06903272727272727
0.040063636363636364
0.09759090909090909
-0.04109090909090909
0.20011272727272728
-0.1125890909090909
0.07827818181818182
0.08341454545454545
-0.029996363636363634
0.00452
0.07683999999999999
-0.04540545454545454
-0.14669454545454544
0.24058727272727273
-0.0786890909090909
0.11875272727272726
0.16580181818181816
0.0805381818181818
0.1419690909090909
0.1103290909090909
0.011094545454545454
0.03739272727272727
0.04951454545454545
-0.13785999999999998
0.09307090909090908
-0.1623090909090909
-0.045610909090909084
0.11567090909090909
0.04602181818181818
-0.0895781818181818
0.0940981818181818
0.07827818181818182
-0.06471818181818181
0.28475999999999996
-0.13457272727272726
0.06451272727272726
0.14279090909090908
-0.06512909090909091
0.09718
0.09389272727272728
-0.00041090909090909085
-0.009245454545454545
0.21963090909090907
-0.15881636363636362
-0.016025454545454544
0.16600727272727273
-0.05362363636363636
0.11690363636363636
0.04787090909090909
0.01992909090909091
0.05793818181818181
0.05547272727272727
-0.04417272727272727
0.10046727272727272
-0.0226
-0.02609272727272727
0.1631309090909091
-0.11526
0.0895781818181818
0.003287272727272727
0.12861454545454545
0.11977999999999998
0.10457636363636363
0.09163272727272727
-0.07149818181818181
0.3155781818181818
-0.20278363636363633
0.1257381818181818
0.02486
-0.18388181818181817
0.2070981818181818
-0.2194254545454545
0.10498727272727272
-0.00452
0.0565
0.003287272727272727
-0.015409090909090907
0.09307090909090908
-0.10416545454545453
0.10149454545454545
-0.01705272727272727
0.05937636363636363
0.043556363636363636
0.013149090909090907
-0.08033272727272728
0.14607818181818183
0.038419999999999996
-0.04622727272727272
0.14012
-0.08670181818181817
0.18162181818181816
0.012327272727272727
0.0805381818181818
0.10704181818181817
-0.008423636363636364
0.013354545454545456
0.031639999999999995
0.10539818181818181
-0.12697090909090908
0.08341454545454545
0.03554363636363636
-0.08177090909090909
-0.0020545454545454547
0.07334727272727272
-0.008834545454545454
0.13190181818181818
0.11443818181818181
-0.09389272727272728
0.1916890909090909
0.0012327272727272727
-0.0010272727272727274
0.10437090909090908
-0.008834545454545454
-0.06040363636363636
0.11916363636363636
0.02527090909090909
-0.0904
0.18449818181818184
-0.0741690909090909
0.04930909090909091
0.09245454545454544
-0.02239454545454545
0.11012363636363637
0.12347818181818182
0.0452
0.03903636363636363
0.13107999999999997
-0.08567454545454545
0.13005272727272726
0.1296418181818182
-0.035749090909090904
0.10539818181818181
0.07211454545454546
-0.00041090909090909085
0.10046727272727272
0.043556363636363636
-0.06862181818181817
0.21038545454545451
-0.04951454545454545
-0.05136363636363636
0.11669818181818181
-0.0628690909090909
-0.02218909090909091
0.02116181818181818
-0.11135636363636363
-0.05937636363636363
0.1337509090909091
-0.07540181818181818
0.12512181818181817
0.10683636363636365
-0.054034545454545446
0.10457636363636363
0.11402727272727273
-0.06471818181818181
0.05444545454545455
0.11341090909090909
-0.2194254545454545
0.18490909090909088
-0.003698181818181818
-0.03225636363636363
0.2093581818181818
-0.015819999999999997
0.15450181818181818
0.09019454545454544
0.12203999999999998
0.009656363636363637
0.18552545454545455
0.0008218181818181817
-0.20175636363636362
0.10087818181818181
-0.11135636363636363
-0.05095272727272727
-0.04396727272727272
-0.14299636363636362
0.013354545454545456
0.1419690909090909
-0.09800181818181818
0.11423272727272726
0.15039272727272726
-0.011916363636363636
0.19682545454545455
0.02301090909090909
0.01705272727272727
0.05444545454545455
0.0678
-0.0069854545454545456
0.054034545454545446
0.07540181818181818
0.01808
0.11854727272727272
0.11731454545454545
-0.019312727272727273
0.16847272727272727
0.11998545454545453
-0.17340363636363634
0.24305272727272725
-0.010067272727272725
-0.040885454545454544
0.16991090909090908
-0.0565
0.11998545454545453
0.07314181818181818
0.016025454545454544
-0.032667272727272725
0.12532727272727273
0.04663818181818182
-0.09738545454545454
0.06677272727272728
-0.07971636363636364
-0.07334727272727272
0.02157272727272727
-0.11156181818181818
-0.03698181818181818
0.16744545454545454
-0.08772909090909091
0.06841636363636364
0.18675818181818182
-0.028969090909090906
0.21305636363636363
0.1713490909090909
0.016847272727272728
0.14299636363636362
0.10396
-0.08320909090909091
-0.009861818181818182
-0.0041090909090909095
-0.09964545454545454
-0.06040363636363636
-0.027120000000000002
-0.054034545454545446
0.09985090909090909
0.03739272727272727
-0.09779636363636364
0.20196181818181816
0.031639999999999995
-0.04684363636363636
0.19764727272727273
-0.013560000000000001
-0.05896545454545454
0.1586109090909091
-0.05855454545454545
-0.02075090909090909
0.16908909090909088
-0.026298181818181814
0.11012363636363637
0.18306
0.03944727272727273
0.07252545454545453
0.010478181818181819
-0.1329290909090909
0.1341618181818182
-0.0402690909090909
-0.24284727272727274
0.2346290909090909
0.027120000000000002
-0.10971272727272725
0.16518545454545455
0.10786363636363637
0.03328363636363636
0.05054181818181818
0.0727309090909091
0.17874545454545454
0.1668290909090909
0.042529090909090905
0.1610763636363636
0.14279090909090908
-0.030818181818181814
-0.1360109090909091
0.06266363636363637
-0.07745636363636363
-0.0786890909090909
0.09492
-0.2753090909090909
0.11135636363636363
0.11279454545454545
0.03410545454545454
0.18141636363636363
-0.008423636363636364
0.20689272727272728
0.08998909090909091
-0.1257381818181818
-0.09327636363636364
0.13128545454545454
-0.1337509090909091
-0.24387454545454545
0.08526363636363636
0.054240000000000003
0.03965272727272728
0.13046363636363634
0.18018363636363635
0.07889454545454545
0.14443454545454545
-0.06307454545454545
0.037598181818181815
0.10149454545454545
-0.20853636363636363
0.07458
0.09019454545454544
-0.06307454545454545
0.00041090909090909085
0.0678
0.0226
0.07560727272727272
0.007190909090909091
-0.06348545454545454
0.15470727272727272
0.005752727272727272
-0.06019818181818181
0.08649636363636364
-0.014792727272727272
-0.05341818181818182
0.17402
-0.03739272727272727
-0.14854363636363635
0.17258181818181817
0.04232363636363636
0.04150181818181818
0.13498363636363636
0.04807636363636364
0.1573781818181818
0.13190181818181818
-0.10005636363636364
0.1088909090909091
0.15614545454545453
-0.19744181818181816
-0.061841818181818185
0.0990290909090909
-0.05095272727272727
-0.12758727272727272
0.19867454545454544
0.2744872727272727
0.05793818181818181
0.12388909090909091
0.03533818181818182
0.11526
0.03698181818181818
-0.22230181818181818
0.1012890909090909
0.06533454545454545
-0.23504
-0.04684363636363636
0.002670909090909091
0.007396363636363636
0.16949999999999998
0.037598181818181815
0.05773272727272727
0.1495709090909091
-0.03513272727272727
0.12697090909090908
0.12450545454545454
-0.02691454545454545
0.13005272727272726
0.019312727272727273
-0.04068
0.00041090909090909085
0.02013454545454545
0.11649272727272726
-0.02938
-0.06225272727272727
0.02075090909090909
0.07129272727272727
0.11649272727272726
0.03883090909090909
0.1419690909090909
-0.007396363636363636
-0.06821090909090909
0.17032181818181816
-0.043556363636363636
-0.05341818181818182
0.00041090909090909085
-0.0904
0.08012727272727273
0.07458
0.011916363636363636
0.18511454545454545
0.09348181818181817
-0.0069854545454545456
0.13087454545454547
-0.08218181818181818
-0.11012363636363637
0.06101999999999999
0.019107272727272726
-0.04889818181818182
-0.011505454545454544
0.013149090909090907
0.08238727272727273
0.19271636363636363
0.014792727272727272
0.038625454545454546
0.10498727272727272
0.07971636363636364
0.033694545454545456
0.0024654545454545454
0.009656363636363637
0.002876363636363636
0.07745636363636363
-0.10991818181818182
0.010683636363636364
0.14484545454545456
0.02670909090909091
-0.009656363636363637
-0.010889090909090909
0.04211818181818182
-0.028969090909090906
0.10457636363636363
0.06903272727272727
0.0030818181818181817
0.16908909090909088
-0.008218181818181819
-0.02013454545454545
0.2898963636363636
-0.15717272727272727
-0.16169272727272727
0.1633363636363636
-0.3098254545454545
0.07396363636363636
0.17032181818181816
-0.06143090909090909
0.04930909090909091
0.12265636363636362
0.17977272727272728
0.011916363636363636
0.08341454545454545
0.04294
0.2833218181818182
-0.07006
-0.11382181818181818
0.30941454545454544
0.044994545454545454
-0.04663818181818182
0.03307818181818182
0.061841818181818185
-0.19785272727272726
0.04787090909090909
-0.06410181818181818
-0.021367272727272728
0.11074
-0.15922727272727272
0.2545581818181818
0.11382181818181818
-0.08629090909090908
0.21572727272727274
0.22250727272727272
-0.1723763636363636
0.09738545454545454
0.13539454545454546
-0.07560727272727272
0.16128181818181817
-0.02362727272727273
0.12450545454545454
-0.00041090909090909085
-0.08505818181818181
0.09307090909090908
0.08074363636363636
-0.09348181818181817
-0.08012727272727273
0.11772545454545454
-0.08464727272727272
-0.00904
0.06800545454545455
0.048487272727272726
-0.01664181818181818
0.2034
0.11772545454545454
0.02362727272727273
0.18614181818181816
-0.06841636363636364
0.14731090909090908
0.00020545454545454542
-0.15347454545454545
0.0764290909090909
0.021778181818181818
-0.12409454545454546
0.010683636363636364
0.0016436363636363634
-0.16477454545454545
0.05547272727272727
-0.015614545454545454
-0.0016436363636363634
0.015409090909090907
0.06574545454545455
0.10724727272727272
0.11690363636363636
0.14402363636363635
0.019723636363636363
0.1088909090909091
-0.043350909090909086
0.02116181818181818
0.07232
-0.10991818181818182
-0.11505454545454545
0.15121454545454543
0.1366272727272727
-0.05362363636363636
0.23606727272727274
0.004314545454545455
0.07683999999999999
0.12203999999999998
-0.17730727272727273
0.13457272727272726
0.008218181818181819
0.00452
0.09800181818181818
-0.08834545454545455
0.113
0.13498363636363636
0.07540181818181818
0.026298181818181814
0.0041090909090909095
0.16292545454545454
-0.10745272727272726
0.11998545454545453
0.22086363636363635
-0.1721709090909091
0.20504363636363634
-0.05773272727272727
-0.1341618181818182
0.12265636363636362
-0.14484545454545456
0.08505818181818181
0.07375818181818182
-0.10005636363636364
0.0741690909090909
0.12738181818181818
-0.06985454545454545
0.13087454545454547
0.2251781818181818
-0.12019090909090908
0.01766909090909091
0.20093454545454545
0.06615636363636364
0.04684363636363636
0.0447890909090909
0.007807272727272727
0.053212727272727266
-0.14381818181818182
-0.04314545454545454
0.2052490909090909
-0.047665454545454546
-0.1148490909090909
0.1686781818181818
0.00945090909090909
-0.14587272727272727
0.14464
-0.028763636363636363
-0.02568181818181818
0.06471818181818181
-0.12676545454545454
0.11649272727272726
0.05115818181818182
-0.05095272727272727
0.2490109090909091
0.10437090909090908
-0.1076581818181818
0.15614545454545453
0.15388545454545455
-0.11895818181818181
0.04602181818181818
0.12635454545454544
-0.05054181818181818
0.05465090909090909
0.054240000000000003
0.028763636363636363
0.17771818181818183
0.07149818181818181
0.09759090909090909
0.08382545454545455
0.01725818181818182
0.17176
0.020956363636363638
-0.09779636363636364
-0.03800909090909091
0.045610909090909084
-0.027120000000000002
-0.1713490909090909
0.0628690909090909
0.05629454545454545
0.03225636363636363
0.13087454545454547
-0.07478545454545454
0.18593636363636362
0.06019818181818181
-0.16169272727272727
0.23257454545454545
-0.05773272727272727
-0.03800909090909091
0.1464890909090909
-0.12183454545454545
0.030407272727272724
0.12512181818181817
0.06081454545454545
0.0012327272727272727
0.055061818181818184
0.18984
0.09512545454545453
-0.01992909090909091
0.008012727272727272
0.08937272727272727
0.14340727272727272
-0.06882727272727272
-0.10108363636363636
0.13128545454545454
-0.1017
-0.10478181818181817
0.027120000000000002
-0.007396363636363636
0.07252545454545453
0.012327272727272727
-0.0226
0.05485636363636363
0.06225272727272727
-0.11957454545454545
0.07190909090909091
0.060609090909090904
-0.024654545454545453
0.2136727272727273
0.013354545454545456
0.06225272727272727
0.2138781818181818
0.07560727272727272
-0.027530909090909092
0.10478181818181817
0.08978363636363636
0.04663818181818182
0.12758727272727272
-0.14176363636363634
-0.01992909090909091
0.13477818181818182
-0.10930181818181818
-0.07745636363636363
0.2206581818181818
0.0402690909090909
-0.05095272727272727
0.18840181818181817
0.06143090909090909
0.09286545454545453
0.13477818181818182
-0.01623090909090909
0.03985818181818182
0.06882727272727272
-0.16621272727272726
0.12635454545454544
0.013354545454545456
-0.14772181818181818
0.2516818181818182
-0.06697818181818181
0.0339
0.10293272727272727
0.02568181818181818
0.18182727272727273
-0.056705454545454545
-0.08567454545454545
0.08115454545454545
0.01766909090909091
-0.13354545454545455
0.008834545454545454
0.11567090909090909
-0.027120000000000002
0.027120000000000002
0.16559636363636362
-0.06225272727272727
0.27017272727272723
0.08279818181818181
-0.11341090909090909
0.2800345454545454
-0.1510090909090909
0.024243636363636363
-0.0226
-0.04294
-0.008423636363636364
-0.09882363636363636
0.07047090909090908
-0.12368363636363637
0.18552545454545455
0.03410545454545454
0.0008218181818181817
0.22148
-0.013765454545454546
0.04725454545454546
0.08629090909090908
-0.12121818181818181
0.08033272727272728
0.13313454545454545
-0.10806909090909089
0.0749909090909091
-0.09389272727272728
0.09718
0.043350909090909086
-0.0010272727272727274
0.10457636363636363
0.012121818181818182
0.27243272727272727
-0.13457272727272726
0.1532690909090909
0.19477090909090908
-0.06821090909090909
0.15162545454545454
0.017874545454545452
-0.027530909090909092
0.1261490909090909
0.08937272727272727
-0.08670181818181817
0.17052727272727272
-0.06225272727272727
-0.04232363636363636
0.08382545454545455
0.03616
0.02691454545454545
-0.014381818181818181
0.003287272727272727
-0.1791563636363636
0.19312727272727273
-0.08218181818181818
-0.11217818181818182
0.16025454545454546
-0.0067800000000000004
0.17299272727272727
0.1573781818181818
0.01849090909090909
0.09861818181818181
0.19662
-0.14525636363636363
0.011916363636363636
0.09923454545454545
-0.055883636363636364
-0.06492363636363636
-0.04068
-0.06143090909090909
-0.08546909090909091
0.16806181818181817
-0.07375818181818182
0.23442363636363636
0.16272
-0.10252181818181817
0.23668363636363635
0.040885454545454544
-0.021778181818181818
0.05773272727272727
-0.011094545454545454
-0.1623090909090909
-0.04109090909090909
-0.012943636363636362
0.003287272727272727
0.09471454545454545
0.036776363636363635
-0.04437818181818182
0.16148727272727273
0.028147272727272726
-0.12491636363636363
0.35502545454545453
-0.05280181818181818
-0.029174545454545453
0.11135636363636363
-0.010889090909090909
0.13169636363636364
-0.053212727272727266
0.05876
0.14505090909090906
0.13231272727272728
-0.1668290909090909
0.13477818181818182
0.2742818181818182
-0.06985454545454545
-0.019107272727272726
0.028147272727272726
0.18881272727272727
-0.019312727272727273
-0.05259636363636363
0.052390909090909085
0.09286545454545453
-0.09800181818181818
-0.06122545454545455
0.1723763636363636
-0.007601818181818181
0.06944363636363636
0.1193690909090909
0.15018727272727272
0.012121818181818182
-0.013560000000000001
-0.0024654545454545454
0.03698181818181818
-0.007396363636363636
-0.08444181818181817
0.09512545454545453
-0.14299636363636362
-0.05937636363636363
0.13847636363636362
0.042529090909090905
-0.015203636363636362
0.13107999999999997
0.11567090909090909
0.06019818181818181
0.113
-0.029174545454545453
0.0990290909090909
0.004314545454545455
-0.05629454545454545
-0.02362727272727273
0.020545454545454544
0.035954545454545454
-0.0678
0.21798727272727272
0.024243636363636363
-0.08094909090909091
0.13991454545454546
-0.06143090909090909
0.06738909090909091
0.09389272727272728
-0.08711272727272727
0.10539818181818181
0.019312727272727273
-0.17176
0.04068
0.034310909090909086
-0.08711272727272727
0.10087818181818181
0.15635090909090907
0.032667272727272725
0.09348181818181817
0.15183090909090907
0.04211818181818182
0.1479272727272727
0.05136363636363636
-0.00945090909090909
0.16559636363636362
-0.09656363636363637
-0.08629090909090908
0.10930181818181818
0.0008218181818181817
-0.06307454545454545
0.11895818181818181
-0.07725090909090909
-0.07293636363636363
0.16847272727272727
-0.1713490909090909
0.17032181818181816
0.0940981818181818
-0.1577890909090909
0.21963090909090907
0.055883636363636364
0.02218909090909091
0.1495709090909091
0.007396363636363636
-0.07129272727272727
0.13642181818181817
-0.030612727272727274
-0.019518181818181816
0.20052363636363635
0.00945090909090909
0.029996363636363634
0.13929818181818182
0.008834545454545454
-0.08772909090909091
0.1464890909090909
-0.045610909090909084
-0.02157272727272727
0.09450909090909092
-0.09594727272727273
0.11649272727272726
-0.03657090909090909
-0.06327999999999999
0.1341618181818182
0.12594363636363634
0.005341818181818182
0.2120290909090909
0.21552181818181818
-0.07478545454545454
0.14340727272727272
-0.00226
-0.033489090909090906
0.0034927272727272728
-0.14012
0.01623090909090909
0.09348181818181817
-0.08998909090909091
0.02362727272727273
0.1306690909090909
-0.0741690909090909
0.09224909090909092
0.04684363636363636
0.0020545454545454547
0.002876363636363636
0.0727309090909091
0.06430727272727273
-0.09060545454545453
0.08444181818181817
0.026298181818181814
0.08649636363636364
0.02568181818181818
-0.012943636363636362
0.11115090909090909
0.0470490909090909
-0.04129636363636364
0.07663454545454546
0.06595090909090909
-0.1125890909090909
0.1103290909090909
-0.029585454545454543
0.04725454545454546
0.059787272727272724
-0.04232363636363636
0.03328363636363636
-0.03205090909090909
0.10272727272727272
0.03225636363636363
0.09635818181818182
-0.006574545454545454
0.10005636363636364
0.0727309090909091
-0.20134545454545455
0.11854727272727272
0.3363290909090909
-0.05773272727272727
-0.22620545454545452
0.14135272727272727
0.04129636363636364
-0.0069854545454545456
-0.033694545454545456
0.07252545454545453
0.21634363636363635
-0.19415454545454544
-0.24777818181818181
0.40618363636363636
0.35256
-0.3642709090909091
0.12758727272727272
0.19641454545454545
-0.07704545454545454
0.11443818181818181
0.09122181818181817
0.2748981818181818
-0.03965272727272728
-0.11361636363636363
0.06574545454545455
0.09163272727272727
-0.03657090909090909
-0.013765454545454546
0.2097690909090909
-0.15409090909090908
-0.05793818181818181
0.32379636363636366
0.015409090909090907
-0.1314909090909091
0.10396
-0.01808
0.09348181818181817
-0.04314545454545454
-0.11649272727272726
0.29277272727272724
-0.11341090909090909
-0.13272363636363635
0.22476727272727273
0.10046727272727272
-0.14340727272727272
0.05773272727272727
0.23380727272727272
-0.08711272727272727
-0.015614545454545454
0.03225636363636363
0.03533818181818182
0.14505090909090906
0.010683636363636364
-0.04602181818181818
0.17874545454545454
0.04725454545454546
-0.0006163636363636364
0.21305636363636363
-0.05711636363636363
-0.022805454545454542
0.09492
-0.02342181818181818
-0.07088181818181817
-0.15306363636363635
0.00452
0.08588
-0.09738545454545454
-0.10601454545454544
0.10149454545454545
0.1454618181818182
-0.0069854545454545456
0.05280181818181818
0.08074363636363636
-0.06266363636363637
0.10848000000000001
0.029585454545454543
-0.10848000000000001
0.17854
0.035954545454545454
-0.045610909090909084
0.08382545454545455
0.06143090909090909
0.1781290909090909
0.1532690909090909
0.06553999999999999
0.07375818181818182
0.031023636363636364
0.05300727272727272
-0.05465090909090909
0.15450181818181818
0.028558181818181816
-0.15676181818181817
0.18347090909090907
-0.17545818181818182
0.20956363636363634
0.017874545454545452
-0.1356
0.11423272727272726
-0.1935381818181818
0.30325090909090907
-0.14258545454545454
-0.014176363636363636
0.03410545454545454
-0.059170909090909087
0.19682545454545455
-0.22189090909090908
0.3494781818181818
0.20853636363636363
-0.08341454545454545
0.25784545454545454
0.04294
0.08218181818181818
0.29236181818181817
-0.062458181818181815
0.013149090909090907
0.05444545454545455
-0.24387454545454545
0.027941818181818182
-0.06738909090909091
-0.06923818181818181
-0.08485272727272727
0.06040363636363636
-0.04396727272727272
-0.06944363636363636
0.2989363636363636
0.03246181818181818
0.13683272727272727
0.10827454545454546
0.015409090909090907
0.015409090909090907
0.019312727272727273
-0.011916363636363636
0.09265999999999999
-0.024654545454545453
-0.16210363636363637
0.18347090909090907
-0.03965272727272728
0.07149818181818181
0.12450545454545454
-0.02403818181818182
0.010683636363636364
0.06143090909090909
-0.11197272727272727
-0.09327636363636364
0.12902545454545453
-0.13950363636363636
0.08834545454545455
0.02218909090909091
-0.11053454545454545
0.20730363636363636
0.2116181818181818
-0.006574545454545454
0.24346363636363635
0.12943636363636363
-0.1370381818181818
0.30057999999999996
0.09697454545454545
-0.03307818181818182
0.06964909090909091
0.08567454545454545
-0.09430363636363637
-0.11197272727272727
-0.007807272727272727
-0.06656727272727272
0.05465090909090909
-0.07848363636363635
0.09245454545454544
0.1682672727272727
-0.0030818181818181817
0.11669818181818181
0.24346363636363635
-0.08834545454545455
-0.0565
0.09389272727272728
-0.14402363636363635
0.03020181818181818
-0.011916363636363636
-0.061841818181818185
0.09533090909090909
-0.02034
0.09779636363636364
0.1935381818181818
0.02116181818181818
0.14854363636363635
0.11628727272727273
0.07396363636363636
-0.11567090909090909
0.02342181818181818
0.2034
-0.2516818181818182
0.11854727272727272
0.07786727272727272
-0.061841818181818185
0.13005272727272726
-0.05177454545454545
0.04540545454545454
-0.0008218181818181817
-0.030818181818181814
-0.03616
0.1721709090909091
-0.0628690909090909
-0.07745636363636363
0.14279090909090908
-0.113
0.025476363636363634
0.017874545454545452
0.01890181818181818
0.02198363636363636
0.1341618181818182
0.04458363636363636
0.02691454545454545
0.14012
0.008012727272727272
0.13025818181818183
0.08403090909090909
-0.07437454545454546
0.07766181818181818
0.07971636363636364
-0.23154727272727274
0.1337509090909091
0.013765454545454546
-0.12080727272727272
0.2342181818181818
0.027120000000000002
0.13395636363636362
0.14977636363636362
0.06677272727272728
0.08341454545454545
0.08444181818181817
-0.08711272727272727
-0.03307818181818182
0.06759454545454545
-0.20319454545454546
-0.024654545454545453
0.038625454545454546
-0.06985454545454545
0.07560727272727272
0.17402
0.0069854545454545456
0.09533090909090909
0.11628727272727273
0.041707272727272725
0.13498363636363636
-0.010478181818181819
0.06944363636363636
0.06040363636363636
-0.008834545454545454
-0.06985454545454545
0.10868545454545453
0.05999272727272727
-0.10457636363636363
0.21552181818181818
-0.019312727272727273
-0.040063636363636364
0.15450181818181818
0.06122545454545455
0.027325454545454545
-0.033694545454545456
0.04828181818181818
0.09307090909090908
-0.028558181818181816
-0.09265999999999999
-0.02342181818181818
-0.002670909090909091
-0.036776363636363635
0.0034927272727272728
0.11669818181818181
0.007190909090909091
0.09142727272727272
0.22045272727272727
0.02116181818181818
-0.01808
-0.030407272727272724
0.04047454545454546
0.018285454545454546
-0.06595090909090909
-0.02342181818181818
0.02691454545454545
0.0565
0.07889454545454545
0.15409090909090908
-0.012121818181818182
0.02362727272727273
0.15676181818181817
0.0016436363636363634
-0.02013454545454545
0.04047454545454546
-0.021367272727272728
0.01705272727272727
0.08814
-0.055883636363636364
0.01890181818181818
0.10724727272727272
0.038625454545454546
0.05773272727272727
0.043350909090909086
-0.014998181818181817
0.14135272727272727
0.13354545454545455
-0.06923818181818181
0.10848000000000001
0.04746
-0.05793818181818181
0.02609272727272727
-0.03739272727272727
-0.08793454545454545
-0.004314545454545455
-0.012532727272727272
-0.012943636363636362
0.1464890909090909
-0.0039036363636363635
0.03985818181818182
0.2518872727272727
0.1076581818181818
0.02670909090909091
0.18347090909090907
-0.05033636363636364
-0.03513272727272727
0.10252181818181817
-0.14176363636363634
0.07334727272727272
-0.013354545454545456
-0.02979090909090909
0.07889454545454545
-0.007807272727272727
-0.02239454545454545
0.11382181818181818
0.1341618181818182
-0.21716545454545452
0.12799818181818182
0.07971636363636364
-0.10642545454545453
0.21593272727272728
0.008218181818181819
-0.00020545454545454542
0.15840545454545454
-0.043350909090909086
0.07006
0.19230545454545456
-0.04910363636363636
0.15594
0.14279090909090908
-0.1216290909090909
0.06636181818181817
0.16292545454545454
-0.09471454545454545
-0.016436363636363638
0.14607818181818183
-0.20792
0.07745636363636363
0.10457636363636363
-0.12368363636363637
0.23278000000000001
-0.003698181818181818
0.025476363636363634
0.2800345454545454
-0.050747272727272724
0.11567090909090909
0.31311272727272726
-0.17114363636363633
-0.031023636363636364
0.08259272727272728
-0.13806545454545455
-0.024654545454545453
-0.10539818181818181
0.001849090909090909
-0.03821454545454545
-0.0727309090909091
0.013765454545454546
0.05773272727272727
0.13313454545454545
-0.08505818181818181
0.10046727272727272
0.19333272727272727
-0.05773272727272727
0.15388545454545455
0.07909999999999999
-0.20319454545454546
0.16395272727272728
0.0020545454545454547
-0.1171090909090909
0.17196545454545456
-0.010478181818181819
0.09923454545454545
-0.015409090909090907
-0.05259636363636363
0.0678
0.05711636363636363
-0.02342181818181818
-0.1103290909090909
0.1682672727272727
-0.01705272727272727
-0.06862181818181817
0.1633363636363636
0.05526727272727273
-0.005547272727272727
0.07067636363636363
0.007807272727272727
0.09348181818181817
0.16641818181818183
-0.05095272727272727
0.10416545454545453
0.06636181818181817
-0.05300727272727272
0.022805454545454542
0.03780363636363636
0.055678181818181814
0.10046727272727272
0.10211090909090909
-0.11382181818181818
0.057527272727272726
0.05259636363636363
-0.03903636363636363
0.15758363636363634
0.09512545454545453
0.041707272727272725
0.09985090909090909
0.043556363636363636
0.007807272727272727
0.15183090909090907
-0.002670909090909091
-0.011094545454545454
0.06923818181818181
-0.041912727272727275
0.14525636363636363
0.14587272727272727
-0.030407272727272724
0.0016436363636363634
0.08916727272727272
-0.07601818181818182
-0.014792727272727272
0.09841272727272728
-0.03739272727272727
-0.012532727272727272
-0.12532727272727273
-0.032667272727272725
0.020956363636363638
-0.023832727272727273
-0.025065454545454544
0.1551181818181818
0.17463636363636362
-0.19682545454545455
0.27284363636363634
0.0764290909090909
-0.0967690909090909
0.2683236363636364
-0.22312363636363636
0.08978363636363636
0.11854727272727272
-0.1678563636363636
0.14237999999999998
0.06451272727272726
-0.09923454545454545
0.05444545454545455
0.11916363636363636
-0.07766181818181818
0.13231272727272728
0.17854
0.007190909090909091
0.05013090909090909
0.1284090909090909
-0.01725818181818182
0.011094545454545454
-0.018696363636363636
-0.10991818181818182
0.14751636363636364
-0.14854363636363635
-0.014381818181818181
0.18018363636363635
-0.10067272727272727
0.045816363636363634
0.19497636363636361
-0.03225636363636363
-0.03883090909090909
0.11669818181818181
-0.011505454545454544
0.10437090909090908
0.041707272727272725
-0.05608909090909091
0.10642545454545453
0.07848363636363635
-0.03739272727272727
0.1836763636363636
0.13128545454545454
-0.027120000000000002
0.19230545454545456
0.0678
-0.04150181818181818
0.06800545454545455
0.12676545454545454
-0.006574545454545454
-0.015203636363636362
-0.02301090909090909
0.0016436363636363634
0.06225272727272727
-0.08094909090909091
-0.005136363636363636
-0.005752727272727272
-0.014792727272727272
-0.003287272727272727
0.07519636363636363
0.00226
-0.1411472727272727
0.08156545454545455
-0.012121818181818182
-0.050747272727272724
0.08875636363636363
-0.031229090909090908
0.16703454545454544
0.11628727272727273
-0.032667272727272725
0.23709454545454545
0.16908909090909088
0.07560727272727272
0.08238727272727273
0.1356
-0.07232
0.005958181818181818
0.06738909090909091
-0.17710181818181817
-0.13436727272727272
0.09163272727272727
-0.020956363636363638
-0.05526727272727273
0.2800345454545454
-0.3040727272727273
0.4472745454545455
0.08197636363636364
-0.15306363636363635
0.5569872727272727
-0.38625454545454546
0.1935381818181818
-0.09944
0.09348181818181817
0.0895781818181818
-0.18675818181818182
0.2720218181818182
-0.19251090909090907
0.2720218181818182
-0.13477818181818182
0.19066181818181818
0.16641818181818183
-0.1766909090909091
0.1758690909090909
-0.07540181818181818
0.015819999999999997
-0.05013090909090909
0.15039272727272726
-0.19723636363636363
0.02403818181818182
-0.031229090909090908
-0.08546909090909091
0.23935454545454546
0.08012727272727273
0.13231272727272728
0.18511454545454545
0.12450545454545454
-0.11546545454545454
0.3221527272727272
-0.10704181818181817
0.019107272727272726
0.027941818181818182
-0.20956363636363634
0.04787090909090909
-0.20278363636363633
0.1325181818181818
-0.10519272727272726
0.11772545454545454
0.02979090909090909
0.0034927272727272728
0.19333272727272727
-0.028558181818181816
0.07909999999999999
-0.025887272727272724
-0.00862909090909091
-0.12368363636363637
0.12306727272727273
-0.12984727272727273
0.06266363636363637
0.14813272727272728
-0.0904
0.15450181818181818
0.004725454545454545
0.07252545454545453
0.16210363636363637
0.1370381818181818
-0.1351890909090909
0.1999072727272727
-0.06636181818181817
0.00862909090909091
0.25764
-0.18059454545454545
0.1479272727272727
0.09101636363636363
0.042734545454545456
-0.11115090909090909
0.15984363636363638
0.13621636363636364
-0.10087818181818181
0.15450181818181818
-0.13334
0.04972
0.16189818181818183
-0.11895818181818181
0.048487272727272726
0.052390909090909085
-0.2843490909090909
0.12121818181818181
0.18490909090909088
-0.06574545454545455
0.23504
0.04294
0.043350909090909086
0.14587272727272727
0.01664181818181818
0.013560000000000001
0.014176363636363636
-0.09800181818181818
0.013149090909090907
0.027736363636363635
-0.07745636363636363
0.13231272727272728
0.15635090909090907
0.11813636363636362
-0.07704545454545454
0.19867454545454544
0.03985818181818182
-0.07704545454545454
0.27592545454545453
-0.2278490909090909
-0.007601818181818181
0.05218545454545454
-0.2296981818181818
0.09019454545454544
-0.06410181818181818
-0.09656363636363637
0.15532363636363636
0.001849090909090909
0.0034927272727272728
0.15922727272727272
0.07314181818181818
0.031229090909090908
0.09820727272727273
0.1224509090909091
-0.023832727272727273
0.09882363636363636
0.03616
0.003698181818181818
0.19107272727272728
-0.19600363636363635
0.043350909090909086
0.1766909090909091
-0.09882363636363636
0.1224509090909091
-0.014998181818181817
-0.041912727272727275
0.13683272727272727
0.035954545454545454
-0.01992909090909091
0.11690363636363636
0.04047454545454546
-0.04910363636363636
0.06677272727272728
-0.020956363636363638
-0.04314545454545454
0.21613818181818178
0.07478545454545454
-0.08259272727272728
0.17196545454545456
-0.019723636363636363
0.03451636363636364
0.14361272727272725
-0.1076581818181818
-0.03800909090909091
-0.001438181818181818
-0.03533818181818182
0.1035490909090909
0.05896545454545454
-0.05691090909090909
0.13354545454545455
0.10375454545454545
0.04725454545454546
0.04150181818181818
0.10087818181818181
0.09594727272727273
0.04622727272727272
0.12224545454545453
-0.13272363636363635
0.052390909090909085
0.06163636363636363
-0.08896181818181817
0.0805381818181818
-0.13580545454545453
-0.06389636363636363
0.11382181818181818
0.07293636363636363
-0.04930909090909091
0.04437818181818182
0.10149454545454545
0.0008218181818181817
0.18922363636363634
-0.016847272727272728
-0.0010272727272727274
0.19641454545454545
-0.09738545454545454
0.00452
0.02486
-0.09060545454545453
0.11834181818181817
0.051569090909090905
0.0764290909090909
0.031845454545454545
0.009245454545454545
0.09265999999999999
0.0786890909090909
0.17545818181818182
-0.12512181818181817
0.029174545454545453
0.11546545454545454
-0.14895454545454545
0.15922727272727272
0.043350909090909086
-0.06821090909090909
0.14381818181818182
-0.06163636363636363
-0.012738181818181817
0.13765454545454545
-0.11135636363636363
0.04684363636363636
0.1653909090909091
-0.06964909090909091
0.019723636363636363
0.18511454545454545
0.09985090909090909
0.015409090909090907
0.053212727272727266
-0.10108363636363636
-0.05526727272727273
0.1284090909090909
-0.09492
0.045610909090909084
0.13457272727272726
-0.06903272727272727
0.26277636363636364
0.11320545454545454
-0.07909999999999999
0.24243636363636362
0.06738909090909091
-0.08382545454545455
0.054240000000000003
-0.01725818181818182
-0.09389272727272728
0.07232
0.013149090909090907
-0.04540545454545454
0.1337509090909091
0.0008218181818181817
0.10930181818181818
0.22312363636363636
-0.06410181818181818
0.014381818181818181
0.09861818181818181
-0.09615272727272728
-0.033694545454545456
0.027120000000000002
-0.13436727272727272
0.005341818181818182
0.06574545454545455
-0.06369090909090909
-0.00452
0.10375454545454545
0.14854363636363635
0.05341818181818182
0.08978363636363636
0.02650363636363636
0.057527272727272726
0.14279090909090908
-0.05896545454545454
0.06122545454545455
0.028558181818181816
-0.048487272727272726
0.0764290909090909
0.05033636363636364
-0.015614545454545454
0.05341818181818182
0.10005636363636364
-0.062458181818181815
0.1419690909090909
0.03143454545454545
-0.06821090909090909
0.16662363636363633
-0.027736363636363635
-0.029996363636363634
0.05280181818181818
-0.02218909090909091
0.07848363636363635
0.08670181818181817
-0.042734545454545456
0.054034545454545446
0.07930545454545455
0.0339
0.05629454545454545
0.06882727272727272
-0.02691454545454545
-0.05218545454545454
0.09389272727272728
-0.04787090909090909
0.054240000000000003
0.00862909090909091
-0.1351890909090909
0.17874545454545454
0.02609272727272727
-0.07622363636363635
0.1645690909090909
0.04725454545454546
-0.00020545454545454542
0.14936545454545455
-0.06841636363636364
-0.024243636363636363
0.17484181818181818
0.00862909090909091
0.07478545454545454
0.09553636363636364
-0.08115454545454545
0.05485636363636363
0.17792363636363634
-0.1284090909090909
0.035749090909090904
0.15409090909090908
-0.12491636363636363
0.10252181818181817
0.11279454545454545
-0.07725090909090909
0.10971272727272725
0.11320545454545454
-0.1076581818181818
0.061841818181818185
-0.01992909090909091
-0.06512909090909091
0.1637472727272727
-0.07047090909090908
-0.05013090909090909
0.16415818181818181
0.01766909090909091
-0.012121818181818182
0.226
0.07190909090909091
0.039241818181818176
0.16148727272727273
-0.06143090909090909
0.05691090909090909
0.08814
-0.11382181818181818
0.08094909090909091
0.16272
-0.06985454545454545
0.15306363636363635
0.12080727272727272
-0.07663454545454546
0.25702363636363634
0.04458363636363636
-0.06985454545454545
0.04622727272727272
-0.09204363636363636
-0.02568181818181818
-0.0786890909090909
-0.0940981818181818
-0.031023636363636364
-0.02198363636363636
-0.040885454545454544
0.02938
0.18490909090909088
0.00020545454545454542
-0.008423636363636364
0.17052727272727272
-0.04910363636363636
0.06225272727272727
0.07622363636363635
-0.10005636363636364
0.10622
0.04294
-0.012327272727272727
0.07683999999999999
0.07334727272727272
0.04417272727272727
0.08896181818181817
0.021778181818181818
-0.016436363636363638
0.12265636363636362
-0.011916363636363636
-0.055061818181818184
0.07006
-0.022805454545454542
-0.03328363636363636
0.11382181818181818
0.034927272727272723
-0.019107272727272726
0.10560363636363636
-0.041707272727272725
-0.01808
0.15922727272727272
-0.028763636363636363
-0.0113
0.09923454545454545
-0.02609272727272727
0.009245454545454545
0.07314181818181818
-0.044994545454545454
0.04787090909090909
0.13888727272727272
-0.03698181818181818
0.15018727272727272
0.21901454545454546
0.0067800000000000004
0.2459290909090909
0.15840545454545454
-0.06101999999999999
0.15984363636363638
0.009245454545454545
-0.14607818181818183
0.06636181818181817
-0.10252181818181817
-0.12388909090909091
0.1247109090909091
-0.04746
0.07540181818181818
0.23380727272727272
0.014998181818181817
0.041707272727272725
0.1865527272727273
0.01992909090909091
-0.009656363636363637
0.1483381818181818
-0.12121818181818181
-0.058349090909090906
0.13272363636363635
-0.16806181818181817
-0.027736363636363635
0.17607454545454546
-0.12286181818181818
0.0940981818181818
0.04889818181818182
-0.11320545454545454
0.21346727272727273
-0.10704181818181817
0.021778181818181818
0.056705454545454545
-0.14895454545454545
0.05608909090909091
0.04889818181818182
-0.010272727272727272
-0.009245454545454545
0.18593636363636362
0.030407272727272724
0.05629454545454545
0.12142363636363637
0.08546909090909091
0.0940981818181818
0.08731818181818181
0.010889090909090909
-0.001438181818181818
0.17484181818181818
-0.23524545454545454
0.04746
-0.008834545454545454
-0.2525036363636364
0.17710181818181817
-0.01890181818181818
0.0063690909090909084
0.15409090909090908
0.15306363636363635
0.010067272727272725
0.22887636363636363
0.08896181818181817
-0.10930181818181818
0.09594727272727273
-0.07190909090909091
0.008218181818181819
0.0008218181818181817
0.027120000000000002
-0.051569090909090905
0.13107999999999997
0.08012727272727273
0.004930909090909091
0.21223454545454545
0.039241818181818176
0.09697454545454545
0.040063636363636364
0.010478181818181819
-0.02157272727272727
0.10498727272727272
-0.051569090909090905
0.0452
0.21696000000000001
-0.15881636363636362
0.08916727272727272
0.09944
-0.06615636363636364
0.02403818181818182
0.07190909090909091
-0.04622727272727272
0.09348181818181817
0.007396363636363636
-0.14772181818181818
0.12286181818181818
-0.04828181818181818
0.018696363636363636
0.05608909090909091
-0.025476363636363634
-0.07786727272727272
0.13231272727272728
0.20134545454545455
-0.05115818181818182
0.1668290909090909
0.01992909090909091
-0.023832727272727273
0.1464890909090909
-0.05198
-0.06738909090909091
0.10868545454545453
-0.13313454545454545
-0.05115818181818182
0.07006
-0.10745272727272726
0.22353454545454546
0.17648545454545456
0.05896545454545454
0.08752363636363636
0.06143090909090909
0.04068
0.06266363636363637
0.04109090909090909
-0.20031818181818178
-0.07848363636363635
0.00904
-0.09533090909090909
0.05033636363636364
0.09759090909090909
-0.02157272727272727
0.20586545454545455
0.08670181818181817
-0.0016436363636363634
0.20360545454545456
0.007601818181818181
0.09697454545454545
0.1469
-0.006574545454545454
-0.002876363636363636
0.07766181818181818
0.034927272727272723
0.02568181818181818
0.026298181818181814
-0.07930545454545455
0.08362
0.056705454545454545
0.021367272727272728
0.11464363636363636
-0.019107272727272726
-0.06471818181818181
0.15635090909090907
0.04663818181818182
-0.13436727272727272
0.14587272727272727
0.03451636363636364
-0.12121818181818181
0.07766181818181818
0.09019454545454544
0.06204727272727273
0.1894290909090909
0.01890181818181818
0.00226
0.11423272727272726
-0.12060181818181817
0.09635818181818182
0.06040363636363636
-0.19086727272727272
-0.016436363636363638
0.03739272727272727
0.012327272727272727
0.04294
0.1171090909090909
0.05280181818181818
0.09697454545454545
0.12306727272727273
0.08526363636363636
0.09985090909090909
-0.045610909090909084
0.025887272727272724
0.08670181818181817
-0.12039636363636362
-0.1483381818181818
0.11505454545454545
0.02116181818181818
-0.03554363636363636
0.09738545454545454
-0.05814363636363636
0.06697818181818181
0.17402
-0.04746
0.03821454545454545
0.19477090909090908
-0.08629090909090908
0.0741690909090909
0.12409454545454546
-0.15491272727272726
0.05526727272727273
0.07909999999999999
-0.07704545454545454
-0.02568181818181818
0.12286181818181818
-0.011916363636363636
0.0918381818181818
0.17792363636363634
-0.001438181818181818
0.06821090909090909
0.0764290909090909
0.050747272727272724
0.060609090909090904
0.01808
-0.13457272727272726
0.10642545454545453
-0.002670909090909091
-0.11649272727272726
0.24284727272727274
-0.08238727272727273
-0.08156545454545455
0.16908909090909088
-0.02075090909090909
-0.03944727272727273
0.09327636363636364
0.02075090909090909
0.01623090909090909
0.12265636363636362
0.009245454545454545
0.09430363636363637
0.07622363636363635
-0.06081454545454545
0.10806909090909089
0.013149090909090907
-0.10930181818181818
0.1610763636363636
0.16518545454545455
-0.052390909090909085
0.11341090909090909
0.11526
-0.06369090909090909
0.11053454545454545
-0.00226
-0.05362363636363636
0.15162545454545454
-0.059787272727272724
-0.014381818181818181
0.1329290909090909
-0.0226
0.11464363636363636
0.19682545454545455
0.011094545454545454
0.11649272727272726
0.12758727272727272
0.009245454545454545
0.1415581818181818
0.00041090909090909085
-0.14505090909090906
-0.015614545454545454
0.01766909090909091
-0.13005272727272726
0.009245454545454545
0.07560727272727272
-0.1076581818181818
0.07129272727272727
0.010272727272727272
-0.008012727272727272
0.12121818181818181
0.010889090909090909
0.05608909090909091
0.1600490909090909
-0.057527272727272726
0.014792727272727272
0.22045272727272727
-0.10498727272727272
0.0008218181818181817
0.1058090909090909
-0.062458181818181815
-0.06636181818181817
0.044994545454545454
0.0741690909090909
-0.06040363636363636
0.034310909090909086
-0.00226
0.06122545454545455
0.0727309090909091
-0.012738181818181817
0.08505818181818181
0.08238727272727273
-0.04396727272727272
-0.013560000000000001
0.12450545454545454
-0.04930909090909091
0.06307454545454545
0.11156181818181818
-0.010889090909090909
0.06204727272727273
-0.0063690909090909084
-0.00862909090909091
0.05033636363636364
-0.0030818181818181817
-0.04889818181818182
0.08629090909090908
-0.02691454545454545
-0.001438181818181818
0.14073636363636363
0.011916363636363636
0.045816363636363634
0.10252181818181817
0.11567090909090909
0.021367272727272728
0.11012363636363637
0.12882
0.012943636363636362
0.08136
0.029996363636363634
0.05711636363636363
0.09265999999999999
-0.009861818181818182
0.06615636363636364
0.1076581818181818
-0.08033272727272728
0.07560727272727272
0.11834181818181817
-0.033694545454545456
0.09985090909090909
0.02486
0.015409090909090907
0.09327636363636364
-0.016025454545454544
0.028558181818181816
0.04314545454545454
-0.08382545454545455
0.0008218181818181817
0.005547272727272727
-0.09779636363636364
0.09019454545454544
0.13642181818181817
-0.04437818181818182
0.00862909090909091
0.17648545454545456
0.030818181818181814
0.02444909090909091
0.14628363636363637
-0.025065454545454544
0.02342181818181818
-0.03246181818181818
-0.047665454545454546
0.15450181818181818
-0.00226
-0.008012727272727272
0.11053454545454545
-0.0041090909090909095
0.05033636363636364
0.1758690909090909
0.040063636363636364
-0.009245454545454545
0.08115454545454545
-0.04622727272727272
-0.06040363636363636
0.009656363636363637
-0.10909636363636364
-0.011916363636363636
-0.04437818181818182
-0.12327272727272726
0.14607818181818183
-0.010478181818181819
-0.05937636363636363
0.1826490909090909
0.07108727272727272
0.013970909090909091
0.0339
0.14751636363636364
0.05608909090909091
-0.001438181818181818
0.14237999999999998
-0.10087818181818181
0.09615272727272728
0.19477090909090908
-0.03965272727272728
0.16929454545454545
-0.001438181818181818
0.039241818181818176
0.18511454545454545
-0.08423636363636364
-0.008423636363636364
0.08814
-0.0008218181818181817
-0.07293636363636363
0.05485636363636363
0.07540181818181818
-0.029174545454545453
0.1499818181818182
-0.010067272727272725
-0.09204363636363636
0.1935381818181818
-0.02013454545454545
0.016025454545454544
0.13498363636363636
-0.13642181818181817
0.038625454545454546
0.06821090909090909
-0.1017
0.051569090909090905
0.14751636363636364
-0.08588
0.07725090909090909
0.23709454545454545
-0.08690727272727272
0.18614181818181816
0.14525636363636363
-0.06307454545454545
0.14053090909090907
0.01766909090909091
-0.14751636363636364
0.06204727272727273
0.02034
-0.2052490909090909
0.14422909090909092
-0.02301090909090909
-0.039241818181818176
0.24181999999999998
-0.034310909090909086
0.05259636363636363
0.19662
-0.04437818181818182
0.009245454545454545
0.14731090909090908
-0.14299636363636362
-0.001438181818181818
0.07560727272727272
-0.10108363636363636
0.008834545454545454
0.10046727272727272
0.027325454545454545
0.04417272727272727
0.14258545454545454
-0.02013454545454545
0.2194254545454545
0.02034
-0.09368727272727272
0.20894727272727273
-0.11402727272727273
-0.054034545454545446
0.08567454545454545
-0.05013090909090909
-0.0008218181818181817
0.11382181818181818
0.010478181818181819
0.08793454545454545
0.0904
0.09985090909090909
0.1744309090909091
0.05608909090909091
0.09964545454545454
0.054034545454545446
0.09841272727272728
-0.17381454545454544
0.05896545454545454
0.019107272727272726
-0.2800345454545454
0.12306727272727273
-0.10622
0.01171090909090909
0.07478545454545454
0.05691090909090909
0.20401636363636363
0.061841818181818185
-0.035749090909090904
0.02527090909090909
0.12882
-0.07663454545454546
-0.01725818181818182
0.006574545454545454
-0.013149090909090907
-0.040885454545454544
0.07786727272727272
0.0069854545454545456
0.027120000000000002
0.16354181818181818
0.016436363636363638
0.19641454545454545
-0.07951090909090908
-0.0452
0.14874909090909091
0.012943636363636362
-0.09985090909090909
0.04211818181818182
0.11320545454545454
-0.06327999999999999
0.16272
-0.02301090909090909
0.015203636363636362
0.11772545454545454
0.02034
0.0447890909090909
0.012943636363636362
-0.006574545454545454
-0.029585454545454543
0.11074
-0.07437454545454546
-0.06595090909090909
0.10683636363636365
-0.030407272727272724
-0.032667272727272725
0.1781290909090909
0.007396363636363636
0.11053454545454545
0.2753090909090909
0.0030818181818181817
0.15717272727272727
0.08896181818181817
0.04211818181818182
0.0678
0.043350909090909086
-0.11895818181818181
-0.09635818181818182
0.11834181818181817
-0.1329290909090909
0.05999272727272727
0.07458
0.06512909090909091
0.2368890909090909
-0.029585454545454543
0.00904
0.18162181818181816
-0.05937636363636363
-0.09142727272727272
0.1125890909090909
-0.13128545454545454
-0.22538363636363634
0.044994545454545454
0.09759090909090909
-0.013765454545454546
0.14135272727272727
0.060609090909090904
0.08156545454545455
0.19908545454545457
-0.1012890909090909
0.1415581818181818
0.10950727272727273
-0.08279818181818181
0.15819999999999998
0.031639999999999995
-0.11546545454545454
0.07375818181818182
0.13683272727272727
-0.0452
0.034927272727272723
0.0010272727272727274
-0.02013454545454545
0.15635090909090907
-0.003287272727272727
-0.04294
0.1103290909090909
-0.06410181818181818
0.025065454545454544
0.11341090909090909
-0.14094181818181817
-0.014381818181818181
0.035749090909090904
0.004725454545454545
-0.02075090909090909
0.08731818181818181
0.10416545454545453
0.04663818181818182
0.19127818181818182
-0.013560000000000001
0.07827818181818182
0.10642545454545453
-0.02239454545454545
0.06471818181818181
-0.10827454545454546
-0.08546909090909091
0.11217818181818182
0.0764290909090909
-0.01664181818181818
0.04109090909090909
0.1216290909090909
0.0967690909090909
0.12368363636363637
0.10067272727272727
0.004725454545454545
0.04663818181818182
0.010272727272727272
-0.04129636363636364
-0.013970909090909091
-0.027941818181818182
0.0008218181818181817
0.07149818181818181
-0.03307818181818182
-0.09368727272727272
0.15306363636363635
0.07745636363636363
-0.015409090909090907
0.14381818181818182
0.0008218181818181817
0.015614545454545454
0.19312727272727273
-0.04458363636363636
0.014998181818181817
0.11320545454545454
-0.16354181818181818
0.05177454545454545
0.04663818181818182
-0.05814363636363636
0.09450909090909092
0.1224509090909091
0.008218181818181819
0.02116181818181818
0.2147
-0.013970909090909091
0.09779636363636364
0.10622
-0.12758727272727272
0.05013090909090909
0.03944727272727273
-0.04663818181818182
0.06738909090909091
-0.012738181818181817
-0.06677272727272728
0.14381818181818182
-0.06759454545454545
0.05259636363636363
0.20216727272727272
-0.09081090909090908
0.01849090909090909
0.1510090909090909
-0.002670909090909091
0.02034
0.1686781818181818
-0.05485636363636363
0.0039036363636363635
0.030612727272727274
-0.01623090909090909
0.11772545454545454
-0.08177090909090909
-0.02218909090909091
0.18675818181818182
0.037598181818181815
-0.018696363636363636
0.21716545454545452
0.06821090909090909
-0.031229090909090908
0.1148490909090909
0.025887272727272724
0.02650363636363636
0.05485636363636363
-0.01623090909090909
0.0
0.04150181818181818
-0.029996363636363634
0.14669454545454544
0.11977999999999998
-0.04622727272727272
0.15840545454545454
0.09142727272727272
-0.09553636363636364
0.038625454545454546
0.05793818181818181
-0.13457272727272726
0.024243636363636363
-0.001849090909090909
-0.10334363636363636
0.0447890909090909
-0.06266363636363637
0.02444909090909091
0.09718
-0.016025454545454544
0.05465090909090909
0.08423636363636364
0.054240000000000003
0.10539818181818181
0.12553272727272727
0.06327999999999999
0.01890181818181818
0.11238363636363637
-0.032667272727272725
-0.029174545454545453
0.16703454545454544
-0.09142727272727272
-0.02362727272727273
0.08197636363636364
0.009656363636363637
0.054034545454545446
0.011916363636363636
0.02568181818181818
0.027120000000000002
0.05177454545454545
0.017463636363636362
0.13683272727272727
0.05115818181818182
-0.05218545454545454
0.1569672727272727
0.036776363636363635
-0.001849090909090909
0.1569672727272727
0.06656727272727272
-0.05526727272727273
0.06225272727272727
-0.014998181818181817
-0.0226
0.08629090909090908
-0.05629454545454545
-0.004314545454545455
0.0470490909090909
-0.06512909090909091
-0.00904
0.19456545454545454
-0.014998181818181817
0.016436363636363638
0.17545818181818182
-0.07375818181818182
0.1577890909090909
0.113
-0.03554363636363636
0.20566
-0.015819999999999997
-0.06101999999999999
0.1510090909090909
0.0030818181818181817
-0.026298181818181814
0.0904
0.001438181818181818
-0.08218181818181818
0.042529090909090905
-0.032667272727272725
-0.08855090909090908
0.15532363636363636
-0.021778181818181818
-0.020956363636363638
0.1608709090909091
-0.06964909090909091
0.0895781818181818
0.08136
-0.05732181818181818
0.12409454545454546
0.02157272727272727
-0.012121818181818182
0.08382545454545455
0.0805381818181818
-0.005547272727272727
0.1257381818181818
0.13539454545454546
-0.09368727272727272
0.10601454545454544
0.0764290909090909
-0.03472181818181818
0.13929818181818182
-0.08238727272727273
0.01705272727272727
0.20812545454545453
-0.09265999999999999
0.09101636363636363
0.14505090909090906
0.0020545454545454547
0.20792
0.12224545454545453
0.004930909090909091
0.05259636363636363
0.015203636363636362
-0.08033272727272728
-0.040885454545454544
-0.02403818181818182
-0.1193690909090909
0.03225636363636363
-0.012738181818181817
-0.1076581818181818
0.14854363636363635
0.0339
-0.004930909090909091
0.2494218181818182
0.034310909090909086
-0.03472181818181818
0.1668290909090909
0.033489090909090906
0.03698181818181818
0.10704181818181817
-0.0940981818181818
0.055678181818181814
0.07971636363636364
-0.09450909090909092
0.07704545454545454
0.07293636363636363
0.014792727272727272
-0.0069854545454545456
-0.0008218181818181817
-0.029174545454545453
-0.003698181818181818
0.12347818181818182
-0.0113
-0.03780363636363636
0.04314545454545454
-0.06122545454545455
0.019107272727272726
0.09923454545454545
-0.10087818181818181
0.07971636363636364
0.055061818181818184
-0.035954545454545454
0.1939490909090909
-0.034927272727272723
-0.019723636363636363
0.12265636363636362
0.05033636363636364
-0.0402690909090909
0.07047090909090908
0.13025818181818183
-0.00041090909090909085
0.2188090909090909
0.05814363636363636
-0.02301090909090909
0.20566
0.002876363636363636
0.002876363636363636
0.14936545454545455
-0.10046727272727272
-0.07047090909090908
0.10868545454545453
-0.04951454545454545
0.012738181818181817
0.11094545454545454
0.061841818181818185
0.08444181818181817
0.23750545454545452
0.02075090909090909
0.05999272727272727
0.20011272727272728
-0.16949999999999998
0.16354181818181818
0.028558181818181816
-0.19189454545454546
0.17771818181818183
-0.029174545454545453
-0.04889818181818182
0.06697818181818181
0.03616
0.08526363636363636
0.04211818181818182
0.005958181818181818
0.08403090909090909
0.06430727272727273
-0.01766909090909091
0.019723636363636363
0.16929454545454545
-0.09985090909090909
-0.0990290909090909
0.22702727272727272
-0.11895818181818181
0.02362727272727273
0.10478181818181817
0.006163636363636363
0.09389272727272728
-0.05218545454545454
0.07026545454545453
0.05259636363636363
0.016847272727272728
-0.011916363636363636
0.029585454545454543
-0.06492363636363636
-0.12820363636363635
0.0452
-0.016436363636363638
-0.02362727272727273
0.08115454545454545
0.10087818181818181
0.08505818181818181
0.20422181818181817
0.04972
0.044994545454545454
0.05937636363636363
-0.07252545454545453
0.05033636363636364
0.01725818181818182
-0.07232
-0.06327999999999999
0.10416545454545453
-0.03698181818181818
0.016025454545454544
0.16580181818181816
0.019107272727272726
0.1329290909090909
0.13929818181818182
0.04602181818181818
0.043556363636363636
0.12820363636363635
0.02979090909090909
0.04150181818181818
0.03328363636363636
-0.005958181818181818
0.17977272727272728
0.03451636363636364
-0.032667272727272725
0.09635818181818182
0.0008218181818181817
-0.035749090909090904
0.14587272727272727
-0.019723636363636363
-0.05876
0.12265636363636362
-0.06451272727272726
-0.014998181818181817
0.0990290909090909
-0.044994545454545454
0.008423636363636364
0.08012727272727273
-0.051569090909090905
0.19908545454545457
0.2229181818181818
-0.10560363636363636
0.13785999999999998
0.1483381818181818
-0.09574181818181818
0.041912727272727275
0.13107999999999997
-0.11320545454545454
-0.06718363636363636
0.04725454545454546
-0.08218181818181818
0.09800181818181818
0.046432727272727264
0.04047454545454546
0.20463272727272727
0.01664181818181818
0.010478181818181819
0.1296418181818182
-0.07601818181818182
-0.04109090909090909
0.06759454545454545
-0.24346363636363635
-0.12080727272727272
0.09533090909090909
-0.06738909090909091
0.07540181818181818
0.20730363636363636
-0.00226
0.07704545454545454
0.18449818181818184
-0.012943636363636362
0.15306363636363635
0.15717272727272727
-0.08608545454545455
0.16498
0.04602181818181818
-0.16251454545454544
0.18326545454545454
0.09327636363636364
-0.05814363636363636
0.12902545454545453
0.0012327272727272727
-0.04314545454545454
0.1419690909090909
0.02568181818181818
-0.007190909090909091
0.10334363636363636
-0.07478545454545454
0.007190909090909091
0.19333272727272727
-0.11505454545454545
-0.04376181818181818
0.19025090909090905
-0.09060545454545453
0.017463636363636362
0.09224909090909092
-0.006163636363636363
0.2023727272727273
0.09224909090909092
0.017463636363636362
0.04109090909090909
0.017463636363636362
0.05773272727272727
0.057527272727272726
-0.03451636363636364
-0.1296418181818182
0.11813636363636362
0.05033636363636364
-0.03513272727272727
0.19333272727272727
0.04047454545454546
0.045816363636363634
0.17833454545454544
0.0008218181818181817
-0.027120000000000002
0.03451636363636364
-0.02034
-0.00904
-0.04150181818181818
-0.10334363636363636
0.01890181818181818
0.15224181818181817
-0.033489090909090906
0.03205090909090909
0.1247109090909091
-0.04746
0.17114363636363633
0.18614181818181816
0.00226
0.03739272727272727
0.11916363636363636
-0.003698181818181818
-0.003287272727272727
0.02301090909090909
-0.11012363636363637
0.08505818181818181
-0.015819999999999997
-0.07108727272727272
0.08793454545454545
0.011094545454545454
0.06903272727272727
0.21120727272727272
0.04602181818181818
-0.07581272727272727
0.19908545454545457
0.1296418181818182
0.012943636363636362
0.08444181818181817
-0.04068
0.0063690909090909084
0.09615272727272728
-0.05773272727272727
0.01664181818181818
0.09327636363636364
-0.1600490909090909
0.05937636363636363
0.1366272727272727
-0.16929454545454545
0.02609272727272727
0.15902181818181815
-0.041912727272727275
0.04746
0.1103290909090909
-0.05136363636363636
0.15429636363636362
0.0895781818181818
-0.09944
0.05547272727272727
-0.03225636363636363
0.0012327272727272727
0.26442
0.008218181818181819
-0.04746
0.2562018181818182
-0.016025454545454544
0.055061818181818184
0.12080727272727272
-0.014381818181818181
0.05855454545454545
-0.027120000000000002
-0.04622727272727272
-0.005547272727272727
0.07314181818181818
-0.03985818181818182
0.16703454545454544
0.14525636363636363
-0.03965272727272728
0.21120727272727272
0.12594363636363634
0.0069854545454545456
0.07889454545454545
-0.029996363636363634
-0.17196545454545456
0.1035490909090909
-0.013354545454545456
-0.08320909090909091
0.05732181818181818
-0.003698181818181818
0.08649636363636364
0.019107272727272726
0.12060181818181817
0.09841272727272728
0.14361272727272725
-0.003287272727272727
0.00862909090909091
0.1356
-0.08136
0.06862181818181817
0.00226
-0.015614545454545454
0.02342181818181818
0.047665454545454546
0.017463636363636362
0.050747272727272724
0.05054181818181818
-0.04746
0.09389272727272728
0.008423636363636364
0.008218181818181819
0.03554363636363636
0.08875636363636363
-0.02938
0.0402690909090909
0.0447890909090909
-0.09964545454545454
0.1247109090909091
-0.02486
0.01705272727272727
0.09718
-0.029585454545454543
0.004930909090909091
0.1341618181818182
-0.045816363636363634
-0.03513272727272727
0.14977636363636362
-0.08793454545454545
0.026298181818181814
0.05177454545454545
0.035954545454545454
0.07622363636363635
0.06307454545454545
0.043350909090909086
0.09471454545454545
0.14176363636363634
-0.062458181818181815
0.14053090909090907
0.0904
-0.11628727272727273
0.12758727272727272
0.09327636363636364
-0.11669818181818181
0.22538363636363634
0.11834181818181817
-0.1631309090909091
0.22271272727272726
-0.023832727272727273
-0.015614545454545454
0.1962090909090909
-0.06841636363636364
0.010889090909090909
0.11669818181818181
-0.004314545454545455
0.006574545454545454
0.1125890909090909
-0.08464727272727272
0.042529090909090905
0.13888727272727272
-0.10416545454545453
0.05033636363636364
0.1808
-0.016847272727272728
0.04807636363636364
0.13128545454545454
-0.05732181818181818
0.16806181818181817
0.13950363636363636
0.0113
0.11094545454545454
-0.09553636363636364
0.0006163636363636364
0.16949999999999998
-0.11916363636363636
-0.10272727272727272
0.1676509090909091
-0.04746
0.041912727272727275
0.16744545454545454
-0.03944727272727273
0.11526
0.1682672727272727
-0.02013454545454545
-0.005136363636363636
-0.013354545454545456
-0.11156181818181818
0.07108727272727272
-0.03143454545454545
-0.25887272727272725
0.057527272727272726
0.06944363636363636
-0.10046727272727272
0.11053454545454545
0.09081090909090908
0.011916363636363636
0.14299636363636362
0.05115818181818182
-0.019107272727272726
0.0402690909090909
0.05115818181818182
0.11690363636363636
0.08916727272727272
-0.04746
-0.0067800000000000004
0.22209636363636362
0.06882727272727272
0.030818181818181814
0.1935381818181818
-0.07807272727272727
0.03451636363636364
0.1076581818181818
-0.11074
0.07971636363636364
-0.019518181818181816
-0.06636181818181817
0.1035490909090909
-0.05732181818181818
0.0069854545454545456
0.1035490909090909
0.05526727272727273
0.050747272727272724
0.0786890909090909
0.058349090909090906
-0.05198
0.17155454545454543
0.08279818181818181
-0.17751272727272727
0.14012
-0.00041090909090909085
-0.09081090909090908
0.2023727272727273
-0.024243636363636363
0.06533454545454545
0.2165490909090909
0.011505454545454544
0.15881636363636362
0.1623090909090909
-0.040063636363636364
0.06451272727272726
0.10642545454545453
-0.13046363636363634
-0.06163636363636363
0.04787090909090909
-0.10991818181818182
-0.025476363636363634
0.06492363636363636
0.029585454545454543
0.10437090909090908
0.12717636363636362
0.04047454545454546
0.16724
-0.00041090909090909085
-0.09224909090909092
0.20956363636363634
-0.07026545454545453
-0.0967690909090909
0.09471454545454545
-0.08546909090909091
-0.06389636363636363
0.13005272727272726
0.034927272727272723
-0.02979090909090909
0.18141636363636363
-0.004314545454545455
0.05444545454545455
0.10704181818181817
-0.08855090909090908
0.15676181818181817
0.021367272727272728
-0.1744309090909091
0.1682672727272727
0.08403090909090909
-0.13005272727272726
0.13724363636363635
0.12080727272727272
0.04972
0.07745636363636363
0.08444181818181817
0.11505454545454545
0.11238363636363637
0.09533090909090909
-0.01890181818181818
0.07047090909090908
-0.06327999999999999
-0.07581272727272727
0.027941818181818182
-0.1826490909090909
-0.0339
0.11772545454545454
-0.03821454545454545
0.05485636363636363
0.21634363636363635
0.07026545454545453
0.14443454545454545
0.13621636363636364
0.011505454545454544
0.05095272727272727
-0.007396363636363636
0.003287272727272727
-0.04150181818181818
-0.03698181818181818
-0.07807272727272727
0.06143090909090909
0.08464727272727272
-0.06985454545454545
0.15388545454545455
0.11464363636363636
0.0069854545454545456
0.09245454545454544
0.0967690909090909
-0.035749090909090904
0.005958181818181818
0.09019454545454544
0.0030818181818181817
0.10519272727272726
-0.03410545454545454
-0.035749090909090904
0.2251781818181818
-0.09430363636363637
-0.12450545454545454
0.18840181818181817
-0.06143090909090909
-0.04930909090909091
0.09635818181818182
-0.0741690909090909
-0.06101999999999999
0.032872727272727276
-0.0741690909090909
-0.020956363636363638
0.14505090909090906
-0.09081090909090908
0.08896181818181817
0.23093090909090908
-0.056705454545454545
0.2527090909090909
0.2808563636363636
-0.09697454545454545
0.16436363636363635
0.1608709090909091
-0.10786363636363637
0.07889454545454545
0.005341818181818182
-0.11341090909090909
-0.02938
-0.020545454545454544
-0.05629454545454545
0.12697090909090908
0.10704181818181817
-0.001849090909090909
0.2116181818181818
-0.041707272727272725
0.014998181818181817
0.21346727272727273
-0.10396
-0.013149090909090907
0.09122181818181817
-0.19230545454545456
-0.04930909090909091
0.1645690909090909
-0.04746
0.07601818181818182
0.14772181818181818
0.015614545454545454
0.1296418181818182
0.13190181818181818
0.037598181818181815
0.1555290909090909
0.06040363636363636
-0.05793818181818181
0.12409454545454546
-0.03965272727272728
-0.028763636363636363
0.16148727272727273
-0.019518181818181816
-0.10971272727272725
0.04828181818181818
0.10293272727272727
0.02034
0.04930909090909091
-0.008834545454545454
0.03533818181818182
0.07252545454545453
-0.07683999999999999
0.05732181818181818
0.012943636363636362
-0.14854363636363635
0.02157272727272727
0.005136363636363636
-0.028558181818181816
0.10806909090909089
0.08485272727272727
0.09697454545454545
0.09738545454545454
0.03883090909090909
0.07170363636363636
0.05136363636363636
-0.015819999999999997
0.02116181818181818
0.05526727272727273
-0.08629090909090908
-0.002876363636363636
0.14340727272727272
0.03307818181818182
0.023216363636363632
0.11135636363636363
0.08505818181818181
0.10642545454545453
0.08423636363636364
-0.06697818181818181
0.04417272727272727
0.04437818181818182
-0.10313818181818181
-0.01664181818181818
0.015614545454545454
-0.049925454545454544
0.07951090909090908
0.05444545454545455
-0.041912727272727275
0.16580181818181816
0.09594727272727273
0.014587272727272727
0.1360109090909091
0.11567090909090909
-0.001849090909090909
0.06821090909090909
0.1058090909090909
-0.02116181818181818
0.05177454545454545
-0.10601454545454544
-0.025887272727272724
0.12676545454545454
-0.09882363636363636
-0.014998181818181817
0.16128181818181817
-0.00945090909090909
0.0447890909090909
0.21963090909090907
-0.11341090909090909
0.0904
0.18860727272727273
-0.049925454545454544
0.045816363636363634
-0.012121818181818182
-0.03472181818181818
0.1012890909090909
0.07971636363636364
-0.19888
0.20607090909090908
0.07088181818181817
-0.17545818181818182
0.20072909090909088
-0.07129272727272727
-0.021778181818181818
0.05280181818181818
0.001438181818181818
0.015203636363636362
0.038625454545454546
0.013560000000000001
-0.004725454545454545
0.16580181818181816
-0.0470490909090909
-0.0016436363636363634
0.21983636363636364
0.015614545454545454
0.11156181818181818
0.24305272727272725
-0.05876
0.10539818181818181
0.06266363636363637
-0.04602181818181818
0.1555290909090909
-0.1284090909090909
-0.002876363636363636
0.1637472727272727
-0.06389636363636363
-0.08074363636363636
0.12943636363636363
0.0727309090909091
-0.027736363636363635
0.17936181818181818
0.06636181818181817
0.03205090909090909
0.17566363636363633
0.02609272727272727
-0.048487272727272726
0.04951454545454545
-0.040063636363636364
-0.027120000000000002
0.02075090909090909
-0.09492
0.01849090909090909
0.03472181818181818
-0.06266363636363637
0.09348181818181817
0.11526
-0.054034545454545446
0.11957454545454545
0.1284090909090909
-0.02444909090909091
0.08012727272727273
-0.00226
0.015203636363636362
0.032667272727272725
-0.03657090909090909
0.059170909090909087
0.07190909090909091
-0.02403818181818182
0.02034
0.1257381818181818
-0.04437818181818182
-0.03554363636363636
0.17402
-0.007190909090909091
-0.05999272727272727
0.1415581818181818
0.0067800000000000004
-0.06471818181818181
0.05608909090909091
0.01766909090909091
0.05444545454545455
0.07314181818181818
-0.05095272727272727
0.11423272727272726
0.13539454545454546
-0.09861818181818181
0.08156545454545455
0.09471454545454545
-0.09307090909090908
0.0012327272727272727
0.08177090909090909
-0.00226
0.0041090909090909095
0.13046363636363634
0.017463636363636362
0.021367272727272728
0.08444181818181817
0.10067272727272727
0.23278000000000001
0.03698181818181818
-0.03020181818181818
0.21798727272727272
-0.014792727272727272
-0.08690727272727272
0.18737454545454543
-0.0565
-0.05115818181818182
0.06348545454545454
-0.03143454545454545
0.017874545454545452
0.08793454545454545
0.06163636363636363
-0.0940981818181818
0.07704545454545454
0.013970909090909091
-0.014176363636363636
0.16025454545454546
-0.034927272727272723
0.052390909090909085
0.04930909090909091
-0.09738545454545454
0.13087454545454547
0.05958181818181818
-0.07725090909090909
0.08403090909090909
0.05526727272727273
0.05033636363636364
0.03410545454545454
0.028969090909090906
0.0940981818181818
0.07601818181818182
0.054034545454545446
0.005752727272727272
0.08464727272727272
-0.041707272727272725
0.020545454545454544
0.10806909090909089
-0.12039636363636362
0.11053454545454545
0.14237999999999998
-0.003287272727272727
0.09882363636363636
0.1035490909090909
0.08485272727272727
0.06821090909090909
-0.054240000000000003
-0.07355272727272727
0.010272727272727272
-0.05013090909090909
-0.031845454545454545
0.00452
-0.012327272727272727
-0.007601818181818181
0.09327636363636364
0.0741690909090909
0.02609272727272727
0.17114363636363633
0.04376181818181818
0.002876363636363636
0.13785999999999998
0.03965272727272728
0.04068
0.02670909090909091
0.03410545454545454
0.11197272727272727
-0.03225636363636363
0.033489090909090906
0.16210363636363637
0.03246181818181818
-0.034927272727272723
-0.010478181818181819
0.02301090909090909
-0.054240000000000003
0.02650363636363636
0.14443454545454545
-0.05608909090909091
0.012943636363636362
0.11813636363636362
-0.024654545454545453
0.06410181818181818
-0.04294
-0.02362727272727273
0.1555290909090909
-0.15984363636363638
-0.0006163636363636364
0.19785272727272726
-0.06738909090909091
0.001849090909090909
0.07170363636363636
-0.03883090909090909
-0.05876
0.14053090909090907
0.02527090909090909
-0.04684363636363636
0.25579090909090907
0.010272727272727272
0.0470490909090909
0.25311999999999996
-0.045816363636363634
0.1532690909090909
0.14361272727272725
-0.10334363636363636
0.06492363636363636
-0.06862181818181817
-0.18244363636363634
0.035749090909090904
0.09389272727272728
-0.018285454545454546
0.06533454545454545
0.13827090909090908
0.08670181818181817
0.15224181818181817
0.11957454545454545
-0.007601818181818181
0.10334363636363636
0.001438181818181818
-0.05793818181818181
0.11813636363636362
-0.1676509090909091
0.045610909090909084
0.17258181818181817
-0.18531999999999998
0.09122181818181817
0.23627272727272725
0.02650363636363636
0.054034545454545446
0.2138781818181818
-0.029174545454545453
0.02670909090909091
0.11012363636363637
-0.16991090909090908
0.10437090909090908
0.0020545454545454547
-0.12080727272727272
0.20689272727272728
-0.011916363636363636
-0.043350909090909086
0.2635981818181818
0.05300727272727272
-0.029585454545454543
0.1374490909090909
0.0565
0.005341818181818182
0.027736363636363635
0.004930909090909091
-0.12717636363636362
-0.07006
-0.12388909090909091
-0.02198363636363636
0.12532727272727273
-0.17114363636363633
0.15984363636363638
0.21100181818181818
-0.12861454545454545
0.18984
0.18121090909090906
-0.09368727272727272
0.08814
-0.004930909090909091
-0.14094181818181817
0.041707272727272725
-0.033489090909090906
-0.021778181818181818
0.00020545454545454542
0.04232363636363636
0.028352727272727273
0.13272363636363635
0.11998545454545453
-0.012327272727272727
0.22538363636363634
-0.03246181818181818
-0.04869272727272727
0.1495709090909091
-0.023832727272727273
0.03205090909090909
0.07560727272727272
0.016025454545454544
0.05937636363636363
0.08485272727272727
-0.005341818181818182
0.08752363636363636
0.07807272727272727
-0.0402690909090909
0.04910363636363636
0.05814363636363636
-0.11423272727272726
0.048487272727272726
0.1325181818181818
-0.18203272727272726
0.05691090909090909
0.08875636363636363
-0.0565
0.18223818181818183
0.11772545454545454
0.041912727272727275
0.16559636363636362
0.10272727272727272
0.035954545454545454
0.17196545454545456
0.03410545454545454
-0.027530909090909092
0.06595090909090909
-0.07601818181818182
-0.13436727272727272
0.06615636363636364
0.06862181818181817
-0.04910363636363636
0.10930181818181818
0.03451636363636364
0.05300727272727272
0.11998545454545453
0.03985818181818182
0.0918381818181818
-0.12758727272727272
-0.1076581818181818
0.09307090909090908
-0.07766181818181818
-0.16251454545454544
0.06163636363636363
0.10971272727272725
-0.005136363636363636
0.16169272727272727
0.12101272727272726
0.00452
0.18614181818181816
0.08136
-0.013149090909090907
0.11813636363636362
-0.05136363636363636
0.052390909090909085
0.11690363636363636
-0.13888727272727272
0.08423636363636364
0.08505818181818181
-0.05937636363636363
0.05095272727272727
0.05855454545454545
-0.016436363636363638
-0.06389636363636363
0.062458181818181815
0.09286545454545453
0.04540545454545454
0.009245454545454545
0.01849090909090909
0.08608545454545455
0.006574545454545454
-0.02157272727272727
0.08896181818181817
-0.037598181818181815
0.023832727272727273
0.15347454545454545
-0.058349090909090906
0.04602181818181818
0.07581272727272727
0.03965272727272728
0.11423272727272726
0.009656363636363637
-0.01992909090909091
0.03472181818181818
0.09307090909090908
-0.0016436363636363634
-0.02075090909090909
0.07458
0.06841636363636364
0.11115090909090909
0.0786890909090909
-0.007396363636363636
0.14176363636363634
0.05876
-0.05444545454545455
0.07396363636363636
-0.08238727272727273
-0.01992909090909091
0.03780363636363636
0.014998181818181817
-0.06040363636363636
-0.030407272727272724
0.14731090909090908
-0.042529090909090905
0.13128545454545454
0.01664181818181818
-0.02301090909090909
0.23298545454545452
0.06122545454545455
0.06656727272727272
0.06163636363636363
0.024654545454545453
0.06923818181818181
0.12368363636363637
-0.06574545454545455
-0.07951090909090908
0.0918381818181818
-0.03718727272727273
-0.02568181818181818
0.02568181818181818
-0.03800909090909091
0.09204363636363636
0.20771454545454546
-0.039241818181818176
0.02979090909090909
0.10950727272727273
0.007807272727272727
0.14402363636363635
0.02362727272727273
-0.02938
0.09512545454545453
0.052390909090909085
-0.07334727272727272
0.10272727272727272
-0.019312727272727273
-0.08012727272727273
0.16600727272727273
-0.13827090909090908
-0.04376181818181818
0.1569672727272727
0.015203636363636362
0.016847272727272728
0.11526
-0.05444545454545455
-0.0226
0.15162545454545454
-0.10642545454545453
0.03698181818181818
0.048487272727272726
-0.05280181818181818
0.09697454545454545
0.12943636363636363
0.11854727272727272
0.113
0.08505818181818181
0.08649636363636364
0.18758
-0.02609272727272727
-0.07067636363636363
0.12779272727272725
-0.04663818181818182
-0.17258181818181817
0.10067272727272727
-0.02013454545454545
-0.05280181818181818
0.19415454545454544
-0.009861818181818182
0.07026545454545453
0.13950363636363636
0.03451636363636364
0.08998909090909091
0.05465090909090909
-0.11443818181818181
-0.009656363636363637
0.030407272727272724
-0.09122181818181817
0.05691090909090909
0.04972
-0.03657090909090909
0.05793818181818181
0.22045272727272727
-0.0010272727272727274
0.10396
0.19045636363636362
-0.009656363636363637
0.08403090909090909
0.004725454545454545
0.031639999999999995
0.02075090909090909
0.05465090909090909
-0.02301090909090909
-0.006163636363636363
0.00945090909090909
0.004314545454545455
0.19066181818181818
-0.017874545454545452
0.0226
0.14566727272727273
-0.0016436363636363634
-0.03698181818181818
0.15840545454545454
-0.011094545454545454
-0.05362363636363636
0.08218181818181818
-0.06821090909090909
0.07478545454545454
-0.025065454545454544
-0.0113
0.09081090909090908
0.012943636363636362
-0.06307454545454545
0.07396363636363636
0.14217454545454544
-0.11649272727272726
0.06081454545454545
0.08588
-0.08608545454545455
0.037598181818181815
0.09265999999999999
-0.02609272727272727
0.10971272727272725
0.023832727272727273
-0.001849090909090909
0.25106545454545454
-0.051569090909090905
0.07334727272727272
0.16888363636363635
-0.09656363636363637
0.06903272727272727
0.15594
-0.07725090909090909
-0.06307454545454545
0.12532727272727273
-0.08916727272727272
0.003287272727272727
0.11402727272727273
-0.048487272727272726
0.042734545454545456
0.08814
-0.07519636363636363
0.045610909090909084
0.14135272727272727
-0.03985818181818182
0.14176363636363634
0.05013090909090909
-0.02362727272727273
0.17381454545454544
0.02075090909090909
-0.041912727272727275
0.12224545454545453
0.011916363636363636
-0.02034
0.19764727272727273
-0.00452
0.06677272727272728
0.18306
-0.007807272727272727
0.09923454545454545
0.11875272727272726
-0.06533454545454545
-0.019723636363636363
0.09265999999999999
-0.08074363636363636
0.08567454545454545
0.08588
-0.08793454545454545
0.18675818181818182
0.09122181818181817
0.023832727272727273
0.19497636363636361
0.07601818181818182
0.02075090909090909
0.010067272727272725
-0.10642545454545453
-0.06615636363636364
0.005341818181818182
-0.08937272727272727
-0.12121818181818181
0.004930909090909091
0.012327272727272727
0.05444545454545455
0.1296418181818182
0.008834545454545454
0.09697454545454545
0.13498363636363636
-0.03657090909090909
0.08115454545454545
0.12532727272727273
-0.02691454545454545
0.031229090909090908
0.06143090909090909
-0.04540545454545454
0.05198
0.060609090909090904
-0.03205090909090909
0.05547272727272727
-0.004725454545454545
-0.04376181818181818
0.03698181818181818
0.03328363636363636
-0.0113
0.006574545454545454
0.07807272727272727
0.04211818181818182
0.05341818181818182
0.07232
-0.014381818181818181
0.0940981818181818
0.045610909090909084
-0.07725090909090909
0.14443454545454545
0.01705272727272727
0.02013454545454545
0.15183090909090907
-0.12327272727272726
-0.02116181818181818
0.09533090909090909
0.0006163636363636364
0.07047090909090908
0.0678
0.033694545454545456
0.16600727272727273
0.22579454545454544
0.06656727272727272
0.062458181818181815
0.14361272727272725
0.04109090909090909
0.0749909090909091
0.02609272727272727
-0.12388909090909091
0.012532727272727272
0.015614545454545454
-0.04746
0.07807272727272727
0.06636181818181817
-0.0628690909090909
0.15922727272727272
0.1224509090909091
-0.08464727272727272
0.11669818181818181
-0.04376181818181818
0.0010272727272727274
0.06122545454545455
-0.14628363636363637
0.11567090909090909
0.06841636363636364
-0.03698181818181818
0.1881963636363636
0.01890181818181818
-0.047665454545454546
0.17628
0.1296418181818182
-0.020545454545454544
0.007807272727272727
0.09985090909090909
-0.06615636363636364
0.0012327272727272727
0.024243636363636363
-0.12019090909090908
0.1573781818181818
-0.02239454545454545
-0.054240000000000003
0.15121454545454543
-0.039241818181818176
0.06574545454545455
0.16292545454545454
0.03800909090909091
0.03739272727272727
0.09985090909090909
0.02075090909090909
0.06800545454545455
0.027120000000000002
-0.09718
-0.001849090909090909
-0.03205090909090909
-0.08772909090909091
0.09574181818181818
0.05033636363636364
0.001438181818181818
0.2748981818181818
0.07786727272727272
0.02444909090909091
0.11998545454545453
-0.054240000000000003
0.03533818181818182
0.05937636363636363
-0.05465090909090909
-0.03225636363636363
0.10478181818181817
-0.005547272727272727
-0.03554363636363636
0.1351890909090909
0.03780363636363636
0.06533454545454545
0.226
-0.008423636363636364
-0.015614545454545454
0.15819999999999998
-0.08320909090909091
0.022805454545454542
0.10930181818181818
-0.041912727272727275
0.05054181818181818
0.05054181818181818
0.01992909090909091
0.0008218181818181817
0.05136363636363636
0.04602181818181818
-0.03225636363636363
0.010478181818181819
-0.01992909090909091
0.003698181818181818
-0.008012727272727272
-0.08382545454545455
0.08937272727272727
0.022805454545454542
-0.1528581818181818
0.1623090909090909
0.10539818181818181
-0.04930909090909091
0.24633999999999998
0.11526
0.050747272727272724
0.1826490909090909
-0.05547272727272727
0.05526727272727273
0.16128181818181817
-0.11074
-0.029174545454545453
0.030818181818181814
-0.11690363636363636
-0.06410181818181818
0.11895818181818181
0.005136363636363636
0.01890181818181818
0.2720218181818182
-0.00226
0.019518181818181816
0.18347090909090907
-0.10067272727272727
0.05958181818181818
0.0067800000000000004
-0.21963090909090907
0.08772909090909091
-0.03944727272727273
-0.08320909090909091
0.18490909090909088
0.03985818181818182
0.10683636363636365
0.16806181818181817
0.05629454545454545
0.14710545454545454
0.13847636363636362
0.02301090909090909
0.09779636363636364
0.12409454545454546
-0.08444181818181817
0.039241818181818176
0.10539818181818181
-0.06595090909090909
0.08362
0.048487272727272726
-0.06430727272727273
0.037598181818181815
0.01623090909090909
0.014792727272727272
0.03636545454545455
-0.06307454545454545
-0.015614545454545454
0.11320545454545454
-0.04109090909090909
-0.062458181818181815
0.11854727272727272
-0.05999272727272727
-0.04602181818181818
0.10868545454545453
0.011094545454545454
0.1555290909090909
0.05711636363636363
-0.032667272727272725
0.21223454545454545
0.031845454545454545
-0.015819999999999997
0.1076581818181818
-0.03780363636363636
-0.08320909090909091
0.00041090909090909085
0.07355272727272727
-0.05218545454545454
0.032872727272727276
0.16580181818181816
0.08526363636363636
0.04396727272727272
0.05814363636363636
0.14587272727272727
0.0452
-0.0678
-0.09389272727272728
0.05033636363636364
-0.03985818181818182
-0.07725090909090909
0.09553636363636364
-0.053212727272727266
0.08731818181818181
0.15203636363636364
0.0069854545454545456
0.019723636363636363
0.09841272727272728
0.1224509090909091
0.09204363636363636
0.05711636363636363
-0.002876363636363636
0.09224909090909092
0.05444545454545455
-0.08218181818181818
0.013970909090909091
0.08156545454545455
-0.1035490909090909
0.06718363636363636
0.1483381818181818
-0.1247109090909091
0.13128545454545454
0.14587272727272727
-0.029585454545454543
0.10293272727272727
0.08156545454545455
-0.014998181818181817
0.09430363636363637
0.05013090909090909
-0.09553636363636364
0.10416545454545453
-0.08197636363636364
0.03800909090909091
0.21059090909090908
-0.14628363636363637
0.0034927272727272728
0.1397090909090909
-0.03800909090909091
-0.02444909090909091
0.10375454545454545
-0.11341090909090909
0.0008218181818181817
0.07006
-0.07519636363636363
0.1292309090909091
0.062458181818181815
-0.009245454545454545
0.038625454545454546
0.0895781818181818
-0.08444181818181817
0.15388545454545455
0.19477090909090908
-0.08998909090909091
0.23052
0.04869272727272727
-0.01705272727272727
0.1623090909090909
0.04068
0.03451636363636364
0.07725090909090909
-0.05732181818181818
-0.052390909090909085
0.056705454545454545
-0.03554363636363636
0.06163636363636363
0.08259272727272728
-0.0024654545454545454
0.02239454545454545
0.24202545454545452
0.00041090909090909085
-0.019723636363636363
0.1781290909090909
-0.1360109090909091
0.032667272727272725
-0.028969090909090906
0.002670909090909091
0.08259272727272728
-0.03554363636363636
0.010889090909090909
0.04807636363636364
0.10663090909090908
-0.024654545454545453
0.12799818181818182
0.09718
-0.040063636363636364
0.05629454545454545
0.09307090909090908
-0.05958181818181818
0.08279818181818181
0.12450545454545454
-0.11361636363636363
0.08546909090909091
0.015203636363636362
0.028558181818181816
0.0069854545454545456
-0.038419999999999996
0.07067636363636363
-0.02342181818181818
-0.008423636363636364
0.05876
0.15347454545454545
-0.07129272727272727
0.013354545454545456
0.18018363636363635
-0.07088181818181817
-0.03698181818181818
0.06327999999999999
0.019723636363636363
-0.005547272727272727
-0.0010272727272727274
-0.01725818181818182
0.10930181818181818
0.005752727272727272
-0.02670909090909091
0.13827090909090908
0.0113
-0.056705454545454545
0.11690363636363636
0.09718
-0.1257381818181818
0.17771818181818183
0.15203636363636364
-0.08382545454545455
0.13539454545454546
0.09265999999999999
0.08238727272727273
0.11834181818181817
-0.0006163636363636364
0.06574545454545455
0.08690727272727272
-0.04889818181818182
0.09820727272727273
0.07807272727272727
-0.11361636363636363
0.0628690909090909
0.12224545454545453
-0.10190545454545454
0.01171090909090909
0.16970545454545455
-0.06369090909090909
0.060609090909090904
0.1076581818181818
-0.03410545454545454
0.14607818181818183
0.04294
-0.02979090909090909
0.11341090909090909
-0.07293636363636363
-0.06225272727272727
0.20668727272727272
-0.0470490909090909
-0.04437818181818182
0.17052727272727272
-0.02527090909090909
0.05095272727272727
0.16888363636363635
0.028763636363636363
0.05136363636363636
0.12224545454545453
-0.06040363636363636
-0.010889090909090909
0.031023636363636364
-0.08752363636363636
0.1103290909090909
0.031229090909090908
-0.09245454545454544
0.14936545454545455
0.10642545454545453
-0.015614545454545454
0.1637472727272727
0.07067636363636363
-0.09204363636363636
0.06471818181818181
-0.0039036363636363635
-0.09163272727272727
-0.014381818181818181
-0.06759454545454545
-0.029174545454545453
0.02362727272727273
-0.05033636363636364
0.07971636363636364
0.18121090909090906
0.03657090909090909
0.06821090909090909
0.16272
0.03903636363636363
0.05300727272727272
0.13313454545454545
0.055678181818181814
0.07314181818181818
-0.007396363636363636
0.04869272727272727
0.06882727272727272
-0.027120000000000002
0.05259636363636363
0.016025454545454544
0.06821090909090909
-0.041707272727272725
0.047665454545454546
0.08546909090909091
-0.05958181818181818
0.13621636363636364
-0.030818181818181814
0.019107272727272726
0.14258545454545454
-0.05629454545454545
0.07334727272727272
0.045816363636363634
-0.025887272727272724
0.14176363636363634
0.05341818181818182
-0.03698181818181818
0.031639999999999995
0.10026181818181817
-0.04211818181818182
-0.0339
0.09163272727272727
-0.1686781818181818
0.09964545454545454
0.1224509090909091
-0.09286545454545453
0.2177818181818182
0.06738909090909091
0.028969090909090906
0.18696363636363633
0.0628690909090909
0.03328363636363636
0.09471454545454545
-0.08136
-0.1088909090909091
0.07252545454545453
-0.11279454545454545
-0.10930181818181818
0.15840545454545454
0.02301090909090909
-0.027736363636363635
0.1631309090909091
0.005136363636363636
0.11628727272727273
0.15491272727272726
-0.08670181818181817
0.04437818181818182
0.015614545454545454
-0.05855454545454545
0.06122545454545455
0.013149090909090907
-0.11115090909090909
0.12717636363636362
0.07334727272727272
-0.014998181818181817
0.23278000000000001
0.07786727272727272
0.08094909090909091
0.16148727272727273
-0.03451636363636364
-0.013765454545454546
0.13724363636363635
-0.06019818181818181
-0.002876363636363636
0.08218181818181818
-0.08115454545454545
0.031639999999999995
0.10087818181818181
0.07889454545454545
0.045610909090909084
0.16210363636363637
0.04232363636363636
0.19230545454545456
0.10498727272727272
-0.10930181818181818
0.17114363636363633
-0.050747272727272724
-0.042734545454545456
-0.03533818181818182
-0.012943636363636362
-0.09450909090909092
-0.0016436363636363634
0.16251454545454544
-0.041912727272727275
0.15819999999999998
0.07622363636363635
0.15224181818181817
0.10806909090909089
-0.08567454545454545
0.018696363636363636
0.040063636363636364
-0.08998909090909091
-0.10108363636363636
0.025065454545454544
-0.14176363636363634
-0.0039036363636363635
0.12799818181818182
0.057527272727272726
0.03698181818181818
0.19251090909090907
0.09574181818181818
0.02362727272727273
0.11772545454545454
-0.053212727272727266
0.04807636363636364
0.00452
-0.00226
-0.051569090909090905
0.014587272727272727
-0.00904
-0.0008218181818181817
0.16066545454545456
-0.12594363636363634
0.060609090909090904
0.07827818181818182
-0.034927272727272723
0.06574545454545455
-0.06225272727272727
-0.014381818181818181
0.10437090909090908
-0.014176363636363636
-0.018696363636363636
0.113
0.02034
0.1257381818181818
0.2177818181818182
0.14874909090909091
0.04047454545454546
0.17936181818181818
0.07375818181818182
-0.05999272727272727
0.23832727272727272
-0.07211454545454546
-0.08115454545454545
0.028969090909090906
-0.15676181818181817
-0.019107272727272726
0.0678
0.008423636363636364
0.08403090909090909
0.13169636363636364
-0.028969090909090906
0.16559636363636362
0.14505090909090906
0.0020545454545454547
0.0805381818181818
-0.02157272727272727
-0.09019454545454544
-0.008218181818181819
-0.010067272727272725
-0.10704181818181817
0.0967690909090909
0.07355272727272727
0.045610909090909084
0.20072909090909088
0.06800545454545455
0.1171090909090909
0.2052490909090909
-0.01725818181818182
0.017874545454545452
0.1360109090909091
-0.12450545454545454
0.05711636363636363
0.05177454545454545
-0.16046
0.1012890909090909
0.0538290909090909
-0.019312727272727273
0.08629090909090908
0.03533818181818182
-0.05341818181818182
0.09800181818181818
-0.007601818181818181
-0.08094909090909091
0.11875272727272726
-0.08238727272727273
-0.048487272727272726
0.09389272727272728
-0.07848363636363635
-0.010272727272727272
0.11793090909090909
-0.012943636363636362
0.0940981818181818
0.12429999999999998
-0.030612727272727274
0.12594363636363634
0.1577890909090909
0.03944727272727273
0.06307454545454545
0.027325454545454545
-0.10498727272727272
0.08485272727272727
0.07088181818181817
-0.12409454545454546
0.11649272727272726
0.08649636363636364
-0.05485636363636363
0.07458
0.08937272727272727
0.037598181818181815
0.06451272727272726
0.002670909090909091
-0.006163636363636363
0.002876363636363636
-0.1171090909090909
0.0470490909090909
0.14916
-0.045610909090909084
-0.027736363636363635
0.17155454545454543
0.07375818181818182
0.00945090909090909
0.17011636363636362
-0.009656363636363637
0.06266363636363637
0.17525272727272728
-0.07971636363636364
0.09574181818181818
0.06471818181818181
-0.08094909090909091
0.12224545454545453
-0.031229090909090908
-0.1631309090909091
0.09861818181818181
0.1623090909090909
-0.08978363636363636
0.09841272727272728
0.14176363636363634
-0.04437818181818182
0.24510727272727273
0.09430363636363637
-0.08300363636363636
0.19929090909090907
0.0030818181818181817
-0.06800545454545455
0.19230545454545456
-0.08218181818181818
-0.05608909090909091
0.08670181818181817
-0.11526
0.028147272727272726
0.06944363636363636
-0.08690727272727272
0.09348181818181817
0.13313454545454545
-0.18531999999999998
0.07355272727272727
0.18901818181818184
-0.09841272727272728
0.17895090909090908
0.17032181818181816
-0.15532363636363636
0.10519272727272726
0.1325181818181818
-0.07560727272727272
0.15676181818181817
0.012738181818181817
-0.01992909090909091
0.14710545454545454
-0.032872727272727276
0.002876363636363636
0.11977999999999998
0.02218909090909091
-0.028147272727272726
0.11546545454545454
-0.04109090909090909
-0.017874545454545452
0.12635454545454544
-0.04930909090909091
0.040063636363636364
0.04930909090909091
-0.09697454545454545
0.10293272727272727
0.1370381818181818
-0.04068
0.16929454545454545
0.019107272727272726
-0.03944727272727273
0.10601454545454544
-0.06081454545454545
0.01992909090909091
-0.024654545454545453
-0.0565
-0.012943636363636362
0.05855454545454545
0.0063690909090909084
0.0339
0.19662
0.02218909090909091
0.017874545454545452
0.1577890909090909
0.0678
0.08978363636363636
0.0727309090909091
-0.10293272727272727
0.1600490909090909
0.036776363636363635
-0.05136363636363636
0.09471454545454545
-0.06718363636363636
0.08218181818181818
0.02218909090909091
0.06122545454545455
0.05732181818181818
0.026298181818181814
0.03410545454545454
-0.006574545454545454
0.18860727272727273
-0.0008218181818181817
0.010889090909090909
0.14607818181818183
-0.010478181818181819
-0.04622727272727272
0.10724727272727272
0.02198363636363636
-0.025887272727272724
0.07971636363636364
-0.02979090909090909
0.03944727272727273
0.059170909090909087
0.032667272727272725
0.028558181818181816
0.08136
-0.04150181818181818
0.043350909090909086
0.1808
-0.11608181818181817
0.08526363636363636
0.17504727272727272
-0.043556363636363636
-0.006574545454545454
0.12799818181818182
0.032872727272727276
-0.013765454545454546
0.08464727272727272
-0.033489090909090906
0.0565
0.023216363636363632
-0.06533454545454545
0.09327636363636364
0.010683636363636364
-0.06923818181818181
0.10293272727272727
-0.007601818181818181
-0.13724363636363635
0.09820727272727273
0.04294
-0.07519636363636363
0.08177090909090909
0.11341090909090909
-0.007601818181818181
0.09615272727272728
0.06615636363636364
0.0034927272727272728
0.1645690909090909
-0.030612727272727274
0.055061818181818184
0.11587636363636362
-0.04540545454545454
0.12758727272727272
0.08937272727272727
-0.0067800000000000004
0.07026545454545453
0.08855090909090908
0.037598181818181815
0.059787272727272724
0.033489090909090906
0.0006163636363636364
0.038625454545454546
-0.0034927272727272728
0.03800909090909091
0.07786727272727272
-0.03143454545454545
0.07663454545454546
0.22826000000000002
0.04109090909090909
0.07293636363636363
0.14094181818181817
-0.020956363636363638
0.019518181818181816
0.015819999999999997
-0.055883636363636364
-0.02609272727272727
-0.012532727272727272
-0.047665454545454546
0.04294
-0.003287272727272727
-0.03328363636363636
0.226
0.07437454545454546
-0.045610909090909084
0.20792
0.08588
-0.03636545454545455
0.13107999999999997
0.02403818181818182
0.031023636363636364
0.07047090909090908
-0.05341818181818182
0.007807272727272727
0.04396727272727272
-0.00904
-0.023216363636363632
0.057527272727272726
-0.10087818181818181
-0.06718363636363636
0.09944
-0.03143454545454545
0.03780363636363636
0.1171090909090909
-0.033694545454545456
-0.009245454545454545
0.11916363636363636
-0.06964909090909091
0.02342181818181818
0.13847636363636362
-0.08629090909090908
0.06800545454545455
0.12984727272727273
-0.055061818181818184
0.0452
0.09964545454545454
-0.11382181818181818
0.042529090909090905
0.1148490909090909
-0.09861818181818181
0.16148727272727273
0.09615272727272728
-0.0764290909090909
0.19025090909090905
0.10683636363636365
0.07026545454545453
0.24736727272727274
0.059170909090909087
-0.009656363636363637
0.1366272727272727
0.014998181818181817
-0.12984727272727273
0.09882363636363636
0.028558181818181816
-0.06718363636363636
0.1610763636363636
-0.09348181818181817
0.10046727272727272
0.1826490909090909
-0.09512545454545453
0.07355272727272727
0.018285454545454546
-0.05526727272727273
0.08752363636363636
0.11546545454545454
-0.10416545454545453
0.08382545454545455
0.08423636363636364
-0.08937272727272727
0.15635090909090907
0.11998545454545453
0.04828181818181818
0.13888727272727272
0.09861818181818181
0.0
0.1257381818181818
-0.07355272727272727
-0.040885454545454544
0.17011636363636362
-0.10704181818181817
-0.038625454545454546
0.09656363636363637
0.016847272727272728
-0.02444909090909091
0.04437818181818182
-0.013765454545454546
0.08218181818181818
0.042734545454545456
-0.06800545454545455
0.13909272727272726
0.033694545454545456
0.0041090909090909095
0.04047454545454546
-0.014792727272727272
-0.11546545454545454
0.017874545454545452
0.0452
-0.09471454545454545
0.11895818181818181
0.05465090909090909
0.07006
0.15306363636363635
0.0006163636363636364
0.09615272727272728
0.15840545454545454
-0.06225272727272727
0.015203636363636362
0.10046727272727272
-0.12101272727272726
-0.05341818181818182
0.10437090909090908
-0.007396363636363636
-0.0030818181818181817
0.16703454545454544
0.02609272727272727
0.07992181818181819
0.15429636363636362
-0.013765454545454546
0.0764290909090909
0.05608909090909091
0.011916363636363636
0.13929818181818182
0.030407272727272724
-0.02342181818181818
0.14094181818181817
0.010272727272727272
-0.02486
0.06348545454545454
-0.005136363636363636
-0.03821454545454545
0.06307454545454545
-0.03616
-0.12697090909090908
0.15943272727272728
-0.07129272727272727
-0.024243636363636363
0.19826363636363634
-0.08608545454545455
0.1419690909090909
0.2177818181818182
-0.01171090909090909
0.1865527272727273
0.21634363636363635
-0.08218181818181818
0.08012727272727273
0.12799818181818182
-0.042529090909090905
0.03780363636363636
-0.05218545454545454
-0.10519272727272726
-0.0470490909090909
-0.04725454545454546
-0.08814
0.11176727272727273
0.024654545454545453
-0.04232363636363636
0.22127454545454545
0.027941818181818182
-0.007396363636363636
0.17032181818181816
0.0
-0.09060545454545453
0.02362727272727273
-0.11464363636363636
0.01705272727272727
0.02362727272727273
-0.07540181818181818
0.2181927272727273
0.1351890909090909
-0.005958181818181818
0.12676545454545454
0.1916890909090909
-0.02301090909090909
0.11402727272727273
0.1193690909090909
-0.11752
0.09718
0.06595090909090909
0.007396363636363636
0.07232
0.0016436363636363634
0.04047454545454546
0.1411472727272727
-0.014176363636363636
0.009245454545454545
0.10211090909090909
-0.04930909090909091
0.034310909090909086
0.0565
-0.04684363636363636
-0.013354545454545456
0.10272727272727272
-0.014381818181818181
-0.03657090909090909
0.0741690909090909
-0.014998181818181817
0.10396
0.1171090909090909
-0.04314545454545454
0.10519272727272726
0.13806545454545455
0.012943636363636362
0.17463636363636362
0.028558181818181816
-0.08218181818181818
0.08074363636363636
-0.02013454545454545
-0.05629454545454545
0.030407272727272724
-0.006574545454545454
-0.012943636363636362
0.17628
0.02670909090909091
0.031229090909090908
0.2165490909090909
-0.013354545454545456
0.015409090909090907
0.03554363636363636
-0.16970545454545455
-0.06410181818181818
0.059170909090909087
-0.03718727272727273
-0.02218909090909091
0.06348545454545454
0.06307454545454545
0.08444181818181817
0.1623090909090909
0.017463636363636362
0.05526727272727273
0.22394545454545453
-0.07334727272727272
0.05444545454545455
0.0904
-0.11628727272727273
0.1791563636363636
0.043556363636363636
-0.1306690909090909
0.03307818181818182
-0.00020545454545454542
-0.025476363636363634
0.1524472727272727
0.0402690909090909
-0.05198
0.20196181818181816
0.09224909090909092
0.045816363636363634
0.16046
0.08033272727272728
-0.0008218181818181817
0.1012890909090909
-0.016436363636363638
-0.1035490909090909
0.1586109090909091
-0.05444545454545455
-0.038625454545454546
0.08115454545454545
-0.19929090909090907
0.010067272727272725
0.14073636363636363
-0.05362363636363636
0.03554363636363636
0.02218909090909091
-0.03944727272727273
0.14176363636363634
0.1017
-0.015409090909090907
0.07725090909090909
-0.0006163636363636364
0.051569090909090905
0.20566
-0.017463636363636362
0.031845454545454545
0.19682545454545455
0.05526727272727273
0.013354545454545456
0.08012727272727273
0.00862909090909091
0.016025454545454544
0.07047090909090908
-0.15367999999999998
-0.0067800000000000004
0.0764290909090909
-0.09718
0.07540181818181818
0.0727309090909091
-0.05280181818181818
0.08814
0.20175636363636362
0.10416545454545453
0.15306363636363635
0.02239454545454545
0.005136363636363636
0.11793090909090909
-0.03944727272727273
-0.031639999999999995
0.01992909090909091
-0.046432727272727264
-0.12553272727272727
0.10046727272727272
-0.007396363636363636
-0.014998181818181817
0.17422545454545454
-0.0034927272727272728
0.09615272727272728
0.05033636363636364
0.030407272727272724
0.10046727272727272
0.1058090909090909
0.027736363636363635
0.054240000000000003
0.10827454545454546
-0.02198363636363636
0.12882
0.08279818181818181
-0.04787090909090909
0.038419999999999996
0.0764290909090909
-0.07560727272727272
0.01766909090909091
0.03821454545454545
-0.1356
0.09964545454545454
0.026298181818181814
-0.04068
0.06553999999999999
-0.023216363636363632
0.04437818181818182
0.12203999999999998
-0.06307454545454545
-0.06307454545454545
0.1374490909090909
-0.045610909090909084
-0.02938
0.10087818181818181
-0.015614545454545454
0.025887272727272724
0.17792363636363634
0.027941818181818182
-0.04294
0.12265636363636362
-0.016436363636363638
0.11464363636363636
0.10396
-0.10252181818181817
0.19600363636363635
0.15470727272727272
-0.07848363636363635
0.15203636363636364
0.03718727272727273
-0.13498363636363636
0.12902545454545453
-0.0041090909090909095
-0.10601454545454544
0.04787090909090909
0.01766909090909091
0.03800909090909091
0.08731818181818181
-0.061841818181818185
0.05095272727272727
0.21059090909090908
-0.07211454545454546
0.02486
0.1980581818181818
-0.03698181818181818
0.07252545454545453
0.2052490909090909
-0.08218181818181818
0.0067800000000000004
0.13169636363636364
-0.012738181818181817
0.08033272727272728
0.011505454545454544
-0.0447890909090909
0.12594363636363634
0.08998909090909091
-0.01766909090909091
0.14587272727272727
0.031229090909090908
-0.02486
0.1610763636363636
-0.029174545454545453
-0.005136363636363636
0.050747272727272724
-0.01705272727272727
0.02568181818181818
0.05999272727272727
-0.03410545454545454
0.11423272727272726
0.2093581818181818
-0.08629090909090908
0.10827454545454546
0.07992181818181819
-0.12142363636363637
0.08855090909090908
-0.02979090909090909
-0.1645690909090909
0.031845454545454545
-0.034927272727272723
-0.13724363636363635
0.08074363636363636
0.09882363636363636
0.019107272727272726
0.15347454545454545
0.10971272727272725
-0.016025454545454544
0.15573454545454543
0.02609272727272727
-0.03143454545454545
0.17628
-0.08937272727272727
-0.031229090909090908
0.12717636363636362
-0.04930909090909091
0.04930909090909091
0.12080727272727272
0.08670181818181817
0.06369090909090909
0.016436363636363638
0.0063690909090909084
0.027325454545454545
0.05485636363636363
-0.007396363636363636
-0.020545454545454544
0.09348181818181817
0.030818181818181814
0.055678181818181814
0.11341090909090909
-0.05485636363636363
0.059170909090909087
0.12080727272727272
-0.05691090909090909
0.045816363636363634
0.07026545454545453
-0.03451636363636364
0.08896181818181817
-0.024243636363636363
-0.04602181818181818
0.11875272727272726
0.013149090909090907
0.05773272727272727
0.13190181818181818
0.0741690909090909
0.03143454545454545
0.1808
0.15614545454545453
0.015409090909090907
0.17196545454545456
-0.02116181818181818
-0.05526727272727273
0.08444181818181817
-0.15963818181818182
-0.07971636363636364
0.01849090909090909
-0.16169272727272727
0.05341818181818182
0.11156181818181818
-0.05054181818181818
0.20833090909090907
0.15840545454545454
-0.02034
0.07889454545454545
0.10519272727272726
-0.07293636363636363
-0.0024654545454545454
0.09389272727272728
-0.17155454545454543
-0.012738181818181817
0.04746
-0.0012327272727272727
0.1483381818181818
0.02403818181818182
0.029585454545454543
0.20771454545454546
0.06862181818181817
0.056705454545454545
0.11012363636363637
-0.06841636363636364
0.06081454545454545
-0.017874545454545452
-0.08218181818181818
0.004725454545454545
0.01705272727272727
0.011094545454545454
0.08177090909090909
0.14587272727272727
-0.034310909090909086
0.1916890909090909
0.11587636363636362
0.015409090909090907
0.13436727272727272
0.0020545454545454547
0.028352727272727273
0.06636181818181817
0.02301090909090909
-0.08444181818181817
0.004314545454545455
-0.02116181818181818
-0.045610909090909084
0.11998545454545453
0.10437090909090908
0.06533454545454545
0.18059454545454545
0.07786727272727272
0.07047090909090908
0.12738181818181818
-0.08464727272727272
0.07519636363636363
-0.04047454545454546
-0.1360109090909091
0.08382545454545455
-0.042734545454545456
-0.058349090909090906
0.15367999999999998
0.06964909090909091
-0.08320909090909091
0.2274381818181818
0.15429636363636362
-0.01849090909090909
0.14772181818181818
0.04150181818181818
-0.09471454545454545
0.028147272727272726
-0.033489090909090906
-0.09430363636363637
0.14936545454545455
-0.10909636363636364
-0.05033636363636364
0.18490909090909088
-0.10026181818181817
-0.05526727272727273
0.18778545454545456
0.00452
-0.12861454545454545
0.14669454545454544
-0.05937636363636363
-0.005341818181818182
0.12491636363636363
-0.009861818181818182
0.11608181818181817
-0.00945090909090909
0.0006163636363636364
0.18778545454545456
0.15799454545454544
0.02527090909090909
0.11526
0.08608545454545455
0.030818181818181814
0.09841272727272728
-0.0016436363636363634
-0.07540181818181818
0.038419999999999996
-0.07786727272727272
-0.22024727272727274
0.12080727272727272
-0.02116181818181818
0.023832727272727273
0.25517454545454543
-0.04232363636363636
0.07560727272727272
0.22374
0.08588
0.03657090909090909
0.059170909090909087
-0.11752
-0.02342181818181818
0.08238727272727273
-0.11957454545454545
0.08998909090909091
0.18244363636363634
0.03328363636363636
0.15943272727272728
0.1836763636363636
-0.013354545454545456
0.17052727272727272
0.1103290909090909
-0.07108727272727272
0.1171090909090909
-0.05629454545454545
-0.03307818181818182
0.17114363636363633
-0.040063636363636364
-0.06759454545454545
0.1292309090909091
-0.00904
0.059170909090909087
0.1103290909090909
-0.10190545454545454
0.07232
0.029585454545454543
-0.11197272727272727
0.08731818181818181
0.07293636363636363
-0.1261490909090909
0.07437454545454546
0.0470490909090909
-0.17751272727272727
0.12902545454545453
0.032872727272727276
-0.03944727272727273
0.15265272727272727
-0.04396727272727272
0.07540181818181818
0.20319454545454546
0.03965272727272728
0.12060181818181817
0.14217454545454544
-0.021778181818181818
-0.04314545454545454
0.09985090909090909
-0.028147272727272726
-0.11423272727272726
0.10211090909090909
-0.03698181818181818
-0.00452
0.13477818181818182
-0.013560000000000001
0.043556363636363636
0.027530909090909092
-0.04663818181818182
0.032667272727272725
-0.03554363636363636
-0.061841818181818185
0.0447890909090909
0.07992181818181819
0.07704545454545454
0.04602181818181818
0.11053454545454545
0.055883636363636364
0.15306363636363635
0.13888727272727272
-0.10560363636363636
0.14710545454545454
0.08567454545454545
-0.06553999999999999
0.07930545454545455
0.013560000000000001
-0.023832727272727273
0.06636181818181817
-0.050747272727272724
-0.04047454545454546
0.15819999999999998
-0.03636545454545455
0.059787272727272724
0.15491272727272726
0.020545454545454544
0.03410545454545454
0.22805454545454545
0.11649272727272726
-0.05526727272727273
0.1682672727272727
-0.11505454545454545
0.04889818181818182
0.07909999999999999
-0.1296418181818182
0.10005636363636364
-0.056705454545454545
-0.06348545454545454
0.02218909090909091
0.030818181818181814
-0.012121818181818182
0.05280181818181818
0.04458363636363636
-0.027941818181818182
0.050747272727272724
0.028969090909090906
0.05814363636363636
0.18285454545454544
-0.007396363636363636
-0.04396727272727272
0.24777818181818181
-0.005958181818181818
0.03616
0.1668290909090909
0.038419999999999996
0.08197636363636364
0.05444545454545455
-0.001849090909090909
0.038419999999999996
0.11176727272727273
-0.02403818181818182
0.053212727272727266
-0.02609272727272727
-0.0678
0.03225636363636363
0.020545454545454544
-0.017463636363636362
0.005547272727272727
0.06574545454545455
-0.04150181818181818
0.15450181818181818
0.04129636363636364
0.10991818181818182
0.14669454545454544
-0.08896181818181817
0.06122545454545455
0.019107272727272726
-0.025887272727272724
-0.04396727272727272
0.001849090909090909
-0.07355272727272727
0.04787090909090909
0.0538290909090909
-0.019723636363636363
0.11998545454545453
0.028763636363636363
0.045610909090909084
0.055678181818181814
0.12697090909090908
0.00041090909090909085
0.07930545454545455
0.03636545454545455
-0.041707272727272725
0.12224545454545453
-0.015203636363636362
0.05198
0.07992181818181819
0.06718363636363636
-0.0020545454545454547
0.0749909090909091
0.0470490909090909
-0.011094545454545454
0.05485636363636363
-0.0039036363636363635
0.06081454545454545
0.025887272727272724
-0.014176363636363636
-0.02034
0.10231636363636364
-0.05218545454545454
0.030407272727272724
0.14464
-0.13334
0.12820363636363635
0.22353454545454546
-0.02979090909090909
0.06143090909090909
0.19600363636363635
-0.02362727272727273
0.11608181818181817
0.07951090909090908
-0.10416545454545453
0.14525636363636363
0.027325454545454545
-0.03944727272727273
0.055678181818181814
0.08259272727272728
-0.020956363636363638
0.15142
0.08279818181818181
-0.1744309090909091
0.13868181818181818
0.06656727272727272
-0.08074363636363636
0.08629090909090908
0.020956363636363638
-0.06759454545454545
0.16498
-0.013354545454545456
0.016025454545454544
0.17402
-0.17525272727272728
0.07190909090909091
0.1125890909090909
-0.11834181818181817
0.010889090909090909
0.06143090909090909
-0.062458181818181815
0.018696363636363636
0.06553999999999999
-0.07437454545454546
0.1464890909090909
0.11320545454545454
-0.041707272727272725
0.08814
0.09553636363636364
-0.009656363636363637
0.11567090909090909
0.05999272727272727
-0.012738181818181817
0.17114363636363633
-0.08259272727272728
0.02670909090909091
0.10724727272727272
-0.09594727272727273
0.07992181818181819
0.05691090909090909
-0.050747272727272724
0.07786727272727272
0.13827090909090908
-0.02075090909090909
0.14772181818181818
0.14566727272727273
-0.04232363636363636
0.08074363636363636
0.03328363636363636
-0.05526727272727273
0.03307818181818182
-0.02218909090909091
-0.13354545454545455
0.10149454545454545
0.002876363636363636
-0.045816363636363634
0.2136727272727273
0.028352727272727273
0.08218181818181818
0.19415454545454544
0.052390909090909085
0.07560727272727272
0.12286181818181818
0.05958181818181818
0.02650363636363636
0.10560363636363636
-0.021367272727272728
-0.01808
0.10519272727272726
-0.047665454545454546
0.054240000000000003
0.09307090909090908
-0.09245454545454544
0.046432727272727264
0.030407272727272724
-0.13313454545454545
0.08670181818181817
0.08608545454545455
-0.11115090909090909
0.12203999999999998
0.11464363636363636
-0.0447890909090909
0.06862181818181817
0.026298181818181814
-0.04232363636363636
0.051569090909090905
0.0010272727272727274
-0.12265636363636362
0.09779636363636364
0.015409090909090907
-0.1356
0.1555290909090909
-0.013765454545454546
-0.05732181818181818
0.20401636363636363
-0.04602181818181818
0.07067636363636363
0.2525036363636364
-0.05218545454545454
0.09492
0.18018363636363635
0.030818181818181814
0.07889454545454545
0.05444545454545455
-0.054034545454545446
-0.013149090909090907
0.00945090909090909
-0.1894290909090909
0.06841636363636364
0.14299636363636362
-0.1608709090909091
0.13128545454545454
0.11423272727272726
-0.05999272727272727
0.23545090909090907
0.05115818181818182
-0.02486
0.1723763636363636
-0.0447890909090909
0.030407272727272724
0.12080727272727272
-0.02527090909090909
0.07006
0.17196545454545456
0.02362727272727273
0.05136363636363636
0.17093818181818182
-0.008218181818181819
0.10005636363636364
0.07909999999999999
-0.10642545454545453
0.05732181818181818
-0.02670909090909091
-0.07129272727272727
0.0805381818181818
-0.0339
0.030407272727272724
0.1360109090909091
0.019723636363636363
0.10704181818181817
0.14731090909090908
0.013765454545454546
0.010272727272727272
0.13457272727272726
-0.0067800000000000004
-0.014176363636363636
0.0990290909090909
-0.13929818181818182
-0.05198
0.02116181818181818
-0.06410181818181818
0.016847272727272728
0.012327272727272727
-0.04828181818181818
0.07396363636363636
0.13231272727272728
0.07909999999999999
0.16559636363636362
0.01849090909090909
0.024243636363636363
0.04746
-0.03698181818181818
-0.05958181818181818
0.031639999999999995
0.032667272727272725
-0.10745272727272726
0.04746
0.028147272727272726
0.10724727272727272
0.12984727272727273
0.09122181818181817
0.033489090909090906
0.02301090909090909
0.07745636363636363
-0.06348545454545454
0.10026181818181817
-0.05300727272727272
-0.04129636363636364
0.12306727272727273
0.002876363636363636
0.034927272727272723
0.08526363636363636
0.0470490909090909
0.008218181818181819
0.14422909090909092
-0.06327999999999999
-0.05444545454545455
0.04869272727272727
-0.05444545454545455
0.049925454545454544
0.0967690909090909
0.043556363636363636
0.06451272727272726
0.16970545454545455
0.052390909090909085
0.15018727272727272
0.1356
0.05711636363636363
0.15409090909090908
-0.0024654545454545454
-0.05526727272727273
0.14402363636363635
0.03554363636363636
-0.10601454545454544
0.05013090909090909
-0.2093581818181818
-0.04725454545454546
0.10519272727272726
-0.13991454545454546
0.06533454545454545
0.15840545454545454
0.004314545454545455
-0.006574545454545454
0.22004181818181817
0.028763636363636363
0.027941818181818182
0.13868181818181818
-0.13436727272727272
-0.013970909090909091
-0.031023636363636364
-0.15265272727272727
0.10005636363636364
0.08382545454545455
-0.09286545454545453
0.22949272727272724
0.15470727272727272
0.0006163636363636364
0.21346727272727273
0.07396363636363636
0.022805454545454542
0.09615272727272728
0.024654545454545453
-0.07088181818181817
0.12512181818181817
0.02218909090909091
-0.03328363636363636
0.13847636363636362
-0.1306690909090909
0.011505454545454544
0.14299636363636362
-0.08834545454545455
-0.013765454545454546
0.057527272727272726
-0.08978363636363636
0.08875636363636363
0.14012
-0.055883636363636364
0.045816363636363634
0.06841636363636364
0.03903636363636363
0.07704545454545454
0.07375818181818182
-0.07149818181818181
0.10663090909090908
0.10909636363636364
-0.0565
0.1865527272727273
0.05095272727272727
-0.001438181818181818
0.11526
-0.023832727272727273
0.0006163636363636364
0.10334363636363636
-0.06533454545454545
0.039241818181818176
0.06327999999999999
-0.08156545454545455
0.14525636363636363
0.08033272727272728
0.09163272727272727
0.05485636363636363
-0.005547272727272727
-0.020545454545454544
-0.0402690909090909
0.0741690909090909
-0.16498
-0.08279818181818181
0.0452
-0.014792727272727272
0.06369090909090909
0.07108727272727272
0.05259636363636363
0.13539454545454546
0.08526363636363636
-0.013354545454545456
0.15573454545454543
-0.01849090909090909
-0.038625454545454546
0.19497636363636361
-0.0226
-0.032872727272727276
0.14258545454545454
-0.018696363636363636
0.019107272727272726
0.07396363636363636
-0.04602181818181818
0.0447890909090909
0.09697454545454545
-0.029996363636363634
0.02362727272727273
0.1935381818181818
-0.04396727272727272
0.13087454545454547
0.22928727272727273
-0.09718
0.17422545454545454
0.09800181818181818
-0.11957454545454545
0.055678181818181814
-0.06533454545454545
-0.1356
0.10498727272727272
-0.03328363636363636
-0.16559636363636362
0.10745272727272726
0.030407272727272724
0.007807272727272727
0.1781290909090909
-0.02239454545454545
0.0034927272727272728
0.23853272727272726
-0.031845454545454545
0.05136363636363636
0.19908545454545457
-0.10416545454545453
0.08505818181818181
0.1676509090909091
-0.04787090909090909
0.02527090909090909
0.14012
0.01725818181818182
0.06101999999999999
0.06040363636363636
-0.04684363636363636
0.10375454545454545
0.005136363636363636
-0.06101999999999999
0.06615636363636364
-0.0402690909090909
-0.12224545454545453
0.09492
-0.018696363636363636
-0.04951454545454545
0.1356
0.012121818181818182
0.2070981818181818
0.12820363636363635
-0.054240000000000003
0.08752363636363636
0.06266363636363637
-0.10416545454545453
-0.07848363636363635
-0.008834545454545454
-0.1306690909090909
0.03451636363636364
0.0063690909090909084
-0.0024654545454545454
0.14258545454545454
0.14258545454545454
0.10560363636363636
0.15121454545454543
0.10519272727272726
-0.06738909090909091
0.22456181818181817
0.04807636363636364
-0.09265999999999999
0.12676545454545454
-0.05033636363636364
0.001849090909090909
0.10313818181818181
0.00041090909090909085
0.013354545454545456
0.1296418181818182
0.003287272727272727
0.01725818181818182
0.04294
-0.0226
0.06677272727272728
0.09245454545454544
0.044994545454545454
0.011505454545454544
0.10457636363636363
-0.06327999999999999
0.04232363636363636
0.08670181818181817
-0.1528581818181818
0.08588
0.09594727272727273
-0.10519272727272726
0.05629454545454545
0.14751636363636364
-0.009861818181818182
0.13909272727272726
0.09759090909090909
-0.03554363636363636
0.0990290909090909
-0.0012327272727272727
0.0041090909090909095
0.1257381818181818
-0.02034
-0.06081454545454545
0.22641090909090908
0.01623090909090909
-0.05958181818181818
0.18778545454545456
-0.0470490909090909
-0.07149818181818181
0.02301090909090909
-0.027120000000000002
-0.04910363636363636
0.027941818181818182
0.007396363636363636
0.01664181818181818
0.07108727272727272
-0.042734545454545456
0.1415581818181818
0.14895454545454545
-0.10457636363636363
0.13457272727272726
0.17484181818181818
-0.12861454545454545
0.15018727272727272
0.10806909090909089
-0.08690727272727272
0.10991818181818182
-0.0113
0.030818181818181814
0.07149818181818181
-0.020545454545454544
0.045610909090909084
0.12121818181818181
-0.008834545454545454
0.05876
0.23483454545454546
-0.03554363636363636
0.04787090909090909
0.18470363636363635
-0.03513272727272727
-0.005341818181818182
0.07108727272727272
-0.011916363636363636
0.038419999999999996
0.0339
-0.010889090909090909
0.11135636363636363
0.11341090909090909
0.033694545454545456
0.09101636363636363
0.05814363636363636
-0.12594363636363634
0.038625454545454546
0.03780363636363636
-0.10622
0.008218181818181819
-0.04869272727272727
0.02527090909090909
0.0967690909090909
0.01808
0.11382181818181818
0.1261490909090909
0.015409090909090907
0.10745272727272726
0.09594727272727273
-0.05876
0.06204727272727273
0.08711272727272727
-0.05855454545454545
-0.038625454545454546
0.01992909090909091
0.039241818181818176
0.08177090909090909
0.03410545454545454
-0.04725454545454546
0.04417272727272727
0.03246181818181818
-0.07088181818181817
0.059787272727272724
0.06595090909090909
-0.09142727272727272
0.15943272727272728
0.09265999999999999
-0.13806545454545455
0.1803890909090909
0.033489090909090906
-0.027941818181818182
0.14505090909090906
-0.060609090909090904
0.019312727272727273
0.13046363636363634
0.019723636363636363
0.012943636363636362
0.06964909090909091
-0.04294
-0.014381818181818181
0.20052363636363635
-0.039241818181818176
-0.021778181818181818
0.2533254545454545
-0.029996363636363634
0.08197636363636364
0.21675454545454545
-0.003698181818181818
0.18306
0.12409454545454546
-0.04376181818181818
0.02301090909090909
-0.006574545454545454
-0.09492
-0.0039036363636363635
0.01725818181818182
-0.1261490909090909
0.17258181818181817
0.02342181818181818
-0.07108727272727272
0.2820890909090909
-0.02239454545454545
0.009245454545454545
0.11176727272727273
-0.07581272727272727
0.006574545454545454
0.031229090909090908
-0.006163636363636363
0.02013454545454545
0.10704181818181817
-0.03328363636363636
0.04129636363636364
0.2564072727272727
-0.04068
0.07766181818181818
0.2023727272727273
-0.17484181818181818
0.09081090909090908
0.05444545454545455
-0.23504
0.08505818181818181
-0.02444909090909091
-0.08526363636363636
0.11813636363636362
0.007601818181818181
0.0020545454545454547
0.13313454545454545
0.09738545454545454
0.006574545454545454
0.08464727272727272
0.05793818181818181
0.08546909090909091
0.15121454545454543
-0.02486
0.013765454545454546
0.04972
-0.07067636363636363
0.00452
0.02116181818181818
-0.05876
0.07375818181818182
0.08546909090909091
0.010889090909090909
0.15306363636363635
0.10416545454545453
0.033694545454545456
0.11772545454545454
0.06019818181818181
-0.04622727272727272
0.11094545454545454
0.07129272727272727
-0.0918381818181818
0.08649636363636364
-0.016847272727272728
0.041912727272727275
0.1962090909090909
0.04869272727272727
0.08875636363636363
0.09533090909090909
0.019312727272727273
0.027736363636363635
0.00452
-0.12368363636363637
-0.012327272727272727
0.05773272727272727
-0.08629090909090908
0.00452
0.11115090909090909
0.056705454545454545
0.034310909090909086
0.13128545454545454
-0.0041090909090909095
-0.035954545454545454
0.0764290909090909
-0.02218909090909091
0.06348545454545454
-0.12388909090909091
-0.08567454545454545
0.24572363636363637
-0.03513272727272727
-0.02568181818181818
0.23853272727272726
0.03903636363636363
0.058349090909090906
0.21120727272727272
0.01171090909090909
-0.03636545454545455
0.05177454545454545
0.03883090909090909
-0.04150181818181818
0.04725454545454546
-0.08115454545454545
-0.13272363636363635
0.11156181818181818
-0.17484181818181818
-0.005341818181818182
0.22497272727272724
-0.06451272727272726
0.13765454545454545
0.1555290909090909
-0.06040363636363636
0.15142
0.12758727272727272
-0.021778181818181818
0.03965272727272728
-0.10026181818181817
-0.13868181818181818
0.05937636363636363
0.042734545454545456
-0.008012727272727272
0.20155090909090906
0.12779272727272725
0.04972
0.2761309090909091
0.045610909090909084
0.016847272727272728
0.20545454545454545
-0.06718363636363636
0.012943636363636362
0.04109090909090909
-0.14299636363636362
0.1464890909090909
0.14874909090909091
-0.06595090909090909
0.07930545454545455
0.10026181818181817
-0.0041090909090909095
0.05465090909090909
-0.008834545454545454
-0.10622
0.06738909090909091
-0.03985818181818182
-0.055678181818181814
0.17484181818181818
-0.004725454545454545
-0.032667272727272725
0.09307090909090908
0.015409090909090907
0.019107272727272726
0.15902181818181815
0.028763636363636363
0.04663818181818182
0.1668290909090909
-0.07581272727272727
0.11238363636363637
0.20792
-0.05218545454545454
0.0008218181818181817
0.0006163636363636364
-0.053212727272727266
0.04047454545454546
0.0063690909090909084
-0.016436363636363638
0.02527090909090909
0.042529090909090905
0.09389272727272728
0.08608545454545455
0.08074363636363636
-0.023832727272727273
0.07909999999999999
-0.010067272727272725
-0.18675818181818182
0.06882727272727272
-0.010478181818181819
-0.04314545454545454
0.13272363636363635
0.044994545454545454
-0.019723636363636363
0.12142363636363637
0.10930181818181818
0.005136363636363636
0.08094909090909091
0.007601818181818181
-0.011505454545454544
0.09553636363636364
-0.02486
0.0538290909090909
0.1723763636363636
-0.07067636363636363
0.054034545454545446
0.1337509090909091
-0.08156545454545455
0.10416545454545453
0.17093818181818182
-0.024654545454545453
0.004930909090909091
0.11423272727272726
-0.003287272727272727
0.11238363636363637
0.1356
-0.09512545454545453
0.038625454545454546
0.032872727272727276
-0.07889454545454545
0.08814
-0.0016436363636363634
-0.13950363636363636
0.24716181818181818
-0.015614545454545454
-0.13806545454545455
0.22826000000000002
0.027530909090909092
0.07786727272727272
-0.008423636363636364
-0.10457636363636363
0.045816363636363634
0.1125890909090909
0.010478181818181819
0.0727309090909091
0.11320545454545454
-0.06471818181818181
0.16025454545454546
0.1524472727272727
-0.0008218181818181817
0.10601454545454544
0.12060181818181817
-0.05937636363636363
0.04725454545454546
0.03533818181818182
-0.035749090909090904
0.1623090909090909
-0.009656363636363637
-0.0113
0.1415581818181818
-0.03451636363636364
-0.014381818181818181
0.24613454545454547
-0.09348181818181817
-0.03903636363636363
0.14135272727272727
-0.09944
0.17771818181818183
0.10046727272727272
0.02157272727272727
0.06718363636363636
0.041912727272727275
-0.01890181818181818
-0.008218181818181819
0.03472181818181818
-0.07601818181818182
0.04540545454545454
-0.0805381818181818
-0.03718727272727273
0.1321072727272727
0.09389272727272728
-0.014587272727272727
0.1224509090909091
0.06841636363636364
-0.0749909090909091
0.14731090909090908
0.04396727272727272
0.06964909090909091
0.036776363636363635
-0.03800909090909091
0.06964909090909091
0.13272363636363635
-0.02486
0.03739272727272727
0.0918381818181818
-0.17484181818181818
0.12142363636363637
0.0470490909090909
-0.11567090909090909
0.06410181818181818
0.08197636363636364
0.0006163636363636364
-0.015203636363636362
0.10313818181818181
-0.02075090909090909
0.053212727272727266
0.05465090909090909
-0.04787090909090909
0.10457636363636363
0.11628727272727273
-0.0764290909090909
0.15121454545454543
0.13642181818181817
-0.12491636363636363
0.26380363636363635
0.04910363636363636
-0.06862181818181817
0.18285454545454544
-0.056705454545454545
-0.008012727272727272
0.11875272727272726
-0.0805381818181818
0.026298181818181814
0.20812545454545453
-0.07026545454545453
0.07170363636363636
0.20730363636363636
-0.049925454545454544
-0.013149090909090907
0.11628727272727273
-0.027941818181818182
0.02609272727272727
0.17648545454545456
-0.09635818181818182
0.09923454545454545
0.1678563636363636
-0.12902545454545453
0.12224545454545453
0.09122181818181817
-0.1356
0.1495709090909091
0.07355272727272727
-0.12491636363636363
0.1758690909090909
0.010889090909090909
-0.07108727272727272
0.15532363636363636
-0.02239454545454545
-0.035749090909090904
0.13128545454545454
0.05896545454545454
-0.0010272727272727274
0.07047090909090908
-0.02218909090909091
0.06923818181818181
0.1370381818181818
-0.04972
0.07909999999999999
0.0990290909090909
-0.051569090909090905
0.02979090909090909
0.02650363636363636
-0.06636181818181817
0.03985818181818182
0.026298181818181814
-0.035749090909090904
0.12676545454545454
0.09081090909090908
0.10190545454545454
0.1216290909090909
-0.05280181818181818
0.0
0.04869272727272727
-0.06985454545454545
-0.07088181818181817
-0.02527090909090909
-0.04437818181818182
0.042734545454545456
0.09533090909090909
0.028352727272727273
0.15532363636363636
0.11690363636363636
0.04930909090909091
0.21696000000000001
0.0020545454545454547
0.014176363636363636
0.14587272727272727
-0.02568181818181818
0.008423636363636364
0.032667272727272725
0.02527090909090909
0.030407272727272724
0.12861454545454545
0.05937636363636363
-0.05958181818181818
0.13395636363636362
-0.03985818181818182
-0.04396727272727272
0.13313454545454545
-0.05999272727272727
0.06964909090909091
0.1296418181818182
0.001849090909090909
0.08711272727272727
0.13272363636363635
0.05444545454545455
0.0470490909090909
0.08300363636363636
-0.03554363636363636
-0.008012727272727272
0.07232
-0.02301090909090909
-0.030612727272727274
0.04068
-0.02670909090909091
-0.00452
0.10950727272727273
-0.03636545454545455
0.12553272727272727
0.15922727272727272
-0.02979090909090909
0.1608709090909091
0.08156545454545455
0.01890181818181818
0.11423272727272726
0.052390909090909085
-0.015203636363636362
0.019107272727272726
-0.11279454545454545
-0.11649272727272726
0.06410181818181818
-0.10848000000000001
-0.055678181818181814
0.07211454545454546
-0.001438181818181818
0.04602181818181818
0.1608709090909091
0.05218545454545454
0.04376181818181818
0.20668727272727272
-0.06821090909090909
-0.031845454545454545
0.11238363636363637
-0.05999272727272727
0.042734545454545456
0.07478545454545454
-0.040063636363636364
0.10211090909090909
0.13909272727272726
0.004314545454545455
0.19559272727272728
0.12635454545454544
0.010889090909090909
0.07848363636363635
-0.021367272727272728
-0.038419999999999996
0.00904
-0.012327272727272727
-0.08896181818181817
0.06738909090909091
0.012327272727272727
0.07314181818181818
0.13498363636363636
0.05013090909090909
0.18059454545454545
0.06040363636363636
0.06307454545454545
0.0741690909090909
0.09923454545454545
-0.04150181818181818
0.027120000000000002
0.1012890909090909
-0.15799454545454544
0.02486
0.027120000000000002
-0.06985454545454545
0.04232363636363636
0.14217454545454544
0.024243636363636363
0.11834181818181817
0.09286545454545453
0.04828181818181818
0.2301090909090909
-0.10293272727272727
-0.05280181818181818
0.10211090909090909
-0.050747272727272724
-0.11382181818181818
0.04540545454545454
0.015409090909090907
-0.06040363636363636
0.1577890909090909
0.05465090909090909
0.06040363636363636
0.1171090909090909
0.07951090909090908
0.06964909090909091
0.10067272727272727
-0.1284090909090909
-0.12101272727272726
0.17032181818181816
-0.14895454545454545
-0.001849090909090909
0.08526363636363636
-0.12984727272727273
0.09101636363636363
0.05547272727272727
0.0012327272727272727
0.14936545454545455
0.010067272727272725
-0.059170909090909087
0.14813272727272728
-0.02979090909090909
-0.003698181818181818
0.17792363636363634
0.026298181818181814
-0.03739272727272727
0.11608181818181817
0.14525636363636363
0.050747272727272724
0.2342181818181818
0.09738545454545454
0.02116181818181818
0.14566727272727273
-0.04068
0.04540545454545454
0.09718
-0.13621636363636364
-0.03965272727272728
-0.019312727272727273
-0.17936181818181818
0.07663454545454546
0.09307090909090908
-0.05136363636363636
0.11567090909090909
0.09450909090909092
0.03328363636363636
0.16949999999999998
0.12512181818181817
0.01808
0.12224545454545453
-0.06697818181818181
-0.14402363636363635
0.01171090909090909
-0.1306690909090909
-0.04294
0.16949999999999998
0.04622727272727272
0.054034545454545446
0.2808563636363636
0.1337509090909091
0.16847272727272727
0.18244363636363634
-0.040885454545454544
0.11998545454545453
0.06040363636363636
-0.12902545454545453
-0.02034
0.06738909090909091
-0.07581272727272727
0.037598181818181815
0.040885454545454544
-0.09944
0.13395636363636362
0.03410545454545454
-0.04889818181818182
0.03328363636363636
-0.06738909090909091
0.053212727272727266
0.12121818181818181
-0.08464727272727272
-0.031229090909090908
0.09861818181818181
-0.007396363636363636
0.06553999999999999
0.09081090909090908
-0.010272727272727272
0.09697454545454545
0.17833454545454544
0.08197636363636364
0.06636181818181817
0.12060181818181817
0.09697454545454545
0.09697454545454545
-0.04622727272727272
-0.07067636363636363
0.05485636363636363
-0.03698181818181818
-0.07930545454545455
0.037598181818181815
-0.005136363636363636
-0.03780363636363636
0.19497636363636361
0.12224545454545453
0.013149090909090907
0.06985454545454545
0.0012327272727272727
0.008834545454545454
-0.028558181818181816
-0.04314545454545454
0.02691454545454545
0.057527272727272726
-0.03800909090909091
0.05814363636363636
0.14073636363636363
-0.01890181818181818
0.11916363636363636
0.13107999999999997
-0.027530909090909092
0.03225636363636363
0.07807272727272727
-0.028147272727272726
0.02650363636363636
0.10642545454545453
-0.040885454545454544
0.07683999999999999
0.0470490909090909
-0.07149818181818181
0.1366272727272727
0.08074363636363636
-0.054240000000000003
0.18490909090909088
0.05855454545454545
-0.02670909090909091
0.27058363636363636
0.01849090909090909
-0.010067272727272725
0.17340363636363634
-0.013354545454545456
-0.05814363636363636
0.08855090909090908
-0.06512909090909091
-0.06944363636363636
0.12183454545454545
-0.14854363636363635
-0.016436363636363638
0.15491272727272726
-0.07663454545454546
0.03225636363636363
0.1894290909090909
-0.013354545454545456
0.08752363636363636
0.20442727272727274
-0.04417272727272727
0.15573454545454543
0.11977999999999998
-0.027941818181818182
0.12306727272727273
0.037598181818181815
-0.04211818181818182
0.09594727272727273
0.02362727272727273
-0.10642545454545453
0.15306363636363635
0.003698181818181818
-0.06595090909090909
0.13354545454545455
-0.034310909090909086
-0.004725454545454545
0.11669818181818181
0.008423636363636364
0.030407272727272724
0.10560363636363636
-0.029174545454545453
0.04869272727272727
0.04746
0.0006163636363636364
0.09738545454545454
0.059170909090909087
0.033489090909090906
0.04602181818181818
0.03883090909090909
-0.07745636363636363
0.010683636363636364
0.002876363636363636
-0.11341090909090909
-0.02691454545454545
-0.0402690909090909
-0.032667272727272725
0.09820727272727273
0.033694545454545456
0.06471818181818181
0.23093090909090908
0.02301090909090909
0.08177090909090909
0.16662363636363633
0.02670909090909091
0.06451272727272726
0.09923454545454545
0.07540181818181818
-0.03143454545454545
0.05341818181818182
-0.003698181818181818
-0.0113
0.12265636363636362
-0.09820727272727273
-0.004725454545454545
0.10930181818181818
-0.12779272727272725
0.04232363636363636
0.19333272727272727
-0.07170363636363636
0.07252545454545453
0.15059818181818183
-0.04417272727272727
0.10375454545454545
0.09224909090909092
0.00904
0.06122545454545455
0.08115454545454545
0.026298181818181814
0.06985454545454545
0.054240000000000003
-0.015819999999999997
0.19518181818181818
0.0470490909090909
-0.10231636363636364
0.1721709090909091
0.044994545454545454
-0.07252545454545453
0.14669454545454544
-0.0024654545454545454
-0.036776363636363635
0.13683272727272727
0.002876363636363636
0.05958181818181818
0.10437090909090908
-0.05136363636363636
0.04109090909090909
0.04807636363636364
-0.12779272727272725
0.03698181818181818
0.17299272727272727
-0.0904
0.0012327272727272727
0.11238363636363637
-0.11526
0.046432727272727264
0.14279090909090908
-0.04068
0.02527090909090909
0.02609272727272727
-0.004314545454545455
0.13929818181818182
0.026298181818181814
-0.0069854545454545456
0.10087818181818181
-0.027530909090909092
0.025476363636363634
0.12655999999999998
-0.002876363636363636
0.035954545454545454
0.10005636363636364
-0.006574545454545454
0.06327999999999999
0.07519636363636363
0.012121818181818182
0.12717636363636362
0.03451636363636364
-0.05300727272727272
0.15347454545454545
0.032872727272727276
-0.07951090909090908
0.13087454545454547
-0.0041090909090909095
-0.027736363636363635
0.1360109090909091
-0.00945090909090909
0.05177454545454545
0.18675818181818182
0.02979090909090909
0.08505818181818181
0.10067272727272727
-0.040063636363636364
0.09081090909090908
0.03944727272727273
-0.12409454545454546
0.035954545454545454
0.020545454545454544
-0.06985454545454545
0.11012363636363637
0.038625454545454546
-0.00452
0.18737454545454543
0.0805381818181818
0.005136363636363636
0.1865527272727273
0.06656727272727272
-0.04910363636363636
0.17628
0.008834545454545454
-0.10827454545454546
0.1017
0.0012327272727272727
-0.008423636363636364
0.1012890909090909
-0.02979090909090909
-0.09265999999999999
0.08485272727272727
-0.04437818181818182
-0.026298181818181814
0.17258181818181817
-0.08690727272727272
0.011094545454545454
0.12717636363636362
-0.05732181818181818
0.043350909090909086
0.11238363636363637
-0.01664181818181818
0.001438181818181818
0.07889454545454545
-0.05773272727272727
0.07827818181818182
0.21572727272727274
-0.09204363636363636
0.012327272727272727
0.09492
-0.06533454545454545
0.1865527272727273
0.053212727272727266
-0.08033272727272728
0.1894290909090909
0.059170909090909087
0.012327272727272727
0.18901818181818184
0.04869272727272727
0.016025454545454544
0.16066545454545456
-0.10313818181818181
-0.05033636363636364
0.17833454545454544
-0.14422909090909092
-0.0067800000000000004
0.14895454545454545
-0.12183454545454545
0.013149090909090907
0.24407999999999996
0.05896545454545454
0.06862181818181817
0.15819999999999998
-0.10067272727272727
0.11526
0.12450545454545454
-0.1483381818181818
0.12697090909090908
0.030612727272727274
-0.1337509090909091
0.15080363636363636
0.06410181818181818
-0.027120000000000002
0.19867454545454544
0.10149454545454545
-0.010272727272727272
0.12060181818181817
-0.00226
-0.020545454545454544
0.113
-0.14012
-0.05547272727272727
0.05547272727272727
-0.12121818181818181
0.15162545454545454
0.1058090909090909
-0.05300727272727272
0.19025090909090905
0.07683999999999999
-0.05793818181818181
0.1325181818181818
0.05814363636363636
-0.08978363636363636
0.05198
0.027941818181818182
-0.10375454545454545
0.05300727272727272
0.009656363636363637
-0.09368727272727272
0.09163272727272727
-0.07478545454545454
0.011505454545454544
0.21860363636363636
-0.029174545454545453
0.10724727272727272
0.19333272727272727
0.03328363636363636
0.08177090909090909
0.14484545454545456
-0.008423636363636364
-0.03698181818181818
0.06615636363636364
-0.0030818181818181817
0.009656363636363637
-0.03328363636363636
0.05793818181818181
0.13128545454545454
0.10046727272727272
0.01890181818181818
0.0918381818181818
0.1555290909090909
-0.10848000000000001
0.10231636363636364
0.08485272727272727
-0.11916363636363636
0.007807272727272727
0.06081454545454545
0.05814363636363636
0.02979090909090909
0.036776363636363635
0.031639999999999995
0.14320181818181818
0.008834545454545454
-0.007601818181818181
0.09430363636363637
-0.08012727272727273
-0.00945090909090909
0.1415581818181818
-0.030612727272727274
-0.05999272727272727
0.24058727272727273
0.05485636363636363
0.01623090909090909
0.14402363636363635
0.08711272727272727
0.13929818181818182
0.019312727272727273
0.011094545454545454
0.0339
0.07047090909090908
-0.09307090909090908
0.0020545454545454547
0.025065454545454544
-0.2562018181818182
0.08875636363636363
0.05711636363636363
-0.1682672727272727
0.11793090909090909
0.08012727272727273
-0.03800909090909091
0.19888
0.07108727272727272
0.020956363636363638
0.13457272727272726
0.01766909090909091
-0.002876363636363636
-0.06821090909090909
-0.10478181818181817
-0.08341454545454545
0.1678563636363636
0.06204727272727273
0.002876363636363636
0.2368890909090909
0.06081454545454545
0.10663090909090908
0.15635090909090907
0.05547272727272727
0.09224909090909092
0.05177454545454545
-0.047665454545454546
0.02650363636363636
-0.026298181818181814
0.00862909090909091
0.1916890909090909
0.02362727272727273
-0.05485636363636363
0.08136
0.03225636363636363
-0.02239454545454545
0.12450545454545454
-0.07006
-0.07375818181818182
0.05958181818181818
-0.04951454545454545
0.15203636363636364
0.06492363636363636
-0.04458363636363636
0.13128545454545454
0.07149818181818181
-0.05793818181818181
0.13436727272727272
0.16806181818181817
-0.016436363636363638
0.11608181818181817
0.11854727272727272
0.010889090909090909
0.06595090909090909
0.10704181818181817
0.034310909090909086
0.04211818181818182
-0.12635454545454544
-0.08690727272727272
0.14587272727272727
-0.1341618181818182
-0.008834545454545454
0.19107272727272728
0.015614545454545454
0.08896181818181817
0.16498
0.02568181818181818
-0.04109090909090909
0.05136363636363636
-0.054240000000000003
-0.10416545454545453
-0.048487272727272726
-0.020956363636363638
0.048487272727272726
0.0805381818181818
0.05033636363636364
0.07909999999999999
0.16046
-0.07704545454545454
0.12532727272727273
0.20853636363636363
-0.17771818181818183
0.06369090909090909
0.1058090909090909
0.0012327272727272727
0.09697454545454545
0.00452
-0.03410545454545454
0.0805381818181818
0.10087818181818181
-0.009245454545454545
0.06718363636363636
0.061841818181818185
0.012327272727272727
0.14813272727272728
0.02198363636363636
-0.03657090909090909
0.2522981818181818
0.010478181818181819
-0.09779636363636364
0.14525636363636363
-0.15388545454545455
0.0039036363636363635
0.1370381818181818
-0.14566727272727273
-0.0008218181818181817
0.03020181818181818
-0.01725818181818182
0.09492
0.11464363636363636
-0.05444545454545455
0.09163272727272727
0.12306727272727273
-0.12224545454545453
0.17073272727272726
0.10416545454545453
-0.04787090909090909
0.19312727272727273
0.04437818181818182
-0.05198
0.13847636363636362
0.038419999999999996
0.07129272727272727
0.21901454545454546
-0.11135636363636363
0.014587272727272727
0.14422909090909092
-0.07149818181818181
0.038625454545454546
0.04047454545454546
-0.05937636363636363
0.035954545454545454
0.10909636363636364
-0.09553636363636364
0.01890181818181818
0.06307454545454545
-0.02075090909090909
0.20483818181818178
0.04889818181818182
-0.034927272727272723
0.2753090909090909
0.14402363636363635
-0.09923454545454545
0.07930545454545455
-0.047665454545454546
-0.041912727272727275
0.04828181818181818
-0.08855090909090908
-0.038625454545454546
-0.020956363636363638
0.08279818181818181
0.09122181818181817
0.13334
0.0538290909090909
0.05280181818181818
0.18141636363636363
-0.005752727272727272
0.03451636363636364
0.08197636363636364
-0.06677272727272728
0.038625454545454546
0.09800181818181818
-0.06389636363636363
0.04129636363636364
0.052390909090909085
0.03472181818181818
0.06122545454545455
-0.07129272727272727
-0.06040363636363636
0.028558181818181816
0.022805454545454542
-0.1148490909090909
0.07026545454545453
0.05896545454545454
-0.04910363636363636
0.13909272727272726
0.02527090909090909
-0.02157272727272727
0.17073272727272726
0.06677272727272728
-0.04417272727272727
0.1631309090909091
-0.0010272727272727274
0.044994545454545454
0.16888363636363635
-0.020545454545454544
0.05444545454545455
0.05711636363636363
0.012943636363636362
0.05177454545454545
0.10108363636363636
-0.09738545454545454
0.01725818181818182
0.10005636363636364
-0.06307454545454545
0.11916363636363636
0.10272727272727272
0.03698181818181818
0.08937272727272727
0.07067636363636363
-0.0452
0.11238363636363637
0.058349090909090906
-0.05095272727272727
0.1483381818181818
0.012738181818181817
-0.034310909090909086
0.15080363636363636
0.07992181818181819
-0.09060545454545453
0.1653909090909091
0.007396363636363636
-0.046432727272727264
0.1935381818181818
-0.07704545454545454
0.0805381818181818
0.08814
-0.07663454545454546
0.015614545454545454
0.13046363636363634
0.0918381818181818
-0.006163636363636363
0.11567090909090909
0.00226
0.035954545454545454
0.15819999999999998
0.05095272727272727
0.02198363636363636
0.03739272727272727
-0.01890181818181818
0.02979090909090909
-0.06718363636363636
-0.037598181818181815
0.10457636363636363
-0.08855090909090908
0.01664181818181818
0.04869272727272727
0.04150181818181818
0.11813636363636362
0.07129272727272727
0.08177090909090909
-0.01992909090909091
0.010272727272727272
0.014176363636363636
-0.025887272727272724
-0.032872727272727276
-0.04725454545454546
0.025476363636363634
-0.0067800000000000004
-0.004314545454545455
0.13765454545454545
0.04972
0.015614545454545454
0.20483818181818178
0.03985818181818182
0.06410181818181818
0.10396
-0.05691090909090909
0.0940981818181818
0.00020545454545454542
-0.05526727272727273
0.029996363636363634
-0.008012727272727272
0.0940981818181818
0.1058090909090909
0.09964545454545454
0.04972
-0.0069854545454545456
0.12902545454545453
-0.050747272727272724
-0.012121818181818182
0.1555290909090909
-0.10930181818181818
0.05280181818181818
0.11608181818181817
-0.02527090909090909
0.1337509090909091
0.044994545454545454
0.027530909090909092
0.12060181818181817
0.06204727272727273
0.005547272727272727
0.06430727272727273
0.1088909090909091
-0.020956363636363638
0.04150181818181818
0.02239454545454545
-0.06944363636363636
0.1321072727272727
0.14607818181818183
-0.0010272727272727274
0.12717636363636362
0.10478181818181817
0.02979090909090909
0.21408363636363634
-0.02301090909090909
-0.028558181818181816
0.19826363636363634
-0.13395636363636362
-0.10046727272727272
0.011916363636363636
-0.15758363636363634
-0.07108727272727272
0.012327272727272727
-0.05280181818181818
0.05547272727272727
0.1370381818181818
0.00862909090909091
0.2075090909090909
0.1637472727272727
-0.05793818181818181
0.18244363636363634
0.07971636363636364
-0.14505090909090906
0.09759090909090909
0.003698181818181818
-0.1766909090909091
0.11813636363636362
-0.02013454545454545
-0.13005272727272726
0.15265272727272727
0.08588
0.04663818181818182
0.17730727272727273
0.0016436363636363634
-0.044994545454545454
0.14587272727272727
-0.12512181818181817
-0.00862909090909091
0.13683272727272727
-0.13785999999999998
0.08937272727272727
0.11012363636363637
0.030818181818181814
0.15532363636363636
0.10642545454545453
0.03636545454545455
0.14053090909090907
0.10211090909090909
-0.028352727272727273
0.09635818181818182
0.024243636363636363
-0.03513272727272727
0.030818181818181814
-0.05547272727272727
-0.09142727272727272
0.07807272727272727
-0.001849090909090909
0.022805454545454542
0.18758
-0.031229090909090908
0.19785272727272726
0.20689272727272728
0.00226
0.13991454545454546
0.11443818181818181
-0.0069854545454545456
-0.03718727272727273
0.06944363636363636
-0.07766181818181818
-0.013970909090909091
0.014176363636363636
-0.054034545454545446
0.08567454545454545
0.09594727272727273
0.08505818181818181
0.0918381818181818
0.12738181818181818
-0.03451636363636364
0.03246181818181818
0.009656363636363637
-0.1125890909090909
0.03533818181818182
-0.02301090909090909
-0.034310909090909086
0.04314545454545454
0.02116181818181818
-0.014998181818181817
0.15532363636363636
0.04540545454545454
-0.06410181818181818
0.13313454545454545
-0.025887272727272724
-0.06143090909090909
0.0940981818181818
-0.0030818181818181817
-0.03965272727272728
0.10067272727272727
0.0749909090909091
0.06964909090909091
0.10560363636363636
0.059170909090909087
0.12306727272727273
0.10663090909090908
-0.028969090909090906
0.061841818181818185
0.11341090909090909
-0.1125890909090909
0.07026545454545453
0.08978363636363636
-0.16477454545454545
0.01992909090909091
0.02034
-0.06266363636363637
0.043556363636363636
0.03698181818181818
0.05033636363636364
0.12676545454545454
0.04068
0.09122181818181817
0.13128545454545454
-0.0020545454545454547
0.0918381818181818
0.10437090909090908
-0.06841636363636364
-0.06903272727272727
0.01890181818181818
-0.041707272727272725
0.12758727272727272
0.12820363636363635
0.01992909090909091
0.22004181818181817
0.12758727272727272
0.10293272727272727
0.14340727272727272
0.09964545454545454
0.02486
0.00945090909090909
-0.011916363636363636
-0.11012363636363637
0.07088181818181817
0.0008218181818181817
-0.038419999999999996
0.08300363636363636
-0.02979090909090909
-0.04396727272727272
0.09081090909090908
0.03718727272727273
-0.02157272727272727
0.011505454545454544
-0.0339
0.10909636363636364
0.03718727272727273
0.03780363636363636
0.0452
0.0012327272727272727
0.0940981818181818
0.019107272727272726
0.06944363636363636
0.020545454545454544
0.12080727272727272
0.08649636363636364
0.033694545454545456
0.10745272727272726
-0.02301090909090909
0.09307090909090908
0.09635818181818182
-0.029174545454545453
-0.03616
0.03020181818181818
-0.03143454545454545
-0.01849090909090909
0.061841818181818185
-0.012327272727272727
0.04869272727272727
0.10745272727272726
0.04232363636363636
0.02568181818181818
0.052390909090909085
-0.054240000000000003
0.043350909090909086
-0.005341818181818182
-0.1676509090909091
0.06718363636363636
0.13909272727272726
0.014587272727272727
0.07211454545454546
0.11752
0.011094545454545454
0.11135636363636363
0.12758727272727272
0.03657090909090909
0.05033636363636364
0.028763636363636363
0.07458
0.05732181818181818
0.02938
0.010889090909090909
0.07006
0.03903636363636363
-0.06327999999999999
0.13436727272727272
-0.028147272727272726
-0.042529090909090905
0.23339636363636362
-0.06410181818181818
0.028558181818181816
0.15614545454545453
0.014792727272727272
0.09985090909090909
0.008218181818181819
-0.051569090909090905
0.005752727272727272
-0.014381818181818181
-0.06738909090909091
0.01664181818181818
-0.04684363636363636
-0.10868545454545453
0.1637472727272727
0.19045636363636362
-0.10519272727272726
0.15902181818181815
0.17628
-0.12142363636363637
0.18552545454545455
0.014381818181818181
0.0452
0.23853272727272726
-0.035749090909090904
-0.02486
0.12553272727272727
0.04437818181818182
0.03472181818181818
0.24017636363636363
-0.1411472727272727
-0.0039036363636363635
0.2494218181818182
-0.11731454545454545
0.04787090909090909
0.05773272727272727
-0.054240000000000003
0.07909999999999999
0.029174545454545453
-0.029996363636363634
0.12655999999999998
0.02527090909090909
-0.027530909090909092
0.12409454545454546
0.0016436363636363634
-0.03718727272727273
0.13107999999999997
0.1148490909090909
-0.01808
0.10252181818181817
-0.07293636363636363
-0.029585454545454543
0.10806909090909089
-0.1980581818181818
-0.05115818181818182
0.050747272727272724
-0.10252181818181817
0.04869272727272727
0.18141636363636363
-0.05999272727272727
0.13765454545454545
0.2584618181818182
-0.012738181818181817
0.13354545454545455
0.07519636363636363
-0.005341818181818182
0.02116181818181818
0.02157272727272727
-0.05876
-0.025887272727272724
0.04746
-0.06081454545454545
0.08423636363636364
0.013560000000000001
-0.08012727272727273
0.1058090909090909
0.032667272727272725
-0.12388909090909091
0.14073636363636363
0.043350909090909086
-0.06821090909090909
0.20956363636363634
-0.009656363636363637
0.02670909090909091
0.10005636363636364
0.00904
0.08814
0.10231636363636364
0.023832727272727273
0.05732181818181818
0.17545818181818182
-0.03513272727272727
0.053212727272727266
0.1415581818181818
-0.035954545454545454
0.08834545454545455
0.15676181818181817
-0.10231636363636364
0.05198
0.15059818181818183
-0.10991818181818182
0.12553272727272727
0.09204363636363636
0.002670909090909091
0.18470363636363635
0.05547272727272727
-0.05608909090909091
0.10971272727272725
-0.0010272727272727274
-0.11567090909090909
0.1645690909090909
-0.028969090909090906
-0.043350909090909086
0.10211090909090909
-0.06081454545454545
0.08320909090909091
0.08136
-0.042529090909090905
0.025887272727272724
0.12655999999999998
0.00452
-0.006163636363636363
0.0339
-0.045610909090909084
0.08279818181818181
0.024654545454545453
-0.04294
0.10087818181818181
0.07149818181818181
-0.031229090909090908
0.17196545454545456
0.09615272727272728
-0.05485636363636363
0.0967690909090909
-0.001438181818181818
0.019518181818181816
0.019107272727272726
-0.033489090909090906
0.031229090909090908
-0.008834545454545454
-0.051569090909090905
0.03307818181818182
0.05300727272727272
-0.09430363636363637
0.1524472727272727
0.16354181818181818
-0.0749909090909091
0.13313454545454545
0.12820363636363635
-0.002670909090909091
0.04787090909090909
0.014381818181818181
-0.019518181818181816
0.07108727272727272
0.003287272727272727
-0.03657090909090909
0.10519272727272726
0.01992909090909091
0.02301090909090909
0.15676181818181817
-0.005136363636363636
0.052390909090909085
0.1962090909090909
0.0006163636363636364
0.025887272727272724
0.0918381818181818
0.010478181818181819
0.01890181818181818
0.01992909090909091
-0.02116181818181818
0.038625454545454546
0.11875272727272726
0.01849090909090909
0.1374490909090909
0.05526727272727273
-0.14258545454545454
0.09265999999999999
0.02116181818181818
-0.03821454545454545
0.04109090909090909
0.005341818181818182
-0.008012727272727272
0.05095272727272727
0.09944
-0.05793818181818181
0.05814363636363636
0.0940981818181818
-0.03657090909090909
0.06677272727272728
0.02527090909090909
-0.038625454545454546
0.11217818181818182
0.03225636363636363
-0.061841818181818185
0.09060545454545453
-0.012943636363636362
0.07540181818181818
0.17895090909090908
-0.0024654545454545454
0.05547272727272727
0.14299636363636362
0.051569090909090905
-0.015409090909090907
0.09985090909090909
0.04972
0.03985818181818182
0.012738181818181817
-0.1721709090909091
0.017874545454545452
0.0020545454545454547
-0.1261490909090909
0.07704545454545454
0.07683999999999999
0.010889090909090909
0.13929818181818182
0.13190181818181818
0.12553272727272727
0.20853636363636363
0.00862909090909091
-0.04068
0.1370381818181818
-0.01992909090909091
-0.08526363636363636
0.14525636363636363
-0.0012327272727272727
-0.061841818181818185
0.20093454545454545
0.04068
0.021367272727272728
0.2368890909090909
0.05526727272727273
-0.028558181818181816
0.042734545454545456
-0.09800181818181818
-0.05341818181818182
0.005752727272727272
-0.12019090909090908
-0.012943636363636362
0.09348181818181817
0.02301090909090909
0.13929818181818182
0.20607090909090908
0.07314181818181818
0.1171090909090909
0.03472181818181818
0.019723636363636363
0.06656727272727272
-0.015614545454545454
-0.032667272727272725
-0.08012727272727273
0.0226
-0.07334727272727272
-0.08115454545454545
0.02650363636363636
-0.029585454545454543
0.06964909090909091
0.005547272727272727
0.06677272727272728
0.1464890909090909
0.013970909090909091
0.11320545454545454
0.09635818181818182
-0.012327272727272727
0.08341454545454545
0.07519636363636363
-0.01849090909090909
-0.019312727272727273
0.019107272727272726
0.0041090909090909095
-0.0010272727272727274
0.0565
0.025476363636363634
0.12758727272727272
0.05259636363636363
-0.06985454545454545
0.10745272727272726
0.0006163636363636364
-0.05362363636363636
-0.0016436363636363634
0.004930909090909091
0.052390909090909085
0.07293636363636363
0.0565
0.1088909090909091
0.22209636363636362
0.033489090909090906
0.05773272727272727
0.1569672727272727
-0.05280181818181818
-0.012121818181818182
0.0727309090909091
-0.09081090909090908
0.010889090909090909
0.10211090909090909
-0.06677272727272728
0.11916363636363636
0.1337509090909091
0.005958181818181818
0.19600363636363635
0.05341818181818182
-0.0016436363636363634
0.18018363636363635
-0.04663818181818182
-0.046432727272727264
0.1608709090909091
-0.043350909090909086
-0.10396
0.0447890909090909
-0.0470490909090909
-0.14936545454545455
0.11567090909090909
0.0226
-0.05937636363636363
0.21305636363636363
-0.05095272727272727
0.07683999999999999
0.18100545454545455
-0.09820727272727273
0.11320545454545454
0.06512909090909091
-0.19785272727272726
0.03636545454545455
0.003698181818181818
-0.17381454545454544
0.17628
0.14895454545454545
-0.009245454545454545
0.2138781818181818
0.1668290909090909
0.014176363636363636
0.20442727272727274
0.04622727272727272
-0.08279818181818181
0.14874909090909091
-0.1374490909090909
-0.06512909090909091
0.10149454545454545
-0.12717636363636362
0.03616
0.11505454545454545
-0.014587272727272727
0.00862909090909091
0.0447890909090909
-0.020956363636363638
0.02301090909090909
0.007807272727272727
-0.051569090909090905
0.11402727272727273
0.1017
-0.02444909090909091
0.14217454545454544
0.05855454545454545
-0.01992909090909091
0.20072909090909088
0.011505454545454544
0.06204727272727273
0.1247109090909091
-0.03944727272727273
0.1532690909090909
0.08978363636363636
-0.03739272727272727
0.0940981818181818
0.07807272727272727
-0.05732181818181818
0.008012727272727272
0.013970909090909091
-0.08218181818181818
0.03410545454545454
0.11176727272727273
-0.032667272727272725
0.056705454545454545
0.14710545454545454
0.019312727272727273
0.15039272727272726
0.033694545454545456
-0.056705454545454545
0.06718363636363636
0.012327272727272727
-0.15450181818181818
-0.0940981818181818
0.09163272727272727
-0.06081454545454545
0.10437090909090908
0.0727309090909091
-0.12532727272727273
0.11361636363636363
0.14813272727272728
0.05937636363636363
0.09820727272727273
0.02198363636363636
-0.009861818181818182
0.18737454545454543
0.02034
0.05691090909090909
0.1999072727272727
-0.08341454545454545
0.019723636363636363
0.12203999999999998
-0.09224909090909092
-0.06369090909090909
0.1374490909090909
-0.07129272727272727
-0.059170909090909087
0.13025818181818183
-0.08937272727272727
0.11341090909090909
0.20894727272727273
-0.07355272727272727
0.04314545454545454
0.07108727272727272
-0.06738909090909091
0.12286181818181818
-0.031845454545454545
-0.11752
0.18614181818181816
-0.027120000000000002
-0.05732181818181818
0.17751272727272727
0.03903636363636363
-0.015203636363636362
0.17114363636363633
0.006163636363636363
-0.04910363636363636
0.18121090909090906
-0.015614545454545454
0.028147272727272726
0.07519636363636363
-0.1321072727272727
0.10437090909090908
0.15039272727272726
-0.03225636363636363
0.1341618181818182
0.10272727272727272
-0.019312727272727273
0.16046
0.1292309090909091
-0.04376181818181818
0.05732181818181818
0.08362
-0.09882363636363636
0.0039036363636363635
-0.0226
-0.11341090909090909
0.08444181818181817
-0.0113
-0.05485636363636363
0.10498727272727272
0.055883636363636364
0.14936545454545455
0.1469
-0.047665454545454546
0.07334727272727272
0.032667272727272725
-0.08012727272727273
-0.012943636363636362
-0.012738181818181817
-0.08670181818181817
-0.010067272727272725
0.1370381818181818
0.01890181818181818
0.0967690909090909
0.20607090909090908
0.13128545454545454
0.113
0.07334727272727272
-0.00226
0.05773272727272727
0.02486
-0.05054181818181818
0.05547272727272727
-0.049925454545454544
-0.009245454545454545
0.06430727272727273
0.0024654545454545454
-0.02362727272727273
0.04787090909090909
0.06410181818181818
-0.09492
0.08218181818181818
0.028763636363636363
-0.04150181818181818
0.10252181818181817
-0.03328363636363636
0.04663818181818182
0.1058090909090909
0.00945090909090909
0.12512181818181817
0.11752
-0.04787090909090909
0.05177454545454545
0.10046727272727272
0.01890181818181818
0.039241818181818176
0.04150181818181818
0.062458181818181815
0.059170909090909087
0.017463636363636362
-0.03800909090909091
0.06369090909090909
0.006574545454545454
-0.09964545454545454
0.09101636363636363
0.016847272727272728
-0.018285454545454546
0.13334
0.03883090909090909
0.0452
0.11546545454545454
-0.03328363636363636
0.053212727272727266
0.1017
-0.08670181818181817
0.07992181818181819
0.09019454545454544
-0.1637472727272727
0.07375818181818182
0.14053090909090907
-0.14032545454545453
0.14073636363636363
0.15532363636363636
-0.11608181818181817
0.14402363636363635
0.14340727272727272
-0.013765454545454546
0.08012727272727273
0.03821454545454545
0.02403818181818182
0.11443818181818181
-0.019518181818181816
-0.01849090909090909
0.2023727272727273
-0.015409090909090907
-0.04889818181818182
0.22846545454545453
-0.02403818181818182
-0.019518181818181816
0.2820890909090909
-0.06081454545454545
-0.07355272727272727
0.11690363636363636
-0.10190545454545454
0.030818181818181814
0.03307818181818182
-0.055678181818181814
0.0918381818181818
0.02670909090909091
0.003698181818181818
0.19415454545454544
0.0940981818181818
-0.017463636363636362
0.15121454545454543
0.02342181818181818
-0.17833454545454544
0.059170909090909087
0.05608909090909091
-0.1766909090909091
0.036776363636363635
-0.03205090909090909
-0.054034545454545446
0.18511454545454545
0.03410545454545454
0.12943636363636363
0.17176
-0.06615636363636364
0.10087818181818181
0.12491636363636363
-0.11382181818181818
-0.020956363636363638
0.0538290909090909
-0.08567454545454545
-0.0016436363636363634
0.08567454545454545
-0.040885454545454544
0.06800545454545455
0.14484545454545456
-0.07375818181818182
0.05054181818181818
0.07622363636363635
-0.10416545454545453
0.13354545454545455
-0.0008218181818181817
-0.09307090909090908
0.11669818181818181
0.04211818181818182
0.04540545454545454
0.06656727272727272
0.031639999999999995
0.00226
0.08814
0.08444181818181817
-0.00452
0.11546545454545454
0.00041090909090909085
0.002670909090909091
0.16703454545454544
-0.07088181818181817
0.08793454545454545
0.21675454545454545
-0.04746
0.10683636363636365
0.12635454545454544
-0.0069854545454545456
0.11977999999999998
0.12388909090909091
-0.04828181818181818
0.04602181818181818
0.07889454545454545
-0.113
0.019518181818181816
-0.020956363636363638
-0.13642181818181817
0.08711272727272727
0.024654545454545453
-0.11628727272727273
0.20072909090909088
0.15902181818181815
-0.02670909090909091
0.2919509090909091
0.07396363636363636
-0.08115454545454545
0.17792363636363634
-0.025476363636363634
-0.05732181818181818
0.007190909090909091
-0.10026181818181817
0.04109090909090909
0.030612727272727274
-0.07149818181818181
0.09718
0.09450909090909092
-0.027736363636363635
0.1125890909090909
0.08649636363636364
-0.1284090909090909
0.044994545454545454
0.01664181818181818
-0.11834181818181817
0.038419999999999996
-0.04828181818181818
0.007807272727272727
0.12347818181818182
0.02157272727272727
0.07683999999999999
0.15203636363636364
0.002670909090909091
0.08197636363636364
0.12039636363636362
-0.08752363636363636
0.0226
0.06636181818181817
-0.04622727272727272
0.016436363636363638
0.062458181818181815
-0.09553636363636364
0.041707272727272725
0.027120000000000002
-0.05608909090909091
0.19025090909090905
0.048487272727272726
0.13498363636363636
0.17319818181818183
0.02403818181818182
0.09471454545454545
0.09224909090909092
0.031845454545454545
-0.007807272727272727
0.1058090909090909
-0.07026545454545453
-0.08670181818181817
0.10087818181818181
0.005958181818181818
0.043350909090909086
0.1524472727272727
0.05136363636363636
0.019723636363636363
0.14237999999999998
-0.003698181818181818
-0.01705272727272727
0.03616
-0.05485636363636363
0.00452
0.0010272727272727274
-0.12060181818181817
0.09718
0.2635981818181818
-0.08238727272727273
0.036776363636363635
0.12984727272727273
0.0008218181818181817
0.08896181818181817
-0.009656363636363637
-0.02444909090909091
0.03739272727272727
0.0226
-0.0727309090909091
0.08444181818181817
0.0538290909090909
-0.04396727272727272
0.2364781818181818
0.0805381818181818
-0.02444909090909091
0.1419690909090909
0.005136363636363636
0.0024654545454545454
0.08567454545454545
-0.13888727272727272
-0.048487272727272726
0.1292309090909091
-0.11505454545454545
-0.0764290909090909
0.06574545454545455
-0.10991818181818182
0.06143090909090909
0.21100181818181818
-0.03718727272727273
0.08218181818181818
0.09574181818181818
0.02486
0.15573454545454543
0.01171090909090909
-0.06841636363636364
0.04129636363636364
-0.034310909090909086
-0.19785272727272726
0.057527272727272726
0.1415581818181818
0.04294
0.26976181818181816
0.15018727272727272
0.061841818181818185
0.21737090909090906
0.08937272727272727
0.11361636363636363
0.1370381818181818
-0.15224181818181817
-0.06800545454545455
0.03451636363636364
-0.1088909090909091
-0.011916363636363636
0.07992181818181819
0.010478181818181819
-0.00945090909090909
0.06903272727272727
-0.05793818181818181
0.03616
0.05444545454545455
-0.07909999999999999
0.14279090909090908
-0.06903272727272727
-0.055883636363636364
0.24181999999999998
0.02444909090909091
0.008012727272727272
0.1454618181818182
0.03616
0.08937272727272727
0.13847636363636362
0.03246181818181818
0.03636545454545455
0.07683999999999999
0.09389272727272728
0.0008218181818181817
0.029585454545454543
-0.04376181818181818
0.02239454545454545
0.09820727272727273
-0.1415581818181818
0.050747272727272724
0.049925454545454544
-0.10026181818181817
0.029585454545454543
0.1555290909090909
0.055061818181818184
0.03739272727272727
0.13991454545454546
-0.02670909090909091
0.014587272727272727
-0.11094545454545454
-0.09368727272727272
0.01623090909090909
-0.059787272727272724
-0.01849090909090909
0.019312727272727273
0.11977999999999998
0.07540181818181818
0.2153163636363636
0.09101636363636363
-0.02239454545454545
0.16970545454545455
0.0895781818181818
0.009656363636363637
0.02075090909090909
-0.015409090909090907
0.013970909090909091
0.11608181818181817
-0.12101272727272726
0.03657090909090909
0.1962090909090909
-0.0727309090909091
0.07601818181818182
0.14443454545454545
-0.03636545454545455
0.03636545454545455
0.14340727272727272
-0.06471818181818181
0.07478545454545454
0.02650363636363636
-0.1284090909090909
0.17011636363636362
-0.02013454545454545
-0.09122181818181817
0.008218181818181819
-0.06738909090909091
0.04417272727272727
0.10745272727272726
-0.01623090909090909
0.015614545454545454
0.15039272727272726
0.020956363636363638
-0.01890181818181818
0.11074
0.06595090909090909
0.03225636363636363
0.13025818181818183
-0.06964909090909091
0.03944727272727273
0.09471454545454545
-0.07149818181818181
0.18347090909090907
0.0805381818181818
-0.029585454545454543
0.12594363636363634
0.08033272727272728
-0.02444909090909091
0.13847636363636362
0.02527090909090909
-0.047665454545454546
0.08197636363636364
-0.008834545454545454
0.11752
0.06225272727272727
0.030818181818181814
0.03965272727272728
0.05280181818181818
-0.004725454545454545
0.013149090909090907
0.11793090909090909
-0.05732181818181818
0.07540181818181818
0.11402727272727273
-0.04910363636363636
-0.023832727272727273
0.09450909090909092
-0.07951090909090908
-0.009656363636363637
0.03225636363636363
-0.09594727272727273
0.22846545454545453
-0.010478181818181819
-0.05136363636363636
0.1608709090909091
0.09656363636363637
0.09286545454545453
0.054034545454545446
0.10416545454545453
0.06718363636363636
0.025887272727272724
-0.05362363636363636
0.001438181818181818
0.023216363636363632
-0.07519636363636363
-0.033694545454545456
0.05937636363636363
-0.05855454545454545
-0.04376181818181818
0.10005636363636364
-0.054034545454545446
-0.0020545454545454547
0.04109090909090909
0.011505454545454544
0.0452
0.07889454545454545
0.059170909090909087
0.06574545454545455
0.051569090909090905
-0.03451636363636364
0.17052727272727272
0.008218181818181819
-0.05999272727272727
0.20216727272727272
0.010067272727272725
-0.07458
0.06143090909090909
0.08998909090909091
0.04211818181818182
0.028969090909090906
0.08752363636363636
0.02527090909090909
0.011094545454545454
0.07540181818181818
0.008218181818181819
0.08341454545454545
0.031845454545454545
0.019723636363636363
0.1980581818181818
-0.04294
0.05896545454545454
0.20566
-0.07170363636363636
-0.0006163636363636364
0.05793818181818181
-0.011916363636363636
0.0452
0.0538290909090909
0.02444909090909091
0.10498727272727272
0.02670909090909091
-0.012121818181818182
0.12121818181818181
0.03739272727272727
0.0063690909090909084
0.12861454545454545
0.039241818181818176
-0.06163636363636363
0.13868181818181818
0.008834545454545454
-0.13190181818181818
0.1193690909090909
0.08855090909090908
-0.014792727272727272
0.12101272727272726
0.06225272727272727
0.028147272727272726
0.13909272727272726
-0.09800181818181818
0.03944727272727273
0.12121818181818181
-0.10087818181818181
0.08012727272727273
0.012532727272727272
-0.12347818181818182
0.06122545454545455
0.046432727272727264
-0.12306727272727273
0.015203636363636362
0.03451636363636364
0.018696363636363636
0.15039272727272726
0.04376181818181818
0.05136363636363636
0.1397090909090909
-0.0067800000000000004
-0.017874545454545452
0.08259272727272728
-0.07293636363636363
-0.012532727272727272
0.07951090909090908
-0.06821090909090909
-0.025476363636363634
0.06533454545454545
0.06143090909090909
0.034927272727272723
0.12779272727272725
0.04889818181818182
0.1171090909090909
0.16724
-0.05444545454545455
0.13272363636363635
-0.026298181818181814
-0.11731454545454545
0.22887636363636363
-0.0024654545454545454
-0.09122181818181817
0.14094181818181817
0.03020181818181818
0.029585454545454543
0.08444181818181817
0.01849090909090909
-0.037598181818181815
0.005752727272727272
0.06143090909090909
-0.08793454545454545
0.15450181818181818
0.06019818181818181
-0.05362363636363636
0.2911290909090909
-0.11361636363636363
-0.024243636363636363
0.3529709090909091
-0.006574545454545454
-0.030407272727272724
0.13642181818181817
-0.07190909090909091
-0.05485636363636363
0.14094181818181817
0.015409090909090907
-0.06040363636363636
0.02403818181818182
0.043556363636363636
0.021778181818181818
0.10087818181818181
-0.041707272727272725
0.06451272727272726
0.19764727272727273
-0.12347818181818182
0.15265272727272727
0.15265272727272727
-0.1586109090909091
0.12224545454545453
0.03616
-0.19045636363636362
0.02527090909090909
0.02301090909090909
-0.040063636363636364
0.10437090909090908
0.01992909090909091
0.02198363636363636
0.15347454545454545
0.031023636363636364
0.02116181818181818
0.20956363636363634
-0.07334727272727272
-0.03451636363636364
0.21305636363636363
-0.19559272727272728
-0.027530909090909092
0.20011272727272728
-0.07971636363636364
0.02527090909090909
0.18552545454545455
0.04047454545454546
0.13272363636363635
0.11854727272727272
0.0
0.09882363636363636
-0.11526
-0.009245454545454545
0.05526727272727273
-0.07848363636363635
-0.03944727272727273
0.08855090909090908
0.1012890909090909
-0.02403818181818182
0.22579454545454544
0.0452
0.1017
0.1600490909090909
-0.08362
0.11895818181818181
-0.03246181818181818
-0.05485636363636363
0.09224909090909092
-0.07334727272727272
-0.1865527272727273
0.08567454545454545
0.032872727272727276
-0.0990290909090909
0.11998545454545453
0.08279818181818181
0.12224545454545453
0.11197272727272727
0.10724727272727272
0.13395636363636362
0.10211090909090909
-0.013354545454545456
0.014381818181818181
0.029996363636363634
-0.1676509090909091
-0.0030818181818181817
0.043556363636363636
-0.11217818181818182
-0.032872727272727276
0.10745272727272726
0.008218181818181819
0.09389272727272728
0.1012890909090909
-0.06122545454545455
0.11608181818181817
-0.02034
-0.0786890909090909
0.08259272727272728
-0.04972
-0.07355272727272727
0.10663090909090908
0.1012890909090909
0.027736363636363635
0.11526
0.15018727272727272
0.061841818181818185
0.1356
0.05465090909090909
-0.16580181818181816
0.09245454545454544
0.0067800000000000004
-0.07560727272727272
0.10272727272727272
-0.02670909090909091
0.09615272727272728
0.19230545454545456
0.04437818181818182
0.08300363636363636
0.21244
0.005958181818181818
0.06903272727272727
0.1284090909090909
-0.11074
0.06738909090909091
0.06882727272727272
-0.14053090909090907
-0.07437454545454546
-0.02342181818181818
-0.15594
0.06656727272727272
0.11115090909090909
-0.11279454545454545
0.10806909090909089
0.09122181818181817
0.055883636363636364
0.2331909090909091
0.10930181818181818
-0.017463636363636362
0.0940981818181818
-0.031229090909090908
-0.1035490909090909
0.02938
-0.06040363636363636
0.012943636363636362
0.13272363636363635
0.08937272727272727
0.08423636363636364
0.17895090909090908
0.11895818181818181
0.12450545454545454
0.12820363636363635
-0.12450545454545454
0.05013090909090909
0.043556363636363636
-0.17381454545454544
0.010272727272727272
-0.032667272727272725
-0.09492
0.056705454545454545
0.02116181818181818
0.012121818181818182
0.07190909090909091
0.022805454545454542
0.016025454545454544
0.03246181818181818
-0.0069854545454545456
-0.02527090909090909
0.11135636363636363
0.06369090909090909
-0.009656363636363637
0.12039636363636362
0.03821454545454545
0.07458
0.13313454545454545
0.008012727272727272
0.05547272727272727
0.07601818181818182
0.06944363636363636
0.1356
0.06964909090909091
-0.08546909090909091
0.041912727272727275
0.12717636363636362
-0.09779636363636364
-0.02568181818181818
-0.029996363636363634
-0.08690727272727272
0.06348545454545454
0.06512909090909091
0.05362363636363636
0.09923454545454545
0.1744309090909091
0.07170363636363636
0.0741690909090909
0.01890181818181818
-0.08485272727272727
0.05033636363636364
-0.06389636363636363
-0.1653909090909091
-0.051569090909090905
0.03328363636363636
0.005136363636363636
0.16272
0.06225272727272727
-0.035749090909090904
0.19538727272727272
0.05711636363636363
0.10313818181818181
0.12758727272727272
-0.007190909090909091
0.07992181818181819
0.15799454545454544
-0.040063636363636364
-0.06101999999999999
0.10190545454545454
-0.0008218181818181817
0.032667272727272725
0.03533818181818182
-0.07355272727272727
-0.02034
0.1216290909090909
-0.045610909090909084
0.07519636363636363
0.07909999999999999
-0.09512545454545453
0.15614545454545453
0.05259636363636363
0.028558181818181816
0.01725818181818182
-0.0012327272727272727
-0.06040363636363636
0.07088181818181817
0.04376181818181818
-0.1419690909090909
0.15080363636363636
0.06348545454545454
0.09923454545454545
0.09533090909090909
-0.0041090909090909095
0.05999272727272727
0.12532727272727273
-0.03205090909090909
0.045816363636363634
0.13806545454545455
-0.1469
0.18984
0.07601818181818182
-0.08608545454545455
0.10067272727272727
0.11341090909090909
0.06718363636363636
0.07683999999999999
0.035954545454545454
-0.07889454545454545
0.12717636363636362
0.029585454545454543
-0.006163636363636363
0.0024654545454545454
0.008834545454545454
-0.031845454545454545
0.0895781818181818
0.0012327272727272727
-0.13724363636363635
0.18614181818181816
-0.013560000000000001
0.07786727272727272
0.06944363636363636
0.040885454545454544
0.14217454545454544
-0.00862909090909091
-0.014176363636363636
0.03883090909090909
-0.01849090909090909
-0.16066545454545456
0.021778181818181818
-0.04458363636363636
0.025887272727272724
0.10786363636363637
0.0628690909090909
0.1012890909090909
0.17730727272727273
0.10704181818181817
0.018285454545454546
0.24469636363636363
-0.04787090909090909
-0.022805454545454542
0.05855454545454545
-0.08341454545454545
-0.01992909090909091
0.017874545454545452
0.008834545454545454
-0.04437818181818182
0.09101636363636363
-0.012738181818181817
0.013149090909090907
0.02342181818181818
-0.0039036363636363635
0.022805454545454542
0.03965272727272728
0.018285454545454546
0.07519636363636363
0.16641818181818183
-0.039241818181818176
0.1881963636363636
0.09224909090909092
0.0008218181818181817
0.16641818181818183
-0.003287272727272727
-0.027120000000000002
0.0727309090909091
0.058349090909090906
-0.06101999999999999
0.1419690909090909
-0.005136363636363636
-0.02691454545454545
0.13909272727272726
-0.08382545454545455
-0.011505454545454544
0.06225272727272727
-0.034310909090909086
0.0034927272727272728
0.16724
0.04602181818181818
0.05773272727272727
0.14402363636363635
0.03616
0.07006
0.035749090909090904
-0.028969090909090906
0.014792727272727272
-0.00041090909090909085
-0.12142363636363637
0.07992181818181819
-0.027530909090909092
-0.11053454545454545
0.1296418181818182
-0.06471818181818181
0.00945090909090909
0.12224545454545453
0.013970909090909091
0.09800181818181818
0.1464890909090909
-0.00452
0.07704545454545454
0.10663090909090908
-0.05547272727272727
0.13580545454545453
0.14402363636363635
-0.05999272727272727
0.04232363636363636
0.18203272727272726
-0.09368727272727272
0.05485636363636363
0.15347454545454545
-0.12388909090909091
0.1586109090909091
-0.0113
-0.13580545454545453
0.10334363636363636
-0.04294
-0.004725454545454545
0.09923454545454545
-0.10437090909090908
-0.007190909090909091
0.24736727272727274
0.06081454545454545
0.03944727272727273
0.18388181818181817
0.09286545454545453
0.028147272727272726
0.10601454545454544
-0.035954545454545454
0.001849090909090909
0.10005636363636364
-0.14751636363636364
0.06451272727272726
0.03307818181818182
-0.14772181818181818
0.1623090909090909
0.07725090909090909
-0.04828181818181818
0.14874909090909091
0.10231636363636364
0.01664181818181818
0.09142727272727272
-0.0067800000000000004
-0.02362727272727273
0.02362727272727273
0.00226
-0.027530909090909092
0.03657090909090909
-0.01664181818181818
-0.056705454545454545
0.18347090909090907
-0.030407272727272724
-0.0565
0.12265636363636362
-0.05259636363636363
-0.012738181818181817
0.05444545454545455
-0.032872727272727276
0.032872727272727276
0.09553636363636364
-0.045816363636363634
0.02342181818181818
0.09779636363636364
0.00226
0.06574545454545455
0.12409454545454546
-0.013354545454545456
0.06553999999999999
0.16354181818181818
-0.08238727272727273
0.09204363636363636
0.09944
-0.09964545454545454
0.11793090909090909
0.031639999999999995
-0.06225272727272727
0.11567090909090909
0.05547272727272727
-0.02979090909090909
0.09327636363636364
0.05691090909090909
0.05814363636363636
0.12594363636363634
0.015409090909090907
-0.06615636363636364
0.11772545454545454
0.016436363636363638
-0.10930181818181818
0.19538727272727272
-0.04828181818181818
0.05608909090909091
0.27284363636363634
-0.03328363636363636
0.1577890909090909
0.14073636363636363
0.06800545454545455
0.09800181818181818
-0.02979090909090909
-0.0069854545454545456
-0.02157272727272727
-0.008012727272727272
-0.09286545454545453
0.029996363636363634
0.12635454545454544
-0.07951090909090908
0.14073636363636363
0.1495709090909091
0.019312727272727273
0.16210363636363637
-0.020545454545454544
0.05198
0.021778181818181818
-0.18449818181818184
0.03472181818181818
0.018696363636363636
-0.09697454545454545
0.05691090909090909
0.051569090909090905
-0.08772909090909091
0.08115454545454545
0.09697454545454545
-0.05773272727272727
0.02486
0.006574545454545454
-0.02034
0.08382545454545455
0.019723636363636363
-0.028147272727272726
0.055678181818181814
-0.011505454545454544
0.014587272727272727
0.05629454545454545
-0.007807272727272727
0.06533454545454545
0.15819999999999998
0.06821090909090909
0.05444545454545455
0.1088909090909091
0.03143454545454545
0.08896181818181817
0.07334727272727272
-0.055678181818181814
-0.007807272727272727
0.07807272727272727
-0.08197636363636364
-0.055883636363636364
0.012327272727272727
-0.03657090909090909
0.13025818181818183
0.09615272727272728
0.028763636363636363
0.09841272727272728
0.12286181818181818
-0.01849090909090909
0.08279818181818181
0.04746
-0.09861818181818181
0.15717272727272727
0.07827818181818182
-0.031845454545454545
0.09800181818181818
0.15943272727272728
0.03554363636363636
0.12799818181818182
0.03821454545454545
-0.11443818181818181
0.14053090909090907
-0.07519636363636363
-0.058349090909090906
0.16148727272727273
-0.0069854545454545456
-0.04109090909090909
0.15347454545454545
0.06595090909090909
0.007396363636363636
0.17176
0.0069854545454545456
0.09553636363636364
0.0034927272727272728
-0.13313454545454545
0.12450545454545454
0.08690727272727272
-0.13046363636363634
0.011094545454545454
0.08115454545454545
-0.23524545454545454
0.02218909090909091
0.11752
-0.1125890909090909
0.06821090909090909
0.10827454545454546
-0.03903636363636363
0.09327636363636364
0.09163272727272727
-0.019107272727272726
0.17956727272727271
-0.1148490909090909
-0.11772545454545454
0.1454618181818182
-0.11443818181818181
0.01705272727272727
0.24818909090909091
-0.021778181818181818
0.0538290909090909
0.2950327272727273
0.047665454545454546
0.09430363636363637
0.08690727272727272
0.029174545454545453
0.08033272727272728
-0.10375454545454545
-0.1076581818181818
0.061841818181818185
0.02342181818181818
-0.1411472727272727
0.15018727272727272
0.055678181818181814
-0.10724727272727272
0.19086727272727272
0.001438181818181818
-0.10375454545454545
0.05937636363636363
-0.02301090909090909
-0.015614545454545454
0.09142727272727272
-0.02116181818181818
0.1479272727272727
0.12080727272727272
-0.04232363636363636
0.19251090909090907
0.07622363636363635
-0.03225636363636363
0.18881272727272727
0.13847636363636362
-0.11197272727272727
0.09820727272727273
0.1257381818181818
0.03246181818181818
0.0940981818181818
-0.02486
0.014381818181818181
-0.02362727272727273
-0.005341818181818182
-0.05095272727272727
0.044994545454545454
0.002670909090909091
-0.03780363636363636
0.20175636363636362
-0.04951454545454545
0.004930909090909091
0.13991454545454546
0.0012327272727272727
-0.0447890909090909
-0.005547272727272727
-0.07067636363636363
-0.08382545454545455
0.10786363636363637
0.014587272727272727
0.04129636363636364
0.08300363636363636
0.05013090909090909
0.14320181818181818
0.14854363636363635
-0.012738181818181817
0.08012727272727273
0.11772545454545454
-0.07252545454545453
0.10519272727272726
0.05013090909090909
-0.017463636363636362
0.09450909090909092
0.04129636363636364
-0.09307090909090908
0.059170909090909087
0.10457636363636363
-0.09492
0.10519272727272726
-0.030407272727272724
-0.1257381818181818
0.15922727272727272
0.059787272727272724
-0.0010272727272727274
0.20114
-0.025887272727272724
-0.06327999999999999
0.14813272727272728
-0.06512909090909091
0.008423636363636364
-0.008423636363636364
-0.10745272727272726
0.030407272727272724
-0.009245454545454545
-0.018285454545454546
0.1148490909090909
0.15183090909090907
-0.040063636363636364
0.0967690909090909
0.12943636363636363
-0.07232
0.18758
0.06903272727272727
-0.14977636363636362
0.10991818181818182
0.02013454545454545
-0.020956363636363638
0.14587272727272727
-0.011916363636363636
0.07458
0.17340363636363634
-0.04972
0.08937272727272727
0.16888363636363635
-0.05280181818181818
0.042529090909090905
0.09882363636363636
-0.08998909090909091
-0.02979090909090909
0.12142363636363637
-0.07663454545454546
-0.02218909090909091
0.10950727272727273
-0.006163636363636363
0.11793090909090909
0.04294
0.10601454545454544
0.1337509090909091
-0.03883090909090909
0.0470490909090909
0.1483381818181818
0.009245454545454545
-0.12080727272727272
0.09759090909090909
-0.05896545454545454
-0.04314545454545454
0.14258545454545454
0.034927272727272723
0.0727309090909091
0.13806545454545455
0.11238363636363637
0.032667272727272725
0.10724727272727272
0.014587272727272727
0.06636181818181817
-0.038625454545454546
-0.11813636363636362
0.07375818181818182
-0.051569090909090905
-0.04602181818181818
0.03472181818181818
0.09841272727272728
-0.0727309090909091
0.007190909090909091
0.08896181818181817
-0.08218181818181818
0.0452
0.054240000000000003
-0.01890181818181818
-0.028147272727272726
0.02362727272727273
-0.03020181818181818
0.059787272727272724
0.02239454545454545
0.09389272727272728
0.19600363636363635
-0.12594363636363634
0.017874545454545452
0.1464890909090909
0.027120000000000002
-0.0339
0.07786727272727272
0.04951454545454545
-0.028352727272727273
0.0895781818181818
0.026298181818181814
0.027120000000000002
-0.013560000000000001
0.003698181818181818
0.06471818181818181
0.11053454545454545
-0.002876363636363636
0.1483381818181818
0.18860727272727273
-0.11895818181818181
0.10478181818181817
0.05300727272727272
-0.034927272727272723
0.11279454545454545
0.031639999999999995
-0.047665454545454546
0.03821454545454545
-0.014381818181818181
-0.02403818181818182
0.17895090909090908
-0.01849090909090909
0.03328363636363636
0.16991090909090908
-0.00226
0.05773272727272727
0.17032181818181816
0.01992909090909091
0.013149090909090907
0.12224545454545453
-0.0786890909090909
0.08814
0.19230545454545456
-0.023832727272727273
0.11012363636363637
0.0565
-0.06697818181818181
0.16189818181818183
0.012327272727272727
-0.04068
0.16600727272727273
-0.08444181818181817
-0.11957454545454545
0.05280181818181818
-0.07108727272727272
-0.1292309090909091
0.08711272727272727
-0.004725454545454545
-0.015203636363636362
0.14895454545454545
-0.040885454545454544
0.11834181818181817
0.16477454545454545
-0.014381818181818181
0.16415818181818181
0.06636181818181817
-0.11793090909090909
0.09471454545454545
-0.015614545454545454
-0.19127818181818182
0.09060545454545453
-0.009245454545454545
-0.13477818181818182
0.06040363636363636
0.09060545454545453
0.031639999999999995
0.13498363636363636
0.09224909090909092
-0.013970909090909091
0.13806545454545455
-0.04294
-0.033489090909090906
0.12676545454545454
-0.07725090909090909
-0.01623090909090909
0.11443818181818181
-0.04663818181818182
0.04972
0.1600490909090909
0.005752727272727272
0.08033272727272728
0.08074363636363636
-0.005136363636363636
-0.031229090909090908
0.0113
-0.02342181818181818
0.038625454545454546
0.14279090909090908
-0.06615636363636364
0.15470727272727272
0.17895090909090908
-0.04150181818181818
0.13868181818181818
0.08136
-0.03451636363636364
0.11567090909090909
0.029585454545454543
-0.13272363636363635
0.13395636363636362
-0.012121818181818182
-0.11361636363636363
0.17504727272727272
0.02670909090909091
-0.001849090909090909
0.1721709090909091
0.01664181818181818
0.009656363636363637
0.1916890909090909
-0.009861818181818182
0.028969090909090906
0.12984727272727273
-0.10950727272727273
-0.07355272727272727
0.0741690909090909
-0.10087818181818181
-0.017463636363636362
0.11793090909090909
-0.18737454545454543
0.07827818181818182
0.20833090909090907
-0.0226
0.16806181818181817
0.15265272727272727
0.05485636363636363
0.11197272727272727
-0.036776363636363635
-0.12388909090909091
0.10026181818181817
-0.03554363636363636
-0.14299636363636362
0.07560727272727272
-0.08238727272727273
0.017463636363636362
0.24983272727272726
-0.03513272727272727
0.03636545454545455
0.20483818181818178
-0.047665454545454546
0.007807272727272727
0.06574545454545455
-0.11279454545454545
0.018285454545454546
0.04807636363636364
-0.09964545454545454
0.06964909090909091
0.12450545454545454
0.09492
0.18121090909090906
0.10108363636363636
0.02444909090909091
0.06081454545454545
0.034927272727272723
-0.07827818181818182
0.007601818181818181
-0.02301090909090909
-0.07560727272727272
0.08505818181818181
0.01171090909090909
0.014176363636363636
0.03143454545454545
0.05033636363636364
0.1419690909090909
0.09245454545454544
0.10252181818181817
0.14443454545454545
0.1495709090909091
0.012532727272727272
0.08690727272727272
0.12101272727272726
-0.12080727272727272
-0.01890181818181818
0.04437818181818182
-0.10560363636363636
-0.13785999999999998
-0.04910363636363636
-0.03020181818181818
0.037598181818181815
0.13888727272727272
0.0006163636363636364
0.1257381818181818
0.14751636363636364
-0.07848363636363635
0.10786363636363637
0.09122181818181817
-0.12388909090909091
0.004314545454545455
0.04725454545454546
-0.05115818181818182
0.07807272727272727
0.07006
0.009245454545454545
0.17258181818181817
0.01808
-0.06471818181818181
0.11423272727272726
-0.07252545454545453
-0.10786363636363637
0.07622363636363635
-0.11197272727272727
0.04951454545454545
0.1871690909090909
-0.08670181818181817
0.14053090909090907
0.1676509090909091
0.08793454545454545
0.17977272727272728
0.02979090909090909
-0.03451636363636364
0.06533454545454545
0.08855090909090908
-0.1510090909090909
0.04150181818181818
0.08793454545454545
-0.14710545454545454
0.06512909090909091
-0.042529090909090905
-0.11854727272727272
0.17895090909090908
0.010889090909090909
-0.08998909090909091
0.1881963636363636
0.0063690909090909084
0.05711636363636363
0.27962363636363635
0.04828181818181818
-0.016436363636363638
0.04889818181818182
0.004725454545454545
-0.010067272727272725
0.05629454545454545
-0.017874545454545452
0.08629090909090908
0.22127454545454545
0.06019818181818181
0.1569672727272727
0.20216727272727272
-0.03944727272727273
0.08567454545454545
0.09964545454545454
-0.21983636363636364
-0.01992909090909091
-0.017874545454545452
-0.1397090909090909
0.09286545454545453
-0.08423636363636364
-0.03410545454545454
0.1610763636363636
-0.040063636363636364
0.02198363636363636
0.08608545454545455
-0.043556363636363636
-0.011094545454545454
0.06143090909090909
0.042529090909090905
0.02486
0.10827454545454546
0.02670909090909091
-0.015614545454545454
0.1292309090909091
-0.0030818181818181817
0.04910363636363636
0.13868181818181818
-0.0016436363636363634
0.06451272727272726
0.029585454545454543
0.00862909090909091
0.10087818181818181
0.05198
-0.011505454545454544
0.04930909090909091
-0.062458181818181815
-0.041912727272727275
0.06451272727272726
-0.11197272727272727
-0.03554363636363636
0.0628690909090909
0.09471454545454545
0.10005636363636364
0.051569090909090905
0.06122545454545455
0.08690727272727272
0.04540545454545454
-0.14217454545454544
-0.08197636363636364
0.020545454545454544
-0.05115818181818182
0.0226
0.10067272727272727
0.012121818181818182
0.1631309090909091
0.21408363636363634
0.07190909090909091
0.12224545454545453
0.06225272727272727
0.04972
0.14340727272727272
0.030407272727272724
-0.15799454545454544
0.14237999999999998
0.0008218181818181817
-0.09697454545454545
0.16970545454545455
-0.16703454545454544
0.019723636363636363
0.13642181818181817
-0.04622727272727272
-0.06636181818181817
0.07745636363636363
0.05855454545454545
0.06800545454545455
0.21223454545454545
-0.14381818181818182
0.0727309090909091
0.16806181818181817
-0.08156545454545455
0.04725454545454546
0.027530909090909092
-0.15450181818181818
0.08588
0.11505454545454545
-0.1994963636363636
0.12286181818181818
0.10375454545454545
-0.06636181818181817
0.06574545454545455
0.01766909090909091
-0.02486
0.14505090909090906
0.02938
0.017874545454545452
0.21572727272727274
-0.16210363636363637
0.08690727272727272
0.28065090909090906
-0.05259636363636363
0.07766181818181818
0.18121090909090906
0.017874545454545452
-0.013560000000000001
0.08197636363636364
-0.05793818181818181
0.015203636363636362
0.05793818181818181
-0.06307454545454545
0.05711636363636363
-0.005547272727272727
-0.11505454545454545
0.15018727272727272
0.03451636363636364
-0.1610763636363636
0.15717272727272727
0.03636545454545455
0.03225636363636363
0.24469636363636363
-0.002670909090909091
-0.0113
0.14258545454545454
0.007190909090909091
-0.0067800000000000004
-0.00862909090909091
-0.10416545454545453
0.09471454545454545
0.04150181818181818
-0.09081090909090908
0.10601454545454544
0.09841272727272728
-0.009245454545454545
0.1631309090909091
0.13929818181818182
-0.0678
0.10519272727272726
0.04787090909090909
-0.14772181818181818
0.010889090909090909
0.00862909090909091
-0.11279454545454545
0.06718363636363636
0.02568181818181818
-0.05054181818181818
0.1325181818181818
-0.05280181818181818
-0.0024654545454545454
0.2183981818181818
-0.04396727272727272
-0.1148490909090909
0.19230545454545456
0.06081454545454545
-0.06964909090909091
0.1337509090909091
0.015409090909090907
0.0063690909090909084
0.10149454545454545
0.06225272727272727
0.03780363636363636
0.07006
0.016847272727272728
0.06430727272727273
0.11875272727272726
-0.12306727272727273
0.06101999999999999
0.20052363636363635
-0.07108727272727272
0.008218181818181819
0.16251454545454544
-0.06759454545454545
-0.02157272727272727
0.08259272727272728
0.012738181818181817
0.1569672727272727
0.033694545454545456
0.07190909090909091
0.11320545454545454
-0.02034
-0.021367272727272728
0.05300727272727272
0.05855454545454545
-0.12286181818181818
0.06903272727272727
0.025476363636363634
-0.12306727272727273
0.0990290909090909
0.03020181818181818
-0.03472181818181818
0.09553636363636364
0.03636545454545455
0.0628690909090909
0.13354545454545455
0.016025454545454544
0.07930545454545455
0.03225636363636363
-0.04869272727272727
0.06040363636363636
0.05691090909090909
-0.010683636363636364
0.03698181818181818
0.1397090909090909
0.02157272727272727
0.053212727272727266
0.02116181818181818
-0.03718727272727273
0.050747272727272724
-0.030407272727272724
0.05876
-0.010067272727272725
-0.08074363636363636
0.03780363636363636
0.011094545454545454
-0.10745272727272726
0.059170909090909087
0.14279090909090908
-0.032667272727272725
0.11916363636363636
0.13477818181818182
0.10046727272727272
0.14012
0.05280181818181818
0.04047454545454546
0.07149818181818181
-0.05793818181818181
-0.012532727272727272
0.1415581818181818
-0.0764290909090909
-0.01992909090909091
0.10375454545454545
-0.013765454545454546
0.03780363636363636
0.1261490909090909
0.06636181818181817
0.07334727272727272
0.09101636363636363
-0.041707272727272725
0.058349090909090906
0.016025454545454544
-0.07745636363636363
0.06410181818181818
0.012943636363636362
-0.06040363636363636
0.08320909090909091
0.1193690909090909
-0.05362363636363636
0.05280181818181818
0.07478545454545454
-0.08690727272727272
0.03636545454545455
0.033694545454545456
-0.053212727272727266
0.014381818181818181
0.03554363636363636
0.03020181818181818
0.06143090909090909
0.056705454545454545
0.0226
0.13827090909090908
0.04602181818181818
-0.11279454545454545
0.1397090909090909
0.02979090909090909
-0.14094181818181817
0.12779272727272725
0.015203636363636362
-0.05444545454545455
0.10868545454545453
0.00226
0.02342181818181818
0.10930181818181818
0.0113
-0.01705272727272727
0.08875636363636363
-0.002876363636363636
0.055883636363636364
0.18901818181818184
-0.11567090909090909
0.0069854545454545456
0.1314909090909091
-0.1370381818181818
0.01171090909090909
0.13005272727272726
-0.0940981818181818
0.04930909090909091
0.17360909090909088
-0.04910363636363636
0.18162181818181816
0.12409454545454546
0.01725818181818182
0.25743454545454547
0.03636545454545455
-0.08341454545454545
0.1791563636363636
0.04746
-0.18778545454545456
0.12265636363636362
-0.06471818181818181
-0.06697818181818181
0.2346290909090909
-0.002876363636363636
0.11197272727272727
0.15532363636363636
0.042734545454545456
0.1076581818181818
0.050747272727272724
-0.1608709090909091
0.02034
0.06122545454545455
-0.20627636363636362
0.033489090909090906
0.046432727272727264
0.019312727272727273
0.16580181818181816
0.07889454545454545
-0.029174545454545453
0.1727872727272727
0.05033636363636364
-0.1483381818181818
0.17402
-0.06307454545454545
-0.14237999999999998
0.11608181818181817
-0.08711272727272727
-0.06923818181818181
0.11074
-0.08526363636363636
0.02342181818181818
0.15819999999999998
-0.005136363636363636
0.12491636363636363
0.13087454545454547
0.07909999999999999
0.06615636363636364
0.06800545454545455
-0.07560727272727272
-0.03554363636363636
0.07458
-0.11505454545454545
-0.01725818181818182
-0.06204727272727273
-0.056705454545454545
0.09224909090909092
0.031229090909090908
0.05629454545454545
0.14053090909090907
-0.03800909090909091
0.0226
0.16744545454545454
-0.06204727272727273
0.03225636363636363
0.04294
-0.005752727272727272
0.04376181818181818
0.1035490909090909
0.012532727272727272
0.08588
0.26462545454545455
-0.032872727272727276
0.09450909090909092
0.08074363636363636
-0.12594363636363634
0.033694545454545456
0.07622363636363635
-0.09265999999999999
0.02157272727272727
0.12142363636363637
-0.021778181818181818
0.1653909090909091
0.1766909090909091
0.09450909090909092
0.11731454545454545
0.08300363636363636
-0.04602181818181818
0.0764290909090909
0.03965272727272728
-0.07088181818181817
0.11772545454545454
-0.13765454545454545
-0.10437090909090908
0.007190909090909091
-0.027530909090909092
0.02362727272727273
0.05095272727272727
-0.00041090909090909085
-0.05218545454545454
0.1411472727272727
0.05444545454545455
0.0918381818181818
0.13025818181818183
0.009245454545454545
0.019107272727272726
0.027120000000000002
-0.12347818181818182
0.05444545454545455
0.1356
-0.1370381818181818
0.20463272727272727
0.09697454545454545
0.010889090909090909
0.20730363636363636
0.08814
0.06348545454545454
0.046432727272727264
0.015614545454545454
-0.09656363636363637
-0.05341818181818182
-0.11752
0.011505454545454544
0.015819999999999997
-0.11135636363636363
0.05013090909090909
0.10005636363636364
0.021367272727272728
-0.0012327272727272727
0.08608545454545455
-0.09841272727272728
0.05937636363636363
0.038625454545454546
-0.07930545454545455
0.1686781818181818
0.02218909090909091
0.08012727272727273
0.20648181818181818
0.07129272727272727
0.056705454545454545
0.19908545454545457
0.03020181818181818
-0.031229090909090908
0.08567454545454545
-0.01171090909090909
0.019107272727272726
0.00226
0.007396363636363636
0.050747272727272724
0.05896545454545454
-0.10539818181818181
0.05814363636363636
0.06903272727272727
-0.10519272727272726
0.11361636363636363
-0.003698181818181818
0.029996363636363634
0.08772909090909091
0.13231272727272728
0.03944727272727273
0.03657090909090909
0.08238727272727273
-0.15265272727272727
-0.022805454545454542
-0.05444545454545455
-0.01725818181818182
0.043556363636363636
-0.002876363636363636
0.002876363636363636
0.16354181818181818
0.15039272727272726
0.030407272727272724
0.22086363636363635
0.01890181818181818
-0.035954545454545454
0.10108363636363636
0.0538290909090909
0.015409090909090907
0.07006
0.05095272727272727
-0.011505454545454544
0.04930909090909091
-0.046432727272727264
0.015203636363636362
0.07581272727272727
-0.10806909090909089
0.037598181818181815
0.05259636363636363
-0.14751636363636364
0.11793090909090909
0.15409090909090908
-0.018696363636363636
-0.034310909090909086
0.18223818181818183
0.07766181818181818
-0.018285454545454546
0.1415581818181818
-0.1713490909090909
0.11854727272727272
-0.006163636363636363
-0.17422545454545454
0.18593636363636362
-0.026298181818181814
-0.046432727272727264
0.18614181818181816
0.04376181818181818
-0.12429999999999998
0.23257454545454545
-0.03513272727272727
-0.00452
0.05937636363636363
-0.09944
0.1360109090909091
-0.034927272727272723
0.045610909090909084
0.08238727272727273
0.2278490909090909
-0.04663818181818182
0.06040363636363636
0.21305636363636363
-0.10642545454545453
0.15162545454545454
0.08937272727272727
-0.06369090909090909
-0.043556363636363636
0.10827454545454546
-0.10539818181818181
0.05198
-0.09594727272727273
-0.09389272727272728
0.16580181818181816
-0.19826363636363634
0.14566727272727273
0.11443818181818181
0.11526
0.06533454545454545
0.14422909090909092
0.0904
-0.08526363636363636
0.12203999999999998
-0.051569090909090905
0.050747272727272724
-0.04417272727272727
0.008012727272727272
0.02342181818181818
0.06636181818181817
0.07930545454545455
0.17689636363636363
0.13580545454545453
-0.03698181818181818
0.21120727272727272
-0.05280181818181818
-0.03739272727272727
-0.032667272727272725
0.04129636363636364
-0.08978363636363636
-0.058349090909090906
0.13354545454545455
-0.10231636363636364
0.1325181818181818
0.012532727272727272
0.10046727272727272
0.0749909090909091
-0.08978363636363636
0.07047090909090908
0.11443818181818181
-0.04725454545454546
-0.014176363636363636
0.17771818181818183
-0.062458181818181815
0.03616
0.043556363636363636
0.06389636363636363
-0.028763636363636363
0.040063636363636364
0.0786890909090909
-0.06759454545454545
0.12121818181818181
-0.11197272727272727
0.15039272727272726
0.08403090909090909
-0.1306690909090909
0.22312363636363636
0.05896545454545454
-0.1360109090909091
0.09348181818181817
0.025065454545454544
-0.10396
0.20668727272727272
0.02403818181818182
0.03513272727272727
0.09779636363636364
0.011916363636363636
0.07149818181818181
-0.035749090909090904
0.007190909090909091
-0.042529090909090905
0.07232
-0.08588
-0.08341454545454545
0.16600727272727273
-0.07232
0.00452
0.1682672727272727
-0.019518181818181816
0.07293636363636363
0.22086363636363635
0.019723636363636363
0.18799090909090907
0.10437090909090908
-0.01705272727272727
0.20134545454545455
-0.03307818181818182
-0.013560000000000001
0.13888727272727272
0.06841636363636364
-0.007396363636363636
0.08362
-0.014998181818181817
-0.07827818181818182
0.1366272727272727
-0.003698181818181818
0.01849090909090909
0.012738181818181817
-0.06389636363636363
0.06492363636363636
-0.028352727272727273
-0.05259636363636363
0.06882727272727272
0.02218909090909091
0.015409090909090907
0.13457272727272726
0.08444181818181817
0.04068
0.19456545454545454
0.17032181818181816
-0.01992909090909091
0.05773272727272727
0.04787090909090909
0.0069854545454545456
0.10272727272727272
-0.1836763636363636
-0.055883636363636364
0.11834181818181817
-0.20545454545454545
0.02403818181818182
0.13005272727272726
-0.08074363636363636
0.11587636363636362
0.14299636363636362
-0.011505454545454544
0.08218181818181818
0.030407272727272724
-0.07026545454545453
-0.042529090909090905
-0.02342181818181818
-0.06903272727272727
0.029585454545454543
0.06389636363636363
-0.024243636363636363
0.09019454545454544
0.03965272727272728
0.010272727272727272
0.10067272727272727
0.10272727272727272
-0.12080727272727272
0.051569090909090905
0.12594363636363634
-0.08382545454545455
0.22456181818181817
0.02527090909090909
0.03513272727272727
0.17114363636363633
-0.041707272727272725
0.0805381818181818
0.04540545454545454
0.05773272727272727
0.08588
0.03328363636363636
-0.07478545454545454
0.03821454545454545
0.07232
-0.08423636363636364
0.05033636363636364
0.06492363636363636
0.00226
0.07334727272727272
0.17422545454545454
0.01705272727272727
0.13580545454545453
0.1483381818181818
-0.07232
0.15450181818181818
0.06862181818181817
-0.12101272727272726
0.08197636363636364
0.03965272727272728
-0.15142
0.09163272727272727
-0.04376181818181818
-0.09492
0.20196181818181816
0.02301090909090909
0.06430727272727273
0.15573454545454543
0.057527272727272726
0.01849090909090909
0.06903272727272727
-0.02239454545454545
-0.08320909090909091
0.12676545454545454
-0.01664181818181818
-0.031845454545454545
0.11916363636363636
-0.06163636363636363
0.113
0.1600490909090909
-0.07458
0.15573454545454543
0.08012727272727273
-0.12409454545454546
0.032667272727272725
-0.046432727272727264
-0.15059818181818183
0.05855454545454545
0.02444909090909091
-0.07396363636363636
0.1532690909090909
0.06430727272727273
0.06533454545454545
0.17011636363636362
-0.08690727272727272
0.007190909090909091
0.11094545454545454
-0.05937636363636363
0.07827818181818182
0.12121818181818181
-0.03513272727272727
0.036776363636363635
0.07396363636363636
-0.033694545454545456
0.001438181818181818
0.07909999999999999
0.0628690909090909
0.08238727272727273
0.14053090909090907
0.04869272727272727
0.08423636363636364
0.12512181818181817
-0.01992909090909091
0.13005272727272726
0.019723636363636363
-0.041707272727272725
0.10211090909090909
-0.11998545454545453
-0.10231636363636364
0.03246181818181818
-0.0067800000000000004
-0.012738181818181817
0.14012
0.09389272727272728
0.02609272727272727
0.15388545454545455
0.04417272727272727
-0.013765454545454546
-0.005958181818181818
-0.05773272727272727
-0.038419999999999996
0.059787272727272724
0.004930909090909091
0.0749909090909091
0.25106545454545454
-0.033694545454545456
0.03739272727272727
0.19929090909090907
-0.0727309090909091
0.012943636363636362
0.0470490909090909
-0.17895090909090908
0.016025454545454544
0.02342181818181818
-0.09964545454545454
0.18778545454545456
0.07827818181818182
0.019723636363636363
0.17545818181818182
0.12717636363636362
0.009656363636363637
0.04047454545454546
0.0447890909090909
-0.13128545454545454
0.1012890909090909
-0.012327272727272727
-0.13868181818181818
0.08382545454545455
-0.09944
-0.02444909090909091
0.09245454545454544
-0.11875272727272726
0.06677272727272728
0.17052727272727272
-0.04663818181818182
0.14607818181818183
0.17340363636363634
0.021367272727272728
0.13683272727272727
0.10498727272727272
-0.054240000000000003
-0.0113
0.018696363636363636
-0.01808
0.18244363636363634
0.031639999999999995
-0.004725454545454545
0.24613454545454547
0.06882727272727272
0.11977999999999998
0.19436
-0.010067272727272725
-0.01171090909090909
0.10498727272727272
-0.1356
-0.16641818181818183
0.04047454545454546
-0.0918381818181818
0.02342181818181818
0.03472181818181818
0.01705272727272727
0.08033272727272728
0.027325454545454545
0.06677272727272728
0.08937272727272727
0.00945090909090909
-0.14053090909090907
0.11526
0.0470490909090909
-0.015409090909090907
0.1727872727272727
-0.0020545454545454547
0.057527272727272726
0.08382545454545455
0.1337509090909091
0.023832727272727273
0.06122545454545455
0.13909272727272726
-0.025887272727272724
0.045610909090909084
-0.09368727272727272
0.07149818181818181
0.09286545454545453
-0.05773272727272727
0.038419999999999996
-0.016436363636363638
-0.07129272727272727
-0.011916363636363636
0.07560727272727272
-0.044994545454545454
0.06143090909090909
0.12080727272727272
0.17874545454545454
0.08136
-0.06636181818181817
0.04725454545454546
-0.01725818181818182
-0.06101999999999999
-0.12409454545454546
0.05465090909090909
-0.0538290909090909
-0.03328363636363636
0.27633636363636366
0.019723636363636363
0.015409090909090907
0.2849654545454545
0.11115090909090909
0.041912727272727275
0.13909272727272726
-0.027941818181818182
0.10663090909090908
0.06307454545454545
-0.10026181818181817
0.01623090909090909
0.0538290909090909
-0.027736363636363635
-0.007807272727272727
0.09861818181818181
-0.1337509090909091
0.04930909090909091
0.12779272727272725
-0.09430363636363637
0.06327999999999999
0.01890181818181818
0.02403818181818182
0.12697090909090908
0.10437090909090908
-0.07848363636363635
0.07848363636363635
0.13107999999999997
-0.07314181818181818
0.08896181818181817
-0.03554363636363636
0.014381818181818181
0.10211090909090909
-0.013560000000000001
-0.03451636363636364
0.03554363636363636
0.0226
0.016436363636363638
0.09081090909090908
-0.13457272727272726
0.050747272727272724
0.0967690909090909
-0.04725454545454546
0.09985090909090909
0.11793090909090909
0.014381818181818181
0.10437090909090908
0.1686781818181818
0.012327272727272727
0.15819999999999998
0.03451636363636364
0.015409090909090907
0.10231636363636364
-0.02527090909090909
-0.041912727272727275
0.057527272727272726
0.06821090909090909
-0.05691090909090909
0.07909999999999999
-0.12882
0.005752727272727272
0.1495709090909091
-0.10252181818181817
0.07396363636363636
0.1088909090909091
-0.0069854545454545456
0.11423272727272726
0.1678563636363636
-0.040063636363636364
0.08074363636363636
0.06533454545454545
0.0041090909090909095
0.06512909090909091
-0.019312727272727273
0.013354545454545456
0.03718727272727273
0.04129636363636364
-0.047665454545454546
0.1495709090909091
0.10786363636363637
0.03328363636363636
0.15717272727272727
-0.04376181818181818
-0.029996363636363634
0.07971636363636364
-0.030818181818181814
-0.1171090909090909
0.05691090909090909
-0.02239454545454545
-0.04910363636363636
0.08608545454545455
-0.011505454545454544
0.017874545454545452
0.08012727272727273
0.02157272727272727
0.0006163636363636364
0.07293636363636363
-0.05115818181818182
0.04232363636363636
0.11238363636363637
-0.059170909090909087
0.028763636363636363
0.11834181818181817
0.02568181818181818
-0.001438181818181818
0.15922727272727272
-0.014176363636363636
-0.025887272727272724
0.08690727272727272
-0.07971636363636364
0.08855090909090908
0.09471454545454545
-0.030612727272727274
0.13334
0.053212727272727266
-0.04437818181818182
0.16128181818181817
-0.025065454545454544
-0.09101636363636363
0.1524472727272727
0.04458363636363636
0.0452
0.12882
0.06389636363636363
-0.002876363636363636
0.07458
-0.009245454545454545
-0.009245454545454545
0.10663090909090908
-0.10313818181818181
0.031023636363636364
0.08177090909090909
-0.14340727272727272
0.1125890909090909
0.18388181818181817
-0.07848363636363635
0.07704545454545454
0.19703090909090906
0.05341818181818182
0.14361272727272725
0.10827454545454546
-0.006574545454545454
0.08341454545454545
-0.007396363636363636
0.011094545454545454
0.08752363636363636
-0.05362363636363636
-0.001438181818181818
0.11382181818181818
0.007190909090909091
-0.04807636363636364
0.1035490909090909
-0.03410545454545454
-0.011505454545454544
0.09718
-0.15162545454545454
0.08197636363636364
0.026298181818181814
-0.14895454545454545
0.15367999999999998
-0.045816363636363634
-0.06985454545454545
0.18634727272727272
0.07149818181818181
0.012943636363636362
0.12306727272727273
0.09841272727272728
0.04602181818181818
0.1469
0.013149090909090907
-0.07437454545454546
0.1058090909090909
-0.02670909090909091
-0.06636181818181817
0.08218181818181818
-0.09553636363636364
0.03225636363636363
0.1360109090909091
-0.05547272727272727
0.0749909090909091
0.13498363636363636
0.04972
0.11238363636363637
0.0678
-0.06677272727272728
0.06204727272727273
0.045610909090909084
-0.06512909090909091
0.06225272727272727
0.02403818181818182
-0.04602181818181818
0.12697090909090908
0.07909999999999999
-0.04417272727272727
0.10991818181818182
0.07026545454545453
-0.043350909090909086
0.059170909090909087
-0.004930909090909091
0.025476363636363634
0.1865527272727273
-0.04869272727272727
0.01623090909090909
0.19908545454545457
-0.049925454545454544
0.04869272727272727
0.1555290909090909
-0.059170909090909087
-0.03205090909090909
0.12121818181818181
-0.008218181818181819
-0.04828181818181818
0.11793090909090909
-0.1193690909090909
0.04972
0.1479272727272727
-0.21264545454545453
0.13272363636363635
0.09759090909090909
-0.14422909090909092
0.19867454545454544
0.05485636363636363
-0.15367999999999998
0.21798727272727272
0.0895781818181818
-0.07971636363636364
0.09574181818181818
0.031845454545454545
-0.04150181818181818
0.006574545454545454
0.05711636363636363
-0.1374490909090909
0.10539818181818181
0.013765454545454546
0.02486
0.31331818181818183
-0.15142
0.19333272727272727
0.22949272727272724
-0.1645690909090909
-0.006163636363636363
0.03554363636363636
-0.09635818181818182
-0.031845454545454545
0.10827454545454546
-0.04972
0.2586672727272727
0.12902545454545453
0.04376181818181818
0.16066545454545456
0.03616
0.021367272727272728
0.09245454545454544
0.03636545454545455
-0.22846545454545453
0.20093454545454545
-0.09204363636363636
-0.08588
0.09389272727272728
-0.03944727272727273
0.17196545454545456
0.010683636363636364
0.16662363636363633
-0.02218909090909091
0.07026545454545453
0.03246181818181818
-0.009861818181818182
0.06615636363636364
-0.06944363636363636
0.14895454545454545
0.08588
0.05300727272727272
0.02403818181818182
0.11649272727272726
-0.05259636363636363
0.010683636363636364
-0.005547272727272727
0.028352727272727273
0.1292309090909091
-0.007190909090909091
0.23298545454545452
-0.00904
-0.06595090909090909
-0.04746
0.045610909090909084
-0.11217818181818182
-0.15922727272727272
0.013560000000000001
-0.06923818181818181
0.04807636363636364
0.001438181818181818
0.16744545454545454
0.04972
0.10724727272727272
0.1103290909090909
0.0069854545454545456
0.03513272727272727
-0.0678
0.07745636363636363
-0.05136363636363636
-0.1076581818181818
0.04376181818181818
0.16703454545454544
-0.011916363636363636
0.15121454545454543
0.16970545454545455
-0.045816363636363634
0.0918381818181818
-0.08341454545454545
-0.027736363636363635
0.003287272727272727
0.04602181818181818
0.010067272727272725
0.13929818181818182
0.10683636363636365
0.034927272727272723
0.22908181818181816
0.042734545454545456
0.15902181818181815
0.06040363636363636
0.007190909090909091
-0.05691090909090909
0.06225272727272727
0.058349090909090906
-0.18326545454545454
0.08074363636363636
-0.17504727272727272
-0.10601454545454544
0.11238363636363637
0.06389636363636363
0.061841818181818185
-0.013354545454545456
0.04684363636363636
0.10437090909090908
0.18388181818181817
-0.03821454545454545
0.12347818181818182
0.2210690909090909
0.027941818181818182
0.08300363636363636
-0.040063636363636364
-0.09204363636363636
0.05732181818181818
0.007807272727272727
-0.07540181818181818
0.13621636363636364
0.05999272727272727
0.2210690909090909
0.19559272727272728
-0.07314181818181818
0.07458
0.09718
-0.07725090909090909
-0.14279090909090908
0.09533090909090909
-0.24017636363636363
-0.07314181818181818
0.1935381818181818
-0.13046363636363634
0.015614545454545454
0.07540181818181818
0.06122545454545455
0.13025818181818183
0.057527272727272726
-0.11669818181818181
0.17319818181818183
-0.03451636363636364
-0.09820727272727273
0.12943636363636363
-0.06677272727272728
0.05115818181818182
0.06944363636363636
0.17771818181818183
0.06862181818181817
0.05485636363636363
0.06410181818181818
0.10971272727272725
0.11074
-0.012943636363636362
0.11669818181818181
0.035954545454545454
0.0452
0.017463636363636362
0.03451636363636364
-0.2034
-0.043556363636363636
0.008834545454545454
-0.11382181818181818
0.061841818181818185
-0.052390909090909085
0.17525272727272728
0.02362727272727273
0.21757636363636362
-0.07581272727272727
0.05033636363636364
0.09265999999999999
-0.17196545454545456
0.2703781818181818
-0.2052490909090909
0.12594363636363634
0.03472181818181818
0.1826490909090909
-0.02979090909090909
0.05608909090909091
0.29955272727272725
-0.11135636363636363
0.3948836363636363
-0.2409981818181818
0.08588
-0.0749909090909091
0.011094545454545454
0.12429999999999998
-0.17073272727272726
0.06574545454545455
-0.1366272727272727
0.37269454545454545
-0.2833218181818182
0.23442363636363636
0.14484545454545456
-0.09594727272727273
0.15162545454545454
-0.08978363636363636
0.12738181818181818
-0.020956363636363638
0.29174545454545453
-0.18901818181818184
0.2584618181818182
-0.14751636363636364
-0.09286545454545453
0.19703090909090906
-0.22887636363636363
0.048487272727272726
-0.08259272727272728
0.12655999999999998
-0.17771818181818183
0.3205090909090909
0.0063690909090909084
0.15183090909090907
0.19436
-0.08382545454545455
0.23113636363636364
-0.13827090909090908
0.11053454545454545
-0.03307818181818182
0.11505454545454545
-0.26072181818181817
0.1103290909090909
0.12635454545454544
-0.06369090909090909
0.27346
-0.05485636363636363
0.12532727272727273
-0.049925454545454544
-0.0113
-0.10149454545454545
0.24675090909090908
-0.1360109090909091
-0.05341818181818182
0.2590781818181818
-0.21141272727272728
0.1645690909090909
-0.014998181818181817
-0.032872727272727276
0.04869272727272727
0.08012727272727273
-0.11115090909090909
0.1374490909090909
0.1337509090909091
-0.11875272727272726
0.18059454545454545
0.05280181818181818
-0.012532727272727272
0.022805454545454542
0.13128545454545454
-0.09882363636363636
0.035954545454545454
-0.00452
-0.030407272727272724
0.11382181818181818
0.005547272727272727
0.12142363636363637
0.2075090909090909
0.11135636363636363
-0.06800545454545455
0.27366545454545455
-0.12409454545454546
-0.017463636363636362
0.015409090909090907
-0.1894290909090909
0.10293272727272727
-0.09923454545454545
0.10704181818181817
0.04396727272727272
0.1678563636363636
-0.1469
0.10724727272727272
0.17628
-0.17484181818181818
0.18162181818181816
0.06369090909090909
0.06266363636363637
-0.10231636363636364
0.2522981818181818
-0.002876363636363636
0.10950727272727273
0.18449818181818184
-0.1356
0.1999072727272727
-0.13190181818181818
-0.03657090909090909
0.08382545454545455
0.10909636363636364
-0.06595090909090909
0.0990290909090909
0.06389636363636363
-0.04972
0.14032545454545453
-0.06677272727272728
0.07108727272727272
-0.030407272727272724
0.004930909090909091
0.005958181818181818
0.09122181818181817
-0.04807636363636364
0.08444181818181817
0.16888363636363635
-0.16744545454545454
0.08629090909090908
-0.03657090909090909
-0.029174545454545453
-0.03616
0.04437818181818182
-0.06738909090909091
-0.031639999999999995
0.1088909090909091
-0.0678
0.19477090909090908
0.015614545454545454
0.031845454545454545
0.22641090909090908
0.12347818181818182
-0.005136363636363636
0.1321072727272727
0.017463636363636362
-0.04910363636363636
0.14936545454545455
-0.08896181818181817
0.11320545454545454
0.045610909090909084
-0.09265999999999999
0.14422909090909092
-0.0010272727272727274
-0.13087454545454547
0.11279454545454545
0.05485636363636363
-0.12183454545454545
0.10848000000000001
0.050747272727272724
-0.011916363636363636
0.0918381818181818
0.03965272727272728
-0.06101999999999999
0.1088909090909091
0.0447890909090909
-0.05115818181818182
0.18223818181818183
0.10950727272727273
0.11238363636363637
0.22826000000000002
0.11197272727272727
0.030407272727272724
0.22476727272727273
-0.11053454545454545
-0.07437454545454546
0.1397090909090909
-0.23545090909090907
-0.00226
-0.13724363636363635
-0.013354545454545456
0.1637472727272727
-0.0041090909090909095
0.20483818181818178
0.05300727272727272
0.09594727272727273
0.07930545454545455
-0.01725818181818182
0.03451636363636364
-0.00862909090909091
0.0339
0.03020181818181818
-0.1292309090909091
0.005752727272727272
0.00862909090909091
-0.09019454545454544
0.1148490909090909
-0.11238363636363637
-0.03143454545454545
0.04211818181818182
0.0016436363636363634
0.12019090909090908
0.05341818181818182
0.04930909090909091
0.0008218181818181817
0.1653909090909091
0.0447890909090909
0.04047454545454546
0.18758
-0.023216363636363632
0.005136363636363636
0.06512909090909091
-0.13765454545454545
-0.08485272727272727
0.09471454545454545
-0.04376181818181818
0.06841636363636364
-0.011916363636363636
-0.08279818181818181
0.16498
0.10211090909090909
-0.04232363636363636
0.08875636363636363
0.18593636363636362
-0.12779272727272725
0.1678563636363636
0.18059454545454545
-0.10334363636363636
0.2522981818181818
0.03780363636363636
-0.046432727272727264
0.11977999999999998
-0.03328363636363636
0.01664181818181818
0.06225272727272727
-0.10293272727272727
0.05300727272727272
0.19785272727272726
-0.04725454545454546
0.09697454545454545
0.17792363636363634
-0.033489090909090906
-0.005341818181818182
0.07827818181818182
0.0006163636363636364
0.03903636363636363
0.10272727272727272
-0.12902545454545453
0.1370381818181818
0.10868545454545453
-0.026298181818181814
0.23339636363636362
-0.009861818181818182
0.07478545454545454
0.08423636363636364
-0.03451636363636364
-0.09450909090909092
0.02568181818181818
-0.003698181818181818
-0.17648545454545456
0.1193690909090909
-0.07190909090909091
0.04602181818181818
0.14258545454545454
-0.015203636363636362
0.11402727272727273
0.04294
-0.0786890909090909
0.031639999999999995
0.059170909090909087
-0.1314909090909091
0.1676509090909091
-0.04828181818181818
-0.07047090909090908
0.2675018181818182
-0.002876363636363636
-0.014998181818181817
0.06964909090909091
0.09122181818181817
-0.10827454545454546
0.09800181818181818
0.05485636363636363
-0.07396363636363636
0.24695636363636364
0.027736363636363635
0.02075090909090909
0.08711272727272727
-0.04951454545454545
-0.10375454545454545
0.05547272727272727
-0.08690727272727272
-0.08033272727272728
0.11115090909090909
-0.031639999999999995
0.19004545454545455
0.13190181818181818
0.025476363636363634
0.08177090909090909
0.12203999999999998
-0.032872727272727276
-0.008834545454545454
0.10252181818181817
-0.13642181818181817
0.14012
0.03821454545454545
-0.0786890909090909
0.19333272727272727
0.06533454545454545
0.08382545454545455
0.17319818181818183
-0.11916363636363636
-0.08608545454545455
0.15902181818181815
-0.1292309090909091
-0.009245454545454545
0.20894727272727273
-0.02218909090909091
0.03616
0.2387381818181818
0.11813636363636362
0.038419999999999996
0.18223818181818183
-0.03636545454545455
-0.07622363636363635
0.03328363636363636
-0.16498
0.029585454545454543
0.04294
-0.20422181818181817
0.055678181818181814
0.024654545454545453
-0.15635090909090907
0.12039636363636362
0.05629454545454545
-0.052390909090909085
0.09101636363636363
0.013765454545454546
0.09122181818181817
0.13169636363636364
0.054034545454545446
0.11197272727272727
0.12532727272727273
-0.0727309090909091
-0.05999272727272727
0.14340727272727272
-0.07211454545454546
-0.013560000000000001
0.19641454545454545
0.027120000000000002
-0.029174545454545453
0.18203272727272726
0.13765454545454545
0.0895781818181818
0.08403090909090909
-0.10293272727272727
0.08279818181818181
-0.11649272727272726
-0.22538363636363634
0.13354545454545455
-0.00041090909090909085
-0.028352727272727273
0.15306363636363635
0.12039636363636362
-0.031229090909090908
-0.00862909090909091
0.048487272727272726
0.013354545454545456
-0.01725818181818182
-0.04807636363636364
0.07766181818181818
0.16354181818181818
0.07786727272727272
0.08464727272727272
0.15573454545454543
-0.015819999999999997
0.14505090909090906
0.1569672727272727
0.011505454545454544
0.08156545454545455
-0.014381818181818181
0.028147272727272726
-0.08094909090909091
-0.06122545454545455
0.0063690909090909084
0.03780363636363636
0.01705272727272727
-0.00452
0.05526727272727273
-0.11382181818181818
0.0063690909090909084
0.09430363636363637
-0.07889454545454545
0.01849090909090909
0.15203636363636364
0.06636181818181817
0.12512181818181817
0.12286181818181818
-0.040885454545454544
-0.0470490909090909
-0.028969090909090906
-0.010067272727272725
-0.06985454545454545
-0.04930909090909091
0.04951454545454545
0.13539454545454546
0.15799454545454544
-0.0063690909090909084
0.13190181818181818
0.1939490909090909
0.007190909090909091
0.05198
0.05773272727272727
-0.09163272727272727
0.03944727272727273
0.1668290909090909
-0.11012363636363637
-0.04047454545454546
0.04602181818181818
0.05054181818181818
0.12594363636363634
-0.08012727272727273
-0.06348545454545454
0.13107999999999997
-0.06862181818181817
-0.02034
0.2387381818181818
-0.009861818181818182
0.08197636363636364
0.17936181818181818
0.06369090909090909
-0.050747272727272724
0.06553999999999999
-0.0010272727272727274
-0.13190181818181818
0.033694545454545456
-0.2829109090909091
0.030407272727272724
0.10991818181818182
-0.05362363636363636
0.2070981818181818
-0.027530909090909092
-0.0402690909090909
0.2677072727272727
0.12224545454545453
-0.055061818181818184
0.17771818181818183
0.009656363636363637
-0.02157272727272727
0.0940981818181818
-0.013149090909090907
0.0538290909090909
0.16744545454545454
0.02670909090909091
-0.02938
0.1686781818181818
-0.15799454545454544
-0.012532727272727272
0.14566727272727273
-0.21346727272727273
-0.029996363636363634
0.061841818181818185
-0.04232363636363636
0.05465090909090909
0.04109090909090909
-0.03554363636363636
0.13498363636363636
0.05629454545454545
0.02198363636363636
0.16272
0.13025818181818183
0.0967690909090909
0.19086727272727272
0.0628690909090909
-0.1337509090909091
0.13231272727272728
-0.012532727272727272
-0.11279454545454545
0.01890181818181818
-0.029585454545454543
-0.03533818181818182
0.05547272727272727
0.08341454545454545
0.052390909090909085
0.1321072727272727
0.029585454545454543
0.16292545454545454
0.08526363636363636
-0.09820727272727273
0.04889818181818182
0.08711272727272727
-0.10930181818181818
-0.060609090909090904
0.1510090909090909
-0.0402690909090909
0.04602181818181818
0.05362363636363636
-0.04889818181818182
0.049925454545454544
0.03020181818181818
-0.05362363636363636
-0.04314545454545454
0.03903636363636363
-0.05033636363636364
0.20607090909090908
0.0678
-0.11217818181818182
0.2391490909090909
0.02568181818181818
-0.040885454545454544
0.14443454545454545
-0.03657090909090909
-0.11279454545454545
0.1035490909090909
-0.10396
-0.0012327272727272727
0.32379636363636366
-0.06574545454545455
-0.005958181818181818
0.1623090909090909
0.03410545454545454
0.03944727272727273
0.010067272727272725
0.04437818181818182
0.04889818181818182
-0.054034545454545446
-0.19415454545454544
0.12512181818181817
0.25476363636363636
-0.24469636363636363
0.043556363636363636
0.17771818181818183
-0.1366272727272727
0.11402727272727273
-0.01766909090909091
-0.02609272727272727
0.1479272727272727
-0.08156545454545455
0.10375454545454545
0.20668727272727272
-0.006574545454545454
0.1397090909090909
0.2500381818181818
0.02301090909090909
-0.03636545454545455
0.2662690909090909
-0.018285454545454546
-0.21572727272727274
0.2029890909090909
-0.02034
0.02444909090909091
0.02444909090909091
-0.09820727272727273
0.2525036363636364
-0.03451636363636364
-0.08320909090909091
0.17196545454545456
-0.0024654545454545454
-0.14402363636363635
0.07232
0.04437818181818182
-0.14012
0.06410181818181818
0.059787272727272724
-0.01808
0.09533090909090909
0.037598181818181815
0.04869272727272727
0.19826363636363634
-0.11423272727272726
0.08526363636363636
0.2672963636363636
-0.15367999999999998
0.07478545454545454
0.12368363636363637
-0.035749090909090904
-0.047665454545454546
-0.06964909090909091
0.001438181818181818
0.056705454545454545
-0.01808
-0.07909999999999999
0.12368363636363637
0.10046727272727272
0.031845454545454545
0.06595090909090909
0.04047454545454546
-0.017463636363636362
0.10272727272727272
-0.05362363636363636
-0.09245454545454544
0.12512181818181817
-0.14032545454545453
0.07725090909090909
-0.03780363636363636
0.028763636363636363
0.28455454545454545
-0.005752727272727272
0.04951454545454545
-0.05732181818181818
0.14381818181818182
0.01849090909090909
-0.03451636363636364
0.11895818181818181
-0.08978363636363636
0.12902545454545453
0.07848363636363635
0.0538290909090909
0.23750545454545452
0.07745636363636363
-0.0470490909090909
0.14669454545454544
0.003698181818181818
-0.020956363636363638
0.08629090909090908
-0.11895818181818181
-0.04294
0.00226
0.030407272727272724
-0.07047090909090908
0.1569672727272727
0.1569672727272727
-0.08403090909090909
0.12060181818181817
0.001438181818181818
0.029996363636363634
0.16066545454545456
-0.011094545454545454
-0.113
0.15902181818181815
0.014587272727272727
-0.06307454545454545
0.08855090909090908
-0.08526363636363636
0.033694545454545456
0.02075090909090909
-0.06944363636363636
0.004314545454545455
0.17402
0.1125890909090909
0.08074363636363636
0.04951454545454545
-0.04889818181818182
0.05341818181818182
-0.01808
-0.02691454545454545
0.02403818181818182
-0.07560727272727272
-0.10683636363636365
0.1577890909090909
0.007396363636363636
0.03985818181818182
0.24859999999999996
0.005341818181818182
0.14217454545454544
0.15902181818181815
-0.09142727272727272
-0.06903272727272727
0.07622363636363635
-0.16744545454545454
-0.13231272727272728
0.07170363636363636
-0.09204363636363636
0.15594
0.19600363636363635
-0.028969090909090906
0.16272
0.12635454545454544
0.03985818181818182
0.12717636363636362
-0.0940981818181818
0.020545454545454544
0.12799818181818182
-0.030407272727272724
0.029174545454545453
0.05054181818181818
0.02198363636363636
-0.024654545454545453
0.10786363636363637
0.05198
0.010478181818181819
0.1962090909090909
-0.00041090909090909085
0.08341454545454545
0.16169272727272727
-0.08937272727272727
0.10067272727272727
0.1351890909090909
-0.0678
-0.08793454545454545
0.01766909090909091
-0.13724363636363635
-0.08094909090909091
0.11834181818181817
-0.07006
0.1555290909090909
0.07971636363636364
0.034310909090909086
0.13868181818181818
-0.027120000000000002
-0.05115818181818182
0.007190909090909091
0.09512545454545453
-0.2516818181818182
-0.004930909090909091
0.1370381818181818
-0.014176363636363636
0.1826490909090909
0.003287272727272727
0.12532727272727273
0.08978363636363636
-0.05958181818181818
0.1125890909090909
0.08896181818181817
-0.23606727272727274
-0.02362727272727273
0.13005272727272726
-0.1686781818181818
0.0764290909090909
0.1076581818181818
-0.015203636363636362
0.10046727272727272
0.22086363636363635
-0.007807272727272727
0.09492
0.08834545454545455
-0.18552545454545455
0.13231272727272728
-0.01725818181818182
-0.08341454545454545
0.08094909090909091
-0.021367272727272728
-0.16621272727272726
0.04746
0.07766181818181818
-0.1351890909090909
0.12635454545454544
0.0226
0.037598181818181815
0.1808
0.09533090909090909
0.16847272727272727
0.21634363636363635
0.019723636363636363
0.07478545454545454
0.10827454545454546
-0.18449818181818184
0.08464727272727272
0.06533454545454545
-0.06101999999999999
0.1171090909090909
0.11053454545454545
0.055061818181818184
0.15840545454545454
0.11793090909090909
-0.041707272727272725
0.14566727272727273
-0.15902181818181815
-0.15388545454545455
0.0990290909090909
-0.13272363636363635
-0.05115818181818182
0.08382545454545455
0.03903636363636363
0.048487272727272726
0.1499818181818182
-0.04068
-0.005341818181818182
0.19415454545454544
-0.07519636363636363
-0.01623090909090909
0.08382545454545455
-0.003698181818181818
0.12532727272727273
0.0063690909090909084
-0.020956363636363638
0.16518545454545455
0.037598181818181815
-0.02938
0.07622363636363635
0.043556363636363636
-0.08464727272727272
0.04417272727272727
0.1088909090909091
-0.03739272727272727
0.09430363636363637
0.007396363636363636
0.0565
0.08012727272727273
-0.1645690909090909
-0.014176363636363636
0.02157272727272727
-0.16046
0.008834545454545454
0.09944
-0.08423636363636364
0.07704545454545454
0.21922
0.1103290909090909
-0.0067800000000000004
0.025065454545454544
-0.03636545454545455
0.0063690909090909084
-0.0020545454545454547
-0.04622727272727272
0.21552181818181818
0.05198
-0.05136363636363636
0.21346727272727273
0.12758727272727272
-0.10087818181818181
0.2301090909090909
0.13457272727272726
-0.16292545454545454
0.07293636363636363
-0.00226
0.06718363636363636
0.09923454545454545
-0.02650363636363636
-0.03903636363636363
0.05855454545454545
-0.025887272727272724
-0.030612727272727274
0.18860727272727273
-0.09265999999999999
0.005547272727272727
0.16128181818181817
-0.04211818181818182
-0.001438181818181818
0.18470363636363635
0.07601818181818182
0.03780363636363636
0.1148490909090909
-0.15080363636363636
0.06081454545454545
0.05013090909090909
-0.1495709090909091
0.004725454545454545
0.0034927272727272728
-0.04211818181818182
0.09635818181818182
0.17854
-0.02239454545454545
0.12820363636363635
0.07478545454545454
-0.05958181818181818
0.12943636363636363
-0.05280181818181818
-0.02362727272727273
0.23442363636363636
-0.041912727272727275
-0.015203636363636362
0.19086727272727272
0.00226
0.07766181818181818
0.15388545454545455
-0.013560000000000001
-0.06266363636363637
0.043556363636363636
-0.03780363636363636
0.005136363636363636
0.01890181818181818
-0.11074
0.02034
0.08423636363636364
-0.07252545454545453
0.02198363636363636
0.11772545454545454
-0.031229090909090908
0.004314545454545455
0.07252545454545453
0.20031818181818178
0.04869272727272727
0.04109090909090909
0.19888
0.1360109090909091
-0.05526727272727273
-0.2181927272727273
0.13827090909090908
-0.01725818181818182
-0.26010545454545453
-0.08320909090909091
0.14135272727272727
0.1483381818181818
-0.11567090909090909
0.10375454545454545
0.25784545454545454
0.10498727272727272
-0.10806909090909089
0.04930909090909091
0.113
-0.06204727272727273
0.002670909090909091
0.008012727272727272
-0.01849090909090909
0.030407272727272724
0.1678563636363636
-0.05177454545454545
0.010683636363636364
0.11916363636363636
0.03800909090909091
-0.03718727272727273
-0.17628
0.07190909090909091
0.03985818181818182
-0.04109090909090909
0.03225636363636363
0.2368890909090909
0.08505818181818181
-0.08403090909090909
0.28763636363636363
0.10683636363636365
-0.06636181818181817
0.06122545454545455
0.0628690909090909
0.11115090909090909
0.10087818181818181
-0.05300727272727272
0.16148727272727273
0.19477090909090908
-0.1469
-0.00041090909090909085
-0.0041090909090909095
-0.06410181818181818
-0.01171090909090909
-0.00041090909090909085
-0.06451272727272726
0.05054181818181818
0.18018363636363635
-0.0741690909090909
0.14813272727272728
0.06471818181818181
-0.11423272727272726
0.16949999999999998
0.001438181818181818
-0.11074
0.042734545454545456
-0.005547272727272727
0.04972
0.11094545454545454
-0.07930545454545455
0.11361636363636363
0.22230181818181818
-0.06389636363636363
0.0041090909090909095
0.08238727272727273
-0.06327999999999999
0.0538290909090909
0.04376181818181818
-0.02403818181818182
0.02568181818181818
0.005958181818181818
0.16518545454545455
-0.04232363636363636
0.06862181818181817
0.10334363636363636
-0.09450909090909092
0.09964545454545454
-0.20894727272727273
0.1370381818181818
0.09533090909090909
-0.24983272727272726
0.1296418181818182
-0.06389636363636363
-0.01890181818181818
0.0470490909090909
0.003287272727272727
0.1999072727272727
0.049925454545454544
-0.06163636363636363
0.22148
0.1678563636363636
0.06266363636363637
0.17689636363636363
0.06595090909090909
0.00945090909090909
-0.012121818181818182
0.05300727272727272
0.028352727272727273
-0.014998181818181817
0.01992909090909091
0.023216363636363632
0.04314545454545454
0.011094545454545454
0.08896181818181817
0.14895454545454545
-0.0069854545454545456
-0.06122545454545455
0.14176363636363634
0.051569090909090905
-0.06143090909090909
0.1325181818181818
-0.052390909090909085
-0.11238363636363637
0.08259272727272728
-0.03225636363636363
0.10848000000000001
0.0904
-0.030818181818181814
0.1808
-0.028558181818181816
-0.10498727272727272
0.15840545454545454
0.06923818181818181
-0.048487272727272726
0.054034545454545446
0.06800545454545455
-0.03985818181818182
0.07930545454545455
0.08094909090909091
-0.029174545454545453
0.06553999999999999
-0.08875636363636363
-0.06225272727272727
0.12758727272727272
-0.08136
-0.10909636363636364
0.13190181818181818
-0.08772909090909091
-0.16169272727272727
0.2997581818181818
0.012121818181818182
-0.02075090909090909
0.3079763636363636
-0.05793818181818181
0.024243636363636363
0.15881636363636362
-0.11875272727272726
0.13991454545454546
0.11608181818181817
-0.14628363636363637
-0.027736363636363635
0.09224909090909092
-0.0008218181818181817
-0.22497272727272724
0.25989999999999996
-0.22682181818181818
0.17771818181818183
0.22764363636363635
-0.2555854545454545
0.6408127272727273
-0.13929818181818182
0.12409454545454546
0.08444181818181817
-0.003698181818181818
0.15162545454545454
-0.09697454545454545
0.14073636363636363
-0.15491272727272726
0.22209636363636362
-0.20175636363636362
0.15984363636363638
0.13868181818181818
-0.1296418181818182
0.2890745454545454
0.06862181818181817
-0.03328363636363636
-0.015614545454545454
0.2465454545454545
-0.3198927272727272
0.055883636363636364
-0.05177454545454545
-0.11074
0.1894290909090909
-0.07745636363636363
0.23935454545454546
0.1668290909090909
0.1125890909090909
-0.1916890909090909
0.29626545454545455
-0.14772181818181818
-0.12224545454545453
0.21141272727272728
-0.21326181818181816
0.1325181818181818
-0.17997818181818181
0.14525636363636363
0.11176727272727273
-0.02075090909090909
-0.03410545454545454
0.14587272727272727
0.11094545454545454
-0.10991818181818182
0.15018727272727272
-0.0008218181818181817
0.03616
-0.11587636363636362
0.17525272727272728
-0.07704545454545454
-0.012532727272727272
0.052390909090909085
-0.11957454545454545
0.0990290909090909
-0.23113636363636364
0.04129636363636364
0.10950727272727273
0.04746
-0.015409090909090907
0.20874181818181817
0.07622363636363635
-0.024654545454545453
0.17628
-0.06615636363636364
0.016025454545454544
-0.05773272727272727
0.08711272727272727
0.0063690909090909084
0.06471818181818181
0.1325181818181818
0.059170909090909087
0.20874181818181817
-0.008012727272727272
-0.001438181818181818
0.16991090909090908
-0.035749090909090904
-0.06903272727272727
0.06430727272727273
-0.17155454545454543
0.13087454545454547
0.14751636363636364
0.06348545454545454
0.2149054545454545
0.14813272727272728
0.040063636363636364
0.038625454545454546
0.22908181818181816
-0.21511090909090907
-0.026298181818181814
-0.11834181818181817
-0.16518545454545455
0.03472181818181818
-0.17196545454545456
0.13621636363636364
-0.05876
0.15614545454545453
-0.03246181818181818
0.010067272727272725
0.23052
-0.05198
0.24181999999999998
0.0452
0.02198363636363636
0.1341618181818182
-0.00452
0.05033636363636364
0.08177090909090909
-0.17710181818181817
0.07704545454545454
0.010683636363636364
-0.08115454545454545
0.13539454545454546
-0.020956363636363638
0.18059454545454545
-0.005341818181818182
0.17895090909090908
0.07088181818181817
-0.07951090909090908
0.0990290909090909
-0.14484545454545456
0.07683999999999999
-0.13724363636363635
-0.1881963636363636
0.1600490909090909
-0.016025454545454544
-0.012327272727272727
0.1454618181818182
-0.09224909090909092
0.05608909090909091
0.11176727272727273
-0.012738181818181817
0.12080727272727272
-0.0805381818181818
0.14505090909090906
0.12019090909090908
0.03718727272727273
0.17977272727272728
0.05218545454545454
0.13169636363636364
0.08875636363636363
0.08094909090909091
-0.00041090909090909085
-0.04211818181818182
0.06697818181818181
0.0339
-0.06327999999999999
-0.005341818181818182
0.01664181818181818
-0.008218181818181819
0.10437090909090908
-0.05896545454545454
-0.00226
0.0402690909090909
-0.13929818181818182
0.1012890909090909
0.08259272727272728
-0.07211454545454546
0.1341618181818182
0.13272363636363635
0.054240000000000003
-0.01890181818181818
-0.07334727272727272
0.02527090909090909
-0.02691454545454545
0.019107272727272726
-0.09389272727272728
0.007190909090909091
0.16518545454545455
0.00862909090909091
0.2849654545454545
0.19189454545454546
-0.03944727272727273
0.18223818181818183
0.06204727272727273
-0.1633363636363636
0.09019454545454544
-0.01890181818181818
-0.07232
0.06348545454545454
-0.17525272727272728
0.09204363636363636
0.15676181818181817
-0.05218545454545454
0.0678
0.1483381818181818
-0.08423636363636364
-0.10457636363636363
0.21059090909090908
0.06512909090909091
0.06656727272727272
0.1586109090909091
-0.035954545454545454
0.06821090909090909
0.11361636363636363
-0.12943636363636363
0.019312727272727273
0.04889818181818182
-0.1637472727272727
0.04129636363636364
-0.07601818181818182
-0.10786363636363637
0.20812545454545453
0.06430727272727273
-0.08300363636363636
0.2029890909090909
0.15059818181818183
-0.002670909090909091
0.2455181818181818
0.03636545454545455
-0.040885454545454544
0.08772909090909091
-0.1193690909090909
0.0339
0.1329290909090909
-0.06841636363636364
0.08156545454545455
0.1296418181818182
0.005136363636363636
0.0565
-0.024243636363636363
-0.09286545454545453
0.06492363636363636
0.040885454545454544
-0.09635818181818182
0.014176363636363636
-0.012532727272727272
0.01664181818181818
0.08485272727272727
-0.0069854545454545456
-0.010683636363636364
0.17340363636363634
0.09574181818181818
-0.041707272727272725
0.18881272727272727
-0.027120000000000002
0.028969090909090906
0.18922363636363634
-0.07889454545454545
0.001849090909090909
0.03410545454545454
-0.02157272727272727
0.01992909090909091
-0.07293636363636363
-0.07375818181818182
0.15265272727272727
0.09142727272727272
0.08793454545454545
0.13477818181818182
0.13457272727272726
0.026298181818181814
0.02979090909090909
0.09964545454545454
-0.10396
-0.0010272727272727274
-0.06389636363636363
0.0805381818181818
-0.058349090909090906
0.06923818181818181
0.06656727272727272
-0.07951090909090908
0.22538363636363634
-0.17381454545454544
0.23832727272727272
0.005752727272727272
-0.07108727272727272
0.3020181818181818
-0.1840872727272727
0.10211090909090909
0.07458
-0.06101999999999999
0.11197272727272727
0.1035490909090909
-0.055678181818181814
0.10231636363636364
0.10457636363636363
-0.040885454545454544
0.03903636363636363
-0.013354545454545456
-0.00452
-0.062458181818181815
0.24346363636363635
-0.08033272727272728
0.04437818181818182
0.1499818181818182
-0.19312727272727273
0.17566363636363633
-0.055883636363636364
-0.03944727272727273
0.07766181818181818
0.02670909090909091
0.0034927272727272728
0.11587636363636362
0.01725818181818182
-0.07355272727272727
0.1678563636363636
-0.08033272727272728
-0.1088909090909091
0.038625454545454546
0.00862909090909091
-0.034310909090909086
0.1193690909090909
-0.020545454545454544
0.13477818181818182
0.2147
-0.05876
0.21018
0.09635818181818182
0.04417272727272727
0.12060181818181817
0.03143454545454545
-0.12306727272727273
0.02075090909090909
0.08341454545454545
-0.0786890909090909
0.11361636363636363
0.049925454545454544
0.019312727272727273
0.06677272727272728
0.024243636363636363
-0.02013454545454545
0.09964545454545454
-0.0067800000000000004
-0.02239454545454545
0.12429999999999998
-0.13950363636363636
0.05937636363636363
0.1125890909090909
-0.055061818181818184
0.12347818181818182
0.07745636363636363
-0.040063636363636364
0.19970181818181817
0.15367999999999998
-0.07170363636363636
0.17771818181818183
0.04150181818181818
0.030818181818181814
0.14361272727272725
-0.038625454545454546
0.02362727272727273
-0.045610909090909084
-0.04663818181818182
-0.03246181818181818
-0.03780363636363636
0.0063690909090909084
-0.020545454545454544
0.04294
0.07786727272727272
0.02301090909090909
0.08608545454545455
0.10087818181818181
0.02362727272727273
-0.028558181818181816
-0.15224181818181817
0.012327272727272727
0.028969090909090906
-0.06923818181818181
0.009861818181818182
0.02218909090909091
0.1088909090909091
0.15224181818181817
0.08731818181818181
0.02342181818181818
0.02444909090909091
-0.014176363636363636
0.06327999999999999
0.05485636363636363
-0.005958181818181818
0.03554363636363636
0.07478545454545454
0.17155454545454543
-0.05095272727272727
0.03636545454545455
0.13724363636363635
-0.07437454545454546
0.12203999999999998
-0.040885454545454544
-0.12594363636363634
0.1356
-0.051569090909090905
-0.07375818181818182
0.0741690909090909
-0.06143090909090909
0.06143090909090909
0.2829109090909091
0.12450545454545454
0.02301090909090909
0.16888363636363635
0.02979090909090909
0.01705272727272727
0.14053090909090907
-0.12224545454545453
0.12080727272727272
0.09512545454545453
-0.11176727272727273
0.08567454545454545
-0.12676545454545454
0.015409090909090907
0.1464890909090909
-0.06821090909090909
-0.06101999999999999
0.08279818181818181
0.10560363636363636
0.059787272727272724
0.1577890909090909
-0.019723636363636363
-0.04807636363636364
0.14381818181818182
-0.05526727272727273
-0.043556363636363636
0.12203999999999998
-0.15819999999999998
0.09265999999999999
0.17422545454545454
-0.18326545454545454
0.20586545454545455
0.17052727272727272
-0.005547272727272727
0.07026545454545453
-0.10416545454545453
-0.16970545454545455
0.02938
-0.09142727272727272
-0.21716545454545452
0.1329290909090909
-0.036776363636363635
0.07745636363636363
0.24675090909090908
0.12265636363636362
0.1645690909090909
0.07108727272727272
0.07149818181818181
0.009245454545454545
0.054034545454545446
-0.06985454545454545
0.04129636363636364
0.15676181818181817
-0.11669818181818181
0.06800545454545455
0.08218181818181818
-0.02116181818181818
0.16251454545454544
0.07827818181818182
-0.1088909090909091
0.08423636363636364
0.08505818181818181
0.02486
0.1415581818181818
-0.027941818181818182
0.05013090909090909
0.14607818181818183
0.06143090909090909
-0.05896545454545454
-0.011094545454545454
-0.047665454545454546
-0.09430363636363637
0.1360109090909091
-0.06327999999999999
-0.0008218181818181817
0.21511090909090907
0.11752
0.01664181818181818
0.035954545454545454
0.033489090909090906
-0.06019818181818181
0.06718363636363636
-0.0727309090909091
-0.05896545454545454
0.0967690909090909
-0.02609272727272727
0.12882
0.18984
0.02362727272727273
0.13888727272727272
0.10930181818181818
-0.09060545454545453
0.031845454545454545
-0.1012890909090909
-0.1610763636363636
0.11628727272727273
0.05177454545454545
-0.14135272727272727
0.06718363636363636
0.22764363636363635
0.051569090909090905
0.19127818181818182
0.07909999999999999
-0.14464
0.06122545454545455
-0.05259636363636363
-0.1499818181818182
0.06964909090909091
-0.11813636363636362
-0.10087818181818181
0.14505090909090906
-0.13457272727272726
0.03533818181818182
0.22867090909090906
0.014792727272727272
0.041912727272727275
0.09820727272727273
0.059787272727272724
0.21326181818181816
0.19867454545454544
-0.04396727272727272
0.09245454545454544
0.04684363636363636
-0.043350909090909086
0.05608909090909091
0.048487272727272726
-0.10087818181818181
-0.0030818181818181817
0.06225272727272727
-0.06471818181818181
0.3987872727272727
0.12060181818181817
-0.10560363636363636
0.26791272727272725
-0.061841818181818185
0.0041090909090909095
-0.09861818181818181
-0.0678
0.11752
-0.1577890909090909
-0.08444181818181817
0.001438181818181818
0.22826000000000002
0.13539454545454546
-0.029585454545454543
0.13477818181818182
-0.04540545454545454
-0.02239454545454545
0.19045636363636362
-0.042734545454545456
0.06533454545454545
0.05814363636363636
-0.010272727272727272
0.20648181818181818
-0.08670181818181817
0.1826490909090909
0.20607090909090908
-0.00452
0.07807272727272727
-0.0008218181818181817
0.02527090909090909
-0.19826363636363634
0.07047090909090908
0.07149818181818181
-0.1524472727272727
-0.05711636363636363
0.005958181818181818
0.1668290909090909
-0.035954545454545454
-0.11628727272727273
0.10211090909090909
-0.012532727272727272
-0.048487272727272726
0.19477090909090908
0.05814363636363636
0.014176363636363636
0.08731818181818181
0.10437090909090908
0.00904
-0.10293272727272727
0.03985818181818182
-0.01623090909090909
0.011094545454545454
-0.02609272727272727
-0.021778181818181818
0.14813272727272728
0.0786890909090909
0.10272727272727272
0.1808
0.04129636363636364
-0.00945090909090909
0.11772545454545454
0.009245454545454545
-0.029585454545454543
0.03636545454545455
-0.07129272727272727
0.013354545454545456
0.09923454545454545
0.008834545454545454
0.05896545454545454
0.10683636363636365
0.1284090909090909
-0.04684363636363636
0.031229090909090908
-0.006574545454545454
0.031845454545454545
0.19538727272727272
-0.2301090909090909
0.12820363636363635
-0.0113
-0.002670909090909091
0.09820727272727273
0.0339
0.019723636363636363
-0.0452
0.2732545454545454
-0.32400181818181817
0.2658581818181818
-0.04951454545454545
0.016436363636363638
0.28475999999999996
-0.2898963636363636
0.2829109090909091
-0.02034
0.15922727272727272
-0.08300363636363636
0.17176
-0.04129636363636364
-0.11875272727272726
0.2732545454545454
-0.1370381818181818
0.2465454545454545
-0.04068
0.12861454545454545
0.03780363636363636
0.07047090909090908
-0.16970545454545455
0.07026545454545453
0.07396363636363636
-0.3057163636363636
0.2633927272727273
-0.1999072727272727
0.1284090909090909
0.04458363636363636
0.11094545454545454
0.03698181818181818
0.05095272727272727
0.12388909090909091
0.003698181818181818
0.23832727272727272
-0.19086727272727272
0.25394181818181816
-0.03205090909090909
0.040063636363636364
0.05444545454545455
0.04211818181818182
0.045816363636363634
-0.07581272727272727
0.06307454545454545
-0.25764
0.22086363636363635
-0.1314909090909091
0.020545454545454544
0.13827090909090908
0.07026545454545453
0.042734545454545456
0.001849090909090909
0.17607454545454546
-0.03410545454545454
0.2097690909090909
-0.22682181818181818
0.026298181818181814
0.07375818181818182
-0.04458363636363636
0.014587272727272727
0.044994545454545454
0.08855090909090908
-0.12697090909090908
0.18141636363636363
-0.12019090909090908
0.08362
0.08834545454545455
-0.021778181818181818
0.02218909090909091
0.01766909090909091
0.04458363636363636
0.008218181818181819
0.25106545454545454
-0.03410545454545454
0.17792363636363634
0.09060545454545453
-0.03616
0.10396
0.035954545454545454
-0.07006
0.06225272727272727
0.07190909090909091
-0.07704545454545454
0.2206581818181818
-0.09163272727272727
0.03636545454545455
0.0895781818181818
0.055678181818181814
-0.02650363636363636
0.0447890909090909
0.10519272727272726
-0.16621272727272726
0.30427818181818184
-0.09656363636363637
0.00041090909090909085
0.1676509090909091
-0.09759090909090909
0.10950727272727273
0.04109090909090909
-0.0741690909090909
0.06327999999999999
0.1631309090909091
-0.14751636363636364
0.13868181818181818
0.0452
0.05773272727272727
0.1454618181818182
0.05300727272727272
0.17463636363636362
-0.00041090909090909085
0.058349090909090906
-0.07786727272727272
0.13354545454545455
-0.10005636363636364
-0.1171090909090909
0.22209636363636362
-0.10683636363636365
-0.0008218181818181817
0.06574545454545455
-0.04376181818181818
0.04725454545454546
0.07622363636363635
-0.09450909090909092
0.05711636363636363
-0.04910363636363636
-0.09265999999999999
0.1479272727272727
-0.06101999999999999
-0.019518181818181816
0.14936545454545455
0.09450909090909092
-0.07006
0.21983636363636364
0.09471454545454545
-0.055883636363636364
0.2635981818181818
-0.028558181818181816
0.03636545454545455
0.15162545454545454
-0.11197272727272727
0.009656363636363637
0.14813272727272728
-0.12183454545454545
-0.0041090909090909095
0.06677272727272728
-0.11053454545454545
0.08916727272727272
0.06882727272727272
0.02157272727272727
0.10416545454545453
0.13087454545454547
-0.02362727272727273
0.04602181818181818
0.10971272727272725
-0.09265999999999999
0.05177454545454545
-0.00020545454545454542
-0.09348181818181817
0.10190545454545454
0.014998181818181817
0.028969090909090906
0.23504
0.03616
0.04663818181818182
0.14669454545454544
-0.05095272727272727
0.027736363636363635
0.1058090909090909
0.01171090909090909
0.035954545454545454
0.11854727272727272
0.0447890909090909
0.07930545454545455
0.14874909090909091
-0.014587272727272727
-0.013560000000000001
0.1360109090909091
-0.09553636363636364
-0.09985090909090909
0.08670181818181817
-0.16066545454545456
-0.0063690909090909084
0.006163636363636363
-0.1329290909090909
0.1551181818181818
0.13457272727272726
-0.0113
0.08896181818181817
0.09307090909090908
0.02486
0.1555290909090909
0.04787090909090909
-0.04314545454545454
0.06204727272727273
0.02527090909090909
-0.07889454545454545
0.048487272727272726
-0.039241818181818176
-0.19518181818181818
0.1370381818181818
-0.06882727272727272
-0.05526727272727273
0.1865527272727273
0.005752727272727272
0.13169636363636364
0.20997454545454544
0.0226
0.02527090909090909
0.19312727272727273
-0.03246181818181818
-0.021367272727272728
0.042734545454545456
-0.11895818181818181
0.04602181818181818
0.11690363636363636
-0.051569090909090905
0.10539818181818181
0.20381090909090907
-0.001438181818181818
0.2514763636363636
0.03205090909090909
-0.0904
0.0565
-0.10334363636363636
-0.07334727272727272
-0.1321072727272727
0.01705272727272727
-0.030407272727272724
0.13128545454545454
0.13169636363636364
0.04787090909090909
0.30037454545454545
0.04314545454545454
0.09841272727272728
0.16641818181818183
-0.05526727272727273
0.001438181818181818
0.08752363636363636
-0.08320909090909091
0.019312727272727273
0.09122181818181817
-0.07683999999999999
0.05937636363636363
0.03246181818181818
0.030612727272727274
0.07232
0.07396363636363636
-0.026298181818181814
0.03410545454545454
0.10087818181818181
-0.03020181818181818
0.09327636363636364
0.021778181818181818
-0.07211454545454546
-0.01766909090909091
0.003287272727272727
-0.10683636363636365
-0.013149090909090907
0.04746
-0.015614545454545454
0.15306363636363635
0.04376181818181818
0.03821454545454545
0.15450181818181818
-0.02116181818181818
-0.07725090909090909
0.08896181818181817
-0.07786727272727272
-0.06492363636363636
0.09327636363636364
-0.07560727272727272
0.062458181818181815
0.1103290909090909
0.07848363636363635
0.16415818181818181
0.11752
0.025065454545454544
0.10272727272727272
0.0786890909090909
-0.1088909090909091
0.04458363636363636
0.04109090909090909
-0.08485272727272727
0.11854727272727272
0.13313454545454545
-0.007190909090909091
0.16703454545454544
0.09697454545454545
-0.03225636363636363
0.09656363636363637
-0.05198
-0.041912727272727275
0.035749090909090904
-0.08937272727272727
0.016847272727272728
0.020956363636363638
-0.11875272727272726
0.08197636363636364
0.11382181818181818
-0.08567454545454545
0.10991818181818182
0.16128181818181817
-0.029585454545454543
0.13107999999999997
0.15922727272727272
0.01890181818181818
0.1962090909090909
0.03657090909090909
-0.06040363636363636
0.1586109090909091
-0.08588
-0.09204363636363636
0.07047090909090908
-0.05732181818181818
-0.03472181818181818
0.16189818181818183
0.09450909090909092
0.04663818181818182
0.21963090909090907
0.050747272727272724
0.04376181818181818
0.04930909090909091
-0.19045636363636362
0.025476363636363634
0.021367272727272728
-0.19682545454545455
0.05259636363636363
-0.002876363636363636
-0.06903272727272727
0.16929454545454545
0.028558181818181816
0.005136363636363636
0.11916363636363636
0.0226
0.025065454545454544
0.08855090909090908
0.01849090909090909
0.010683636363636364
0.17176
-0.020956363636363638
0.04150181818181818
0.17114363636363633
-0.03944727272727273
0.15614545454545453
0.11772545454545454
-0.06410181818181818
-0.037598181818181815
0.0895781818181818
-0.02218909090909091
0.02301090909090909
0.1058090909090909
-0.1261490909090909
0.15717272727272727
-0.018696363636363636
-0.11669818181818181
0.017874545454545452
-0.07971636363636364
0.03472181818181818
0.034310909090909086
0.10437090909090908
-0.049925454545454544
0.19045636363636362
0.11772545454545454
-0.0538290909090909
0.18573090909090906
-0.08238727272727273
-0.005958181818181818
0.04869272727272727
-0.06389636363636363
0.004314545454545455
0.10026181818181817
-0.02034
0.08998909090909091
0.18901818181818184
0.027325454545454545
0.041912727272727275
0.07601818181818182
0.027530909090909092
-0.05526727272727273
0.11957454545454545
-0.1261490909090909
0.08177090909090909
0.08300363636363636
-0.1076581818181818
0.21860363636363636
-0.0538290909090909
0.001438181818181818
0.13642181818181817
-0.012532727272727272
-0.13621636363636364
0.1495709090909091
0.07149818181818181
-0.08362
0.18203272727272726
0.02670909090909091
0.012943636363636362
0.12779272727272725
0.030407272727272724
-0.09635818181818182
0.19025090909090905
-0.11669818181818181
-0.13046363636363634
0.1555290909090909
-0.15573454545454543
0.13436727272727272
0.20052363636363635
0.013765454545454546
0.10087818181818181
0.2307254545454545
-0.0030818181818181817
0.11772545454545454
0.15142
-0.17997818181818181
0.11382181818181818
-0.054240000000000003
-0.14525636363636363
0.08362
0.015203636363636362
-0.033694545454545456
0.09635818181818182
0.02157272727272727
-0.03800909090909091
0.17730727272727273
-0.04787090909090909
0.02444909090909091
0.16600727272727273
-0.08279818181818181
-0.05444545454545455
0.13169636363636364
-0.012943636363636362
-0.014381818181818181
0.14381818181818182
-0.03225636363636363
0.03636545454545455
0.048487272727272726
0.014998181818181817
0.09245454545454544
0.10498727272727272
-0.028352727272727273
0.019107272727272726
0.09019454545454544
-0.08464727272727272
0.02938
-0.08300363636363636
-0.07396363636363636
0.03636545454545455
-0.05280181818181818
0.07149818181818181
0.0805381818181818
0.07293636363636363
0.14505090909090906
0.14874909090909091
0.06410181818181818
0.008834545454545454
0.10498727272727272
0.025887272727272724
-0.12409454545454546
0.017874545454545452
-0.00862909090909091
-0.04294
0.08752363636363636
-0.04109090909090909
0.046432727272727264
0.06266363636363637
0.01992909090909091
0.14299636363636362
0.005136363636363636
0.01664181818181818
0.0786890909090909
0.06430727272727273
-0.005341818181818182
0.06410181818181818
0.12224545454545453
0.013970909090909091
0.14813272727272728
0.13477818181818182
-0.03328363636363636
0.045816363636363634
0.05958181818181818
-0.011094545454545454
0.07807272727272727
-0.013560000000000001
0.015614545454545454
0.1374490909090909
-0.04232363636363636
0.0008218181818181817
0.11115090909090909
-0.08855090909090908
-0.034310909090909086
0.10293272727272727
-0.11279454545454545
-0.0012327272727272727
0.17032181818181816
-0.028558181818181816
0.02568181818181818
0.1088909090909091
-0.040063636363636364
0.04294
0.11834181818181817
-0.055061818181818184
0.053212727272727266
0.03143454545454545
-0.1321072727272727
0.14443454545454545
0.041912727272727275
-0.07108727272727272
0.17402
0.07355272727272727
0.051569090909090905
0.17319818181818183
-0.03410545454545454
-0.03903636363636363
0.11834181818181817
-0.09122181818181817
-0.01725818181818182
0.06862181818181817
-0.09081090909090908
0.048487272727272726
0.09450909090909092
-0.06595090909090909
0.06348545454545454
0.12512181818181817
-0.058349090909090906
0.038419999999999996
0.05608909090909091
-0.08814
0.046432727272727264
0.044994545454545454
0.009245454545454545
0.12779272727272725
-0.01849090909090909
0.017463636363636362
0.18449818181818184
0.08259272727272728
0.043350909090909086
0.15121454545454543
0.039241818181818176
0.013354545454545456
0.2120290909090909
0.027736363636363635
0.02198363636363636
0.11402727272727273
-0.05136363636363636
0.03533818181818182
-0.030612727272727274
-0.12491636363636363
0.034927272727272723
-0.0226
-0.09944
0.08526363636363636
0.07766181818181818
-0.01890181818181818
0.11464363636363636
0.11772545454545454
0.014381818181818181
0.08238727272727273
0.03533818181818182
-0.07211454545454546
0.05629454545454545
-0.03965272727272728
-0.01725818181818182
0.11793090909090909
-0.03533818181818182
0.06985454545454545
0.13765454545454545
-0.09101636363636363
-0.004930909090909091
0.20196181818181816
-0.03903636363636363
-0.0226
0.11074
-0.06636181818181817
0.06369090909090909
0.1284090909090909
-0.019107272727272726
0.06327999999999999
0.08731818181818181
-0.08670181818181817
0.0749909090909091
0.05115818181818182
-0.17936181818181818
0.06800545454545455
0.07006
-0.08505818181818181
0.044994545454545454
0.09122181818181817
-0.05198
0.15799454545454544
0.1374490909090909
-0.09307090909090908
0.20833090909090907
0.012738181818181817
-0.03780363636363636
0.20607090909090908
-0.0452
-0.013765454545454546
0.18737454545454543
-0.02034
-0.08731818181818181
0.08670181818181817
-0.06369090909090909
0.016847272727272728
0.15717272727272727
-0.02527090909090909
0.06307454545454545
0.1723763636363636
0.052390909090909085
0.12820363636363635
0.11977999999999998
-0.05362363636363636
0.12306727272727273
0.02218909090909091
-0.19477090909090908
0.05033636363636364
0.03616
-0.08382545454545455
0.12779272727272725
0.09615272727272728
-0.007807272727272727
0.17710181818181817
0.00945090909090909
0.0063690909090909084
0.09964545454545454
-0.21305636363636363
-0.09368727272727272
0.029174545454545453
-0.16703454545454544
0.014176363636363636
0.15532363636363636
-0.05177454545454545
0.16641818181818183
0.2459290909090909
-0.0565
0.07766181818181818
0.12491636363636363
-0.09368727272727272
0.027120000000000002
0.045610909090909084
-0.09779636363636364
0.10663090909090908
0.019312727272727273
-0.02116181818181818
0.14237999999999998
-0.027530909090909092
-0.04294
0.1247109090909091
0.039241818181818176
-0.06759454545454545
0.1017
0.03944727272727273
0.04930909090909091
0.14073636363636363
-0.00041090909090909085
0.03821454545454545
0.10930181818181818
-0.03698181818181818
-0.023832727272727273
0.005752727272727272
-0.1608709090909091
0.08731818181818181
0.06471818181818181
-0.05999272727272727
0.12491636363636363
0.12368363636363637
0.09759090909090909
0.09553636363636364
0.06677272727272728
-0.06266363636363637
0.10067272727272727
0.05177454545454545
-0.06615636363636364
0.09492
0.024243636363636363
0.07396363636363636
0.15840545454545454
0.08423636363636364
0.008218181818181819
0.13477818181818182
-0.03636545454545455
-0.1171090909090909
0.06307454545454545
-0.08279818181818181
-0.04787090909090909
0.07314181818181818
0.08937272727272727
0.009861818181818182
0.1483381818181818
0.08834545454545455
0.08937272727272727
0.11752
-0.18984
0.05444545454545455
0.00945090909090909
-0.16272
0.046432727272727264
-0.0226
-0.15758363636363634
0.0764290909090909
0.10930181818181818
-0.08711272727272727
0.10971272727272725
0.15265272727272727
-0.006574545454545454
0.06122545454545455
0.14053090909090907
-0.01623090909090909
0.14669454545454544
0.10005636363636364
-0.1292309090909091
0.13827090909090908
-0.06656727272727272
-0.11793090909090909
0.16415818181818181
-0.05526727272727273
-0.030612727272727274
0.13991454545454546
-0.027941818181818182
0.10190545454545454
0.13498363636363636
-0.009656363636363637
0.12429999999999998
0.031639999999999995
-0.0678
0.01808
0.027120000000000002
-0.12676545454545454
0.054034545454545446
0.13190181818181818
-0.09779636363636364
0.14012
0.08362
0.04047454545454546
0.14977636363636362
-0.10950727272727273
-0.016436363636363638
0.10724727272727272
-0.05814363636363636
0.0764290909090909
0.14361272727272725
0.005958181818181818
0.09327636363636364
0.17525272727272728
0.14237999999999998
0.07129272727272727
0.0895781818181818
-0.0113
0.010272727272727272
-0.01725818181818182
-0.12902545454545453
0.1193690909090909
-0.030818181818181814
-0.02301090909090909
0.0741690909090909
-0.10539818181818181
0.05691090909090909
0.05444545454545455
-0.04622727272727272
0.0008218181818181817
0.0039036363636363635
-0.02670909090909091
0.11690363636363636
0.14669454545454544
-0.027736363636363635
0.06677272727272728
0.1325181818181818
-0.027736363636363635
-0.05033636363636364
0.06677272727272728
-0.05937636363636363
-0.02218909090909091
0.11998545454545453
-0.06595090909090909
0.047665454545454546
0.1668290909090909
0.025065454545454544
0.07478545454545454
0.09307090909090908
-0.01808
0.048487272727272726
0.04068
-0.07663454545454546
0.08136
0.010683636363636364
-0.07190909090909091
0.15758363636363634
0.06821090909090909
-0.08772909090909091
0.11895818181818181
0.05033636363636364
-0.14936545454545455
0.16148727272727273
0.029174545454545453
-0.09204363636363636
0.11176727272727273
-0.021778181818181818
0.05855454545454545
0.07745636363636363
-0.012121818181818182
0.09327636363636364
0.13272363636363635
-0.17648545454545456
-0.02362727272727273
0.14813272727272728
-0.14710545454545454
0.08937272727272727
0.09923454545454545
-0.04294
0.08608545454545455
0.14813272727272728
0.013149090909090907
0.1483381818181818
0.1397090909090909
-0.10704181818181817
0.13498363636363636
-0.10231636363636364
-0.03636545454545455
0.1939490909090909
-0.03410545454545454
-0.007807272727272727
0.10108363636363636
0.01766909090909091
-0.009656363636363637
0.16498
-0.113
-0.012121818181818182
0.11053454545454545
-0.08012727272727273
0.031023636363636364
0.04930909090909091
-0.027120000000000002
0.04129636363636364
0.09964545454545454
-0.08320909090909091
0.15265272727272727
0.09163272727272727
0.018285454545454546
0.1939490909090909
-0.02218909090909091
0.035954545454545454
0.13909272727272726
0.06964909090909091
-0.013560000000000001
0.054034545454545446
-0.08855090909090908
-0.054240000000000003
0.08978363636363636
-0.15409090909090908
-0.06595090909090909
0.13046363636363634
0.027941818181818182
0.045816363636363634
0.22497272727272724
0.028147272727272726
0.07129272727272727
0.10704181818181817
-0.10478181818181817
0.019312727272727273
0.004930909090909091
-0.06677272727272728
0.00041090909090909085
0.059787272727272724
-0.03554363636363636
0.0538290909090909
0.04622727272727272
-0.08998909090909091
0.07211454545454546
0.043556363636363636
-0.08485272727272727
0.042734545454545456
0.059787272727272724
-0.12203999999999998
0.12203999999999998
0.1296418181818182
-0.028352727272727273
0.16724
0.11916363636363636
0.03246181818181818
0.08690727272727272
0.061841818181818185
-0.005958181818181818
0.06451272727272726
-0.10868545454545453
-0.01623090909090909
0.12717636363636362
-0.08464727272727272
0.06307454545454545
0.11895818181818181
-0.06101999999999999
-0.07108727272727272
0.08012727272727273
-0.030818181818181814
0.027120000000000002
0.12286181818181818
0.04807636363636364
0.0447890909090909
0.02527090909090909
0.12553272727272727
0.04725454545454546
0.08238727272727273
0.03205090909090909
0.1058090909090909
0.0339
-0.1292309090909091
0.18758
0.028558181818181816
-0.009656363636363637
0.11115090909090909
0.06307454545454545
0.0678
0.09985090909090909
0.10560363636363636
0.045816363636363634
0.006163636363636363
-0.07992181818181819
0.06636181818181817
-0.01705272727272727
-0.05485636363636363
0.06163636363636363
0.05177454545454545
-0.05033636363636364
0.08464727272727272
0.11628727272727273
-0.09286545454545453
0.10005636363636364
-0.011505454545454544
-0.008834545454545454
-0.001438181818181818
-0.09327636363636364
0.03883090909090909
0.006574545454545454
-0.06225272727272727
0.04047454545454546
0.1682672727272727
-0.0402690909090909
0.10067272727272727
0.17032181818181816
-0.007601818181818181
0.10149454545454545
0.13169636363636364
0.014998181818181817
-0.03513272727272727
0.04725454545454546
-0.04540545454545454
0.034927272727272723
-0.06389636363636363
-0.08033272727272728
0.12984727272727273
-0.07252545454545453
-0.024654545454545453
0.09245454545454544
0.03985818181818182
0.021778181818181818
0.08937272727272727
0.03739272727272727
-0.03451636363636364
0.03821454545454545
-0.02218909090909091
-0.014792727272727272
0.014998181818181817
-0.04294
0.04602181818181818
0.20874181818181817
0.04930909090909091
0.03472181818181818
0.1419690909090909
0.014792727272727272
0.09163272727272727
0.10190545454545454
-0.018285454545454546
-0.014176363636363636
0.08937272727272727
0.03636545454545455
0.051569090909090905
0.13046363636363634
-0.006574545454545454
0.0805381818181818
0.14587272727272727
-0.05793818181818181
0.010272727272727272
0.10519272727272726
-0.07909999999999999
0.03800909090909091
-0.0565
-0.1623090909090909
0.19908545454545457
0.06677272727272728
-0.028558181818181816
0.18675818181818182
0.02301090909090909
0.024654545454545453
0.1894290909090909
0.027530909090909092
-0.015819999999999997
0.04951454545454545
-0.0678
-0.030407272727272724
0.07745636363636363
-0.1247109090909091
-0.03903636363636363
0.16292545454545454
-0.19600363636363635
-0.009245454545454545
0.226
-0.13765454545454545
0.14710545454545454
0.2740763636363636
-0.16025454545454546
0.05218545454545454
0.22497272727272724
-0.04417272727272727
0.07951090909090908
-0.012121818181818182
-0.1374490909090909
0.09718
-0.11074
-0.15183090909090907
0.15573454545454543
-0.003287272727272727
-0.05876
0.20134545454545455
0.05341818181818182
-0.011505454545454544
0.13868181818181818
-0.001438181818181818
-0.05876
0.03965272727272728
-0.11053454545454545
-0.05300727272727272
0.1292309090909091
-0.0016436363636363634
0.1791563636363636
0.07601818181818182
0.035954545454545454
0.30242909090909087
0.014792727272727272
0.0
0.14279090909090908
-0.03451636363636364
-0.06512909090909091
0.07971636363636364
-0.012943636363636362
-0.03328363636363636
0.03328363636363636
0.08875636363636363
0.06595090909090909
0.0
0.10745272727272726
0.05485636363636363
0.11977999999999998
-0.04602181818181818
0.12224545454545453
0.17032181818181816
-0.16251454545454544
0.16046
0.06964909090909091
-0.08033272727272728
-0.027941818181818182
-0.05465090909090909
-0.014998181818181817
-0.02013454545454545
-0.033489090909090906
0.08670181818181817
0.1337509090909091
-0.0402690909090909
0.08259272727272728
0.18470363636363635
0.01171090909090909
-0.12019090909090908
0.13272363636363635
-0.05773272727272727
-0.15306363636363635
0.14237999999999998
-0.06348545454545454
0.058349090909090906
0.09923454545454545
0.05362363636363636
0.14484545454545456
0.10149454545454545
-0.027941818181818182
-0.02670909090909091
0.07581272727272727
-0.20031818181818178
-0.09882363636363636
0.12491636363636363
-0.0678
0.02609272727272727
0.1723763636363636
-0.023216363636363632
0.1360109090909091
0.13477818181818182
-0.08485272727272727
0.12799818181818182
-0.04396727272727272
-0.11074
0.07006
-0.06410181818181818
-0.059787272727272724
0.06615636363636364
-0.013970909090909091
0.008834545454545454
0.16662363636363633
0.04294
0.03883090909090909
0.17628
-0.006163636363636363
-0.03307818181818182
0.24716181818181818
0.005136363636363636
0.04314545454545454
0.21346727272727273
-0.113
0.0678
0.058349090909090906
-0.10231636363636364
0.035954545454545454
0.02301090909090909
0.007601818181818181
0.13169636363636364
0.1017
0.010683636363636364
0.1721709090909091
0.08752363636363636
-0.03718727272727273
0.009656363636363637
-0.047665454545454546
-0.1076581818181818
-0.015203636363636362
-0.06225272727272727
-0.01849090909090909
0.1682672727272727
-0.07026545454545453
0.06862181818181817
0.17360909090909088
-0.010478181818181819
0.1397090909090909
0.032667272727272725
-0.08937272727272727
0.08485272727272727
0.08875636363636363
-0.06225272727272727
0.04663818181818182
0.0895781818181818
0.007807272727272727
0.1171090909090909
0.03533818181818182
-0.04294
0.1469
-0.027736363636363635
-0.1329290909090909
0.04540545454545454
-0.019107272727272726
0.03616
0.05855454545454545
0.0012327272727272727
-0.00452
0.031845454545454545
0.00904
-0.03451636363636364
0.015614545454545454
-0.0764290909090909
0.03636545454545455
0.13272363636363635
0.043350909090909086
0.07951090909090908
0.03143454545454545
-0.014176363636363636
0.08423636363636364
0.030818181818181814
-0.10457636363636363
0.012532727272727272
0.08711272727272727
-0.019518181818181816
0.039241818181818176
0.1171090909090909
0.06492363636363636
0.13436727272727272
0.16949999999999998
0.05814363636363636
0.007807272727272727
0.038419999999999996
-0.04376181818181818
0.029996363636363634
0.012121818181818182
-0.12697090909090908
0.11012363636363637
-0.02075090909090909
-0.007190909090909091
0.17751272727272727
-0.037598181818181815
0.010272727272727272
0.1296418181818182
-0.011916363636363636
-0.09944
0.113
0.07334727272727272
-0.027941818181818182
0.1017
0.029585454545454543
0.034927272727272723
0.08670181818181817
-0.05999272727272727
0.06389636363636363
0.013354545454545456
-0.23524545454545454
0.0967690909090909
0.12347818181818182
-0.08033272727272728
0.10868545454545453
0.13107999999999997
0.07601818181818182
0.1555290909090909
0.028763636363636363
0.03410545454545454
0.16292545454545454
-0.05054181818181818
-0.029996363636363634
0.0069854545454545456
-0.08136
0.09163272727272727
0.15347454545454545
-0.10437090909090908
-0.029174545454545453
0.19312727272727273
-0.05937636363636363
0.016847272727272728
0.05218545454545454
-0.08670181818181817
0.05465090909090909
0.026298181818181814
-0.029996363636363634
0.0727309090909091
0.08814
-0.005958181818181818
0.14936545454545455
0.028147272727272726
-0.06697818181818181
0.1840872727272727
0.05814363636363636
0.00041090909090909085
0.09718
-0.05259636363636363
-0.019312727272727273
0.15717272727272727
-0.07745636363636363
-0.054034545454545446
0.007807272727272727
-0.1017
-0.008012727272727272
-0.02342181818181818
0.00862909090909091
0.017463636363636362
0.17936181818181818
0.06040363636363636
0.06862181818181817
0.17381454545454544
-0.04232363636363636
0.08177090909090909
-0.04129636363636364
-0.12121818181818181
0.005547272727272727
-0.0012327272727272727
-0.07519636363636363
0.05033636363636364
0.09307090909090908
-0.032667272727272725
0.09841272727272728
0.06512909090909091
0.07375818181818182
0.03883090909090909
-0.01705272727272727
0.01171090909090909
0.11320545454545454
0.05115818181818182
-0.04437818181818182
0.19271636363636363
0.06595090909090909
0.05896545454545454
0.18244363636363634
0.026298181818181814
0.017463636363636362
0.09697454545454545
-0.02157272727272727
0.005752727272727272
0.04211818181818182
-0.07786727272727272
0.15922727272727272
0.06348545454545454
-0.08403090909090909
0.09081090909090908
0.045610909090909084
-0.12039636363636362
0.06451272727272726
0.12635454545454544
-0.13087454545454547
0.11094545454545454
0.05177454545454545
-0.018285454545454546
0.18018363636363635
0.007807272727272727
-0.003287272727272727
0.13231272727272728
0.022805454545454542
-0.03636545454545455
0.10046727272727272
-0.08177090909090909
0.032872727272727276
0.18634727272727272
-0.08752363636363636
0.03472181818181818
0.18573090909090906
-0.004725454545454545
-0.020956363636363638
0.0967690909090909
-0.11012363636363637
-0.04129636363636364
-0.01623090909090909
-0.14176363636363634
0.04663818181818182
0.00452
0.014587272727272727
0.13950363636363636
0.07540181818181818
0.010272727272727272
0.11916363636363636
-0.0006163636363636364
-0.05218545454545454
0.08115454545454545
-0.09820727272727273
-0.08341454545454545
0.017874545454545452
-0.016025454545454544
0.06225272727272727
0.10724727272727272
-0.02218909090909091
0.09697454545454545
0.21100181818181818
0.006163636363636363
0.18018363636363635
0.16066545454545456
-0.02362727272727273
0.13457272727272726
0.04807636363636364
-0.013149090909090907
0.05485636363636363
-0.0039036363636363635
-0.0402690909090909
-0.040885454545454544
-0.0402690909090909
0.012532727272727272
0.06451272727272726
-0.038625454545454546
0.011094545454545454
0.1577890909090909
0.0034927272727272728
0.04211818181818182
0.17422545454545454
-0.04889818181818182
-0.00862909090909091
0.055678181818181814
-0.09759090909090909
0.03739272727272727
0.05547272727272727
0.06944363636363636
0.12738181818181818
0.05136363636363636
0.05773272727272727
0.0741690909090909
0.04294
-0.034927272727272723
0.05013090909090909
-0.01992909090909091
-0.11505454545454545
0.09553636363636364
0.07232
-0.032667272727272725
0.06101999999999999
0.048487272727272726
0.03965272727272728
0.09265999999999999
-0.005752727272727272
-0.050747272727272724
0.013560000000000001
-0.00452
-0.06369090909090909
-0.025065454545454544
-0.007190909090909091
0.029585454545454543
0.14402363636363635
-0.028969090909090906
0.007396363636363636
0.21223454545454545
-0.02403818181818182
0.08752363636363636
0.14053090909090907
-0.08629090909090908
0.10724727272727272
0.06882727272727272
-0.05177454545454545
0.008423636363636364
-0.021778181818181818
-0.05280181818181818
0.009245454545454545
0.008423636363636364
0.00862909090909091
0.14217454545454544
0.08608545454545455
0.09964545454545454
0.2116181818181818
0.11320545454545454
-0.019518181818181816
0.1808
0.09081090909090908
-0.16272
0.09861818181818181
-0.046432727272727264
-0.1610763636363636
0.03821454545454545
0.0069854545454545456
0.055678181818181814
0.08197636363636364
0.08197636363636364
0.18531999999999998
0.0741690909090909
-0.11628727272727273
0.028763636363636363
-0.03328363636363636
-0.19127818181818182
-0.07951090909090908
0.029174545454545453
0.025065454545454544
0.05876
0.17319818181818183
0.15758363636363634
0.2023727272727273
0.08259272727272728
0.06985454545454545
0.13457272727272726
-0.10231636363636364
-0.05218545454545454
0.06430727272727273
-0.2120290909090909
-0.10313818181818181
0.113
-0.15080363636363636
0.02075090909090909
0.10252181818181817
0.02979090909090909
0.05218545454545454
0.06553999999999999
0.08875636363636363
0.012943636363636362
0.16354181818181818
-0.05033636363636364
0.05711636363636363
0.12265636363636362
-0.16600727272727273
0.1058090909090909
0.0113
-0.17504727272727272
0.004930909090909091
-0.014176363636363636
-0.06656727272727272
0.08259272727272728
0.10519272727272726
0.008218181818181819
0.059170909090909087
0.13847636363636362
0.061841818181818185
0.025887272727272724
0.04150181818181818
0.03472181818181818
0.19189454545454546
-0.07971636363636364
-0.03883090909090909
0.33406909090909087
-0.007396363636363636
0.05814363636363636
0.2625709090909091
-0.0727309090909091
-0.0039036363636363635
0.14977636363636362
-0.19929090909090907
-0.06841636363636364
0.037598181818181815
-0.1284090909090909
0.10704181818181817
0.07149818181818181
0.027325454545454545
0.12820363636363635
0.1678563636363636
-0.02527090909090909
0.08546909090909091
0.14854363636363635
-0.28188363636363634
0.11752
0.13909272727272726
-0.22394545454545453
0.04725454545454546
-0.05999272727272727
-0.050747272727272724
0.1479272727272727
-0.05444545454545455
0.012327272727272727
0.18100545454545455
-0.007190909090909091
0.10971272727272725
0.18059454545454545
-0.027120000000000002
0.04211818181818182
0.15121454545454543
-0.06821090909090909
-0.05526727272727273
0.12265636363636362
-0.1758690909090909
0.041912727272727275
0.08300363636363636
-0.2075090909090909
0.1351890909090909
0.09492
-0.005547272727272727
0.16806181818181817
0.019723636363636363
-0.04458363636363636
0.13827090909090908
-0.01623090909090909
-0.14012
0.0452
-0.04807636363636364
-0.08464727272727272
0.11567090909090909
0.023216363636363632
0.07129272727272727
0.18162181818181816
-0.05136363636363636
0.10601454545454544
0.09820727272727273
-0.14607818181818183
0.12224545454545453
0.11156181818181818
-0.07293636363636363
0.05280181818181818
0.05115818181818182
0.09820727272727273
0.2147
0.06738909090909091
0.03451636363636364
0.11608181818181817
0.02938
-0.08136
-0.014381818181818181
-0.01992909090909091
-0.032872727272727276
0.1284090909090909
-0.0764290909090909
-0.035954545454545454
0.10334363636363636
-0.028763636363636363
0.05958181818181818
0.008012727272727272
-0.02157272727272727
0.04417272727272727
0.11567090909090909
0.06903272727272727
0.07519636363636363
0.07232
-0.00452
0.08218181818181818
-0.014587272727272727
-0.06266363636363637
-0.035749090909090904
-0.08300363636363636
-0.0069854545454545456
0.09307090909090908
-0.03965272727272728
0.03143454545454545
0.22312363636363636
0.11423272727272726
0.004314545454545455
0.1035490909090909
0.12429999999999998
-0.04417272727272727
0.11156181818181818
-0.029174545454545453
-0.09574181818181818
0.14607818181818183
-0.06040363636363636
0.0010272727272727274
0.13354545454545455
-0.08423636363636364
-0.06163636363636363
0.11094545454545454
-0.10252181818181817
-0.010683636363636364
0.06081454545454545
-0.1555290909090909
0.13909272727272726
0.08423636363636364
-0.040885454545454544
0.1464890909090909
0.13272363636363635
0.0339
0.09553636363636364
0.09861818181818181
-0.12861454545454545
0.041707272727272725
0.044994545454545454
-0.07704545454545454
0.1411472727272727
0.027941818181818182
0.008012727272727272
0.19497636363636361
-0.040063636363636364
-0.02218909090909091
0.18285454545454544
-0.06718363636363636
0.013970909090909091
0.04232363636363636
-0.17155454545454543
0.11793090909090909
0.13477818181818182
-0.0727309090909091
0.13334
0.06204727272727273
-0.019107272727272726
0.1721709090909091
0.010478181818181819
-0.06533454545454545
0.1296418181818182
0.059787272727272724
-0.1569672727272727
0.045816363636363634
0.029996363636363634
-0.05937636363636363
0.13621636363636364
-0.05958181818181818
0.01992909090909091
0.15018727272727272
0.014176363636363636
0.1058090909090909
0.12450545454545454
-0.004725454545454545
0.09512545454545453
0.09779636363636364
-0.01705272727272727
0.043556363636363636
-0.054240000000000003
-0.10026181818181817
-0.02075090909090909
-0.04068
-0.1088909090909091
0.11074
0.1017
0.03143454545454545
0.21018
0.002876363636363636
0.0805381818181818
0.1499818181818182
-0.024243636363636363
-0.027530909090909092
0.018285454545454546
-0.04458363636363636
-0.08608545454545455
0.09492
-0.006163636363636363
-0.05177454545454545
0.08752363636363636
0.03780363636363636
-0.0470490909090909
0.13950363636363636
0.059787272727272724
-0.025476363636363634
0.0918381818181818
-0.056705454545454545
0.14895454545454545
0.054034545454545446
-0.012943636363636362
0.18347090909090907
0.10498727272727272
-0.01890181818181818
-0.033694545454545456
0.08382545454545455
-0.06964909090909091
0.05013090909090909
0.03739272727272727
-0.11669818181818181
0.10724727272727272
0.05136363636363636
-0.06410181818181818
0.10868545454545453
0.007190909090909091
-0.1479272727272727
0.16272
0.020956363636363638
-0.09492
0.1686781818181818
0.02444909090909091
-0.007807272727272727
0.20483818181818178
0.038419999999999996
-0.0805381818181818
0.2188090909090909
0.011094545454545454
-0.03225636363636363
0.10087818181818181
-0.12984727272727273
0.041912727272727275
0.11669818181818181
-0.014792727272727272
0.02218909090909091
0.12738181818181818
0.0749909090909091
0.17525272727272728
0.12039636363636362
-0.06903272727272727
0.12532727272727273
0.015614545454545454
-0.06369090909090909
0.014998181818181817
-0.04109090909090909
-0.031845454545454545
0.1397090909090909
-0.010067272727272725
-0.10971272727272725
0.21100181818181818
0.0041090909090909095
0.023832727272727273
0.18675818181818182
-0.16025454545454546
-0.03020181818181818
0.11690363636363636
-0.11341090909090909
0.08978363636363636
0.08526363636363636
-0.06738909090909091
0.13005272727272726
0.09430363636363637
0.03513272727272727
0.09245454545454544
0.17504727272727272
0.034927272727272723
0.03246181818181818
0.0628690909090909
-0.1193690909090909
0.15080363636363636
0.019312727272727273
-0.16970545454545455
0.059170909090909087
-0.10827454545454546
-0.07725090909090909
0.09471454545454545
-0.02218909090909091
-0.002670909090909091
0.09635818181818182
0.010272727272727272
0.04150181818181818
0.09779636363636364
0.006574545454545454
0.00020545454545454542
0.01705272727272727
-0.10046727272727272
-0.0447890909090909
0.08300363636363636
-0.08998909090909091
0.06985454545454545
0.1600490909090909
0.05485636363636363
0.1826490909090909
0.08937272727272727
0.04047454545454546
0.07601818181818182
0.001438181818181818
-0.05465090909090909
0.06430727272727273
0.035749090909090904
-0.10087818181818181
0.12799818181818182
0.06143090909090909
-0.035954545454545454
0.2229181818181818
0.04869272727272727
-0.03657090909090909
0.1325181818181818
-0.0764290909090909
-0.01808
0.12450545454545454
-0.11752
-0.013560000000000001
0.1686781818181818
-0.032667272727272725
0.0538290909090909
0.22435636363636363
0.001438181818181818
0.09101636363636363
0.12984727272727273
-0.05115818181818182
0.15676181818181817
0.07458
-0.09882363636363636
0.10971272727272725
0.05629454545454545
-0.14012
0.07909999999999999
0.08567454545454545
-0.17340363636363634
0.1148490909090909
0.013560000000000001
-0.08649636363636364
0.26791272727272725
-0.013765454545454546
0.06738909090909091
0.22374
-0.06697818181818181
0.04787090909090909
0.1058090909090909
-0.09635818181818182
-0.09142727272727272
0.01992909090909091
-0.1653909090909091
-0.08505818181818181
0.11423272727272726
-0.03205090909090909
0.08197636363636364
0.1495709090909091
-0.02527090909090909
0.1012890909090909
0.010067272727272725
-0.1577890909090909
0.09492
-0.09492
-0.11217818181818182
0.08485272727272727
-0.04684363636363636
0.09122181818181817
0.15388545454545455
0.07314181818181818
0.052390909090909085
0.16189818181818183
0.08218181818181818
0.03410545454545454
0.1012890909090909
-0.06019818181818181
0.03225636363636363
0.09594727272727273
-0.06985454545454545
-0.01664181818181818
0.11094545454545454
-0.03554363636363636
0.0805381818181818
0.05013090909090909
-0.04129636363636364
0.12943636363636363
0.030818181818181814
0.10272727272727272
0.042734545454545456
0.06410181818181818
0.08649636363636364
0.06430727272727273
0.02486
-0.09245454545454544
0.04376181818181818
-0.11382181818181818
-0.016025454545454544
0.08444181818181817
-0.011094545454545454
0.06143090909090909
0.14669454545454544
0.11628727272727273
0.03903636363636363
0.1103290909090909
0.0016436363636363634
0.08793454545454545
0.015614545454545454
-0.1351890909090909
0.07827818181818182
0.0967690909090909
-0.06471818181818181
0.14340727272727272
0.2592836363636364
-0.05629454545454545
0.08279818181818181
0.0904
-0.1329290909090909
-0.06040363636363636
-0.002876363636363636
-0.1017
-0.05937636363636363
-0.010889090909090909
-0.05773272727272727
0.1682672727272727
0.0226
0.01664181818181818
0.22435636363636363
-0.04540545454545454
-0.08629090909090908
0.12327272727272726
-0.05526727272727273
-0.07375818181818182
0.15018727272727272
-0.11341090909090909
-0.09944
0.14381818181818182
0.031229090909090908
0.06492363636363636
0.14484545454545456
-0.02979090909090909
0.08711272727272727
0.1325181818181818
-0.07745636363636363
0.18429272727272727
0.10663090909090908
-0.13457272727272726
0.13642181818181817
0.06677272727272728
-0.21059090909090908
0.08279818181818181
0.14813272727272728
-0.11197272727272727
0.09985090909090909
0.08649636363636364
0.036776363636363635
0.18573090909090906
0.08218181818181818
0.06225272727272727
0.06697818181818181
-0.06204727272727273
-0.031229090909090908
0.038419999999999996
-0.1261490909090909
-0.07375818181818182
0.09307090909090908
-0.025887272727272724
0.04458363636363636
0.19456545454545454
-0.033489090909090906
0.07951090909090908
0.15635090909090907
-0.07889454545454545
0.12655999999999998
-0.024654545454545453
-0.008423636363636364
0.226
-0.0805381818181818
0.040063636363636364
0.16518545454545455
0.03225636363636363
0.08711272727272727
0.10313818181818181
0.025887272727272724
-0.0764290909090909
0.011916363636363636
0.01171090909090909
-0.07663454545454546
-0.006163636363636363
-0.05115818181818182
0.0538290909090909
0.13087454545454547
-0.1351890909090909
0.02486
0.15655636363636363
-0.07951090909090908
0.04746
0.034927272727272723
-0.02979090909090909
0.10478181818181817
0.07375818181818182
0.053212727272727266
0.031023636363636364
-0.013765454545454546
-0.018285454545454546
0.0940981818181818
-0.015203636363636362
-0.1370381818181818
0.10026181818181817
0.07560727272727272
-0.03410545454545454
0.14443454545454545
0.11669818181818181
0.02342181818181818
0.2023727272727273
0.04807636363636364
-0.017463636363636362
0.07519636363636363
-0.08505818181818181
0.07519636363636363
0.020545454545454544
-0.15902181818181815
0.05259636363636363
0.11793090909090909
-0.06430727272727273
0.0749909090909091
0.12799818181818182
-0.10868545454545453
0.08136
0.03944727272727273
-0.08033272727272728
0.08300363636363636
0.05444545454545455
-0.08567454545454545
0.11053454545454545
0.10745272727272726
-0.12717636363636362
0.21305636363636363
0.05711636363636363
-0.00226
0.1103290909090909
-0.11279454545454545
0.05095272727272727
0.13868181818181818
0.05526727272727273
-0.014381818181818181
0.10005636363636364
-0.045610909090909084
-0.009861818181818182
0.1727872727272727
-0.08341454545454545
-0.02239454545454545
0.08814
-0.08238727272727273
0.05280181818181818
0.07992181818181819
-0.08875636363636363
0.22415090909090907
0.05115818181818182
-0.06882727272727272
0.16806181818181817
-0.03944727272727273
0.04109090909090909
0.15532363636363636
-0.033489090909090906
-0.05773272727272727
0.17258181818181817
0.06081454545454545
-0.007807272727272727
0.12039636363636362
-0.01725818181818182
-0.007807272727272727
0.1257381818181818
0.00226
-0.0402690909090909
0.14710545454545454
-0.05793818181818181
0.049925454545454544
0.11238363636363637
-0.08772909090909091
0.15347454545454545
0.04294
-0.05896545454545454
0.06163636363636363
-0.0113
-0.08115454545454545
0.07437454545454546
0.09553636363636364
-0.03780363636363636
0.035954545454545454
0.12758727272727272
0.08444181818181817
-0.015614545454545454
0.0
-0.043350909090909086
0.003287272727272727
-0.1171090909090909
-0.07540181818181818
0.15162545454545454
-0.08403090909090909
-0.025476363636363634
0.1148490909090909
0.03451636363636364
-0.00945090909090909
0.0764290909090909
0.13231272727272728
0.06656727272727272
0.033694545454545456
-0.04622727272727272
0.07889454545454545
0.06841636363636364
0.01171090909090909
0.12532727272727273
0.04807636363636364
0.00226
0.11464363636363636
0.044994545454545454
-0.0678
0.06512909090909091
0.0447890909090909
-0.02527090909090909
0.01849090909090909
0.03225636363636363
0.04129636363636364
0.06019818181818181
0.0
0.009245454545454545
0.09738545454545454
-0.09738545454545454
0.028763636363636363
0.18223818181818183
-0.09882363636363636
0.06759454545454545
0.22230181818181818
-0.036776363636363635
0.059787272727272724
0.1586109090909091
0.020956363636363638
0.07786727272727272
0.06738909090909091
-0.004314545454545455
0.06389636363636363
0.02444909090909091
-0.03739272727272727
0.15902181818181815
0.058349090909090906
-0.08711272727272727
0.21572727272727274
0.11567090909090909
-0.09163272727272727
0.0895781818181818
-0.02301090909090909
-0.11649272727272726
0.0904
-0.03328363636363636
-0.06923818181818181
0.09142727272727272
-0.005341818181818182
0.08793454545454545
0.10704181818181817
-0.12635454545454544
0.09820727272727273
0.15943272727272728
-0.17628
0.00041090909090909085
0.08998909090909091
-0.11793090909090909
0.03410545454545454
0.06410181818181818
-0.03513272727272727
0.11526
0.03903636363636363
-0.019518181818181816
0.20381090909090907
0.07314181818181818
0.08115454545454545
0.19189454545454546
-0.04068
-0.015203636363636362
0.08074363636363636
0.005136363636363636
-0.056705454545454545
0.028147272727272726
-0.07293636363636363
-0.11156181818181818
0.04109090909090909
-0.08382545454545455
0.03657090909090909
0.07396363636363636
-0.01705272727272727
0.17956727272727271
0.08834545454545455
0.0039036363636363635
0.15388545454545455
0.07314181818181818
0.011505454545454544
0.01766909090909091
-0.04129636363636364
-0.008423636363636364
0.05259636363636363
0.09553636363636364
0.03800909090909091
0.07560727272727272
0.09389272727272728
0.010683636363636364
0.11341090909090909
0.0402690909090909
-0.07252545454545453
0.11957454545454545
0.08074363636363636
-0.05177454545454545
0.15409090909090908
0.02444909090909091
0.004930909090909091
0.17956727272727271
-0.009861818181818182
0.06697818181818181
0.048487272727272726
-0.08074363636363636
-0.030407272727272724
0.02116181818181818
-0.1306690909090909
-0.06266363636363637
0.12429999999999998
-0.08341454545454545
0.06677272727272728
0.12388909090909091
-0.05115818181818182
0.07786727272727272
0.18306
0.003287272727272727
0.09286545454545453
0.10663090909090908
-0.05485636363636363
0.1791563636363636
-0.06553999999999999
-0.10108363636363636
0.12820363636363635
-0.06019818181818181
-0.1329290909090909
0.05444545454545455
0.02650363636363636
-0.07437454545454546
0.2229181818181818
0.07232
0.05896545454545454
0.20894727272727273
0.02362727272727273
0.12594363636363634
0.13539454545454546
-0.14176363636363634
-0.030818181818181814
0.07951090909090908
-0.23586181818181817
0.004725454545454545
0.07026545454545453
-0.01705272727272727
0.12039636363636362
0.16251454545454544
0.1337509090909091
0.033694545454545456
0.06800545454545455
-0.10108363636363636
0.06451272727272726
-0.06759454545454545
-0.15039272727272726
0.12409454545454546
-0.09327636363636364
0.06512909090909091
0.28825272727272727
0.016025454545454544
0.12655999999999998
0.3198927272727272
-0.04663818181818182
0.06738909090909091
0.012943636363636362
-0.06841636363636364
0.10437090909090908
-0.14977636363636362
-0.07047090909090908
0.033489090909090906
-0.005547272727272727
-0.07745636363636363
0.1871690909090909
0.09738545454545454
-0.16066545454545456
0.18162181818181816
0.10704181818181817
-0.04211818181818182
0.18881272727272727
0.04972
-0.07437454545454546
0.2194254545454545
-0.15984363636363638
-0.0990290909090909
0.0895781818181818
-0.23216363636363635
-0.016025454545454544
-0.013970909090909091
-0.12799818181818182
0.06882727272727272
0.22004181818181817
-0.01664181818181818
0.06081454545454545
0.17073272727272726
0.049925454545454544
0.10971272727272725
0.06800545454545455
-0.035954545454545454
-0.003287272727272727
0.09348181818181817
-0.0967690909090909
0.1723763636363636
0.1224509090909091
-0.06718363636363636
0.29051272727272726
0.04889818181818182
-0.15881636363636362
0.03965272727272728
0.009245454545454545
-0.14484545454545456
0.09245454545454544
0.008012727272727272
-0.03718727272727273
0.16436363636363635
0.09512545454545453
0.15367999999999998
0.1419690909090909
0.04972
0.029996363636363634
0.13169636363636364
-0.1682672727272727
-0.028969090909090906
0.1337509090909091
-0.10396
0.08136
-0.04376181818181818
-0.06636181818181817
0.024243636363636363
0.17402
0.06533454545454545
-0.0039036363636363635
0.1397090909090909
0.017463636363636362
0.15265272727272727
0.009245454545454545
0.04972
0.21285090909090906
-0.07375818181818182
-0.08875636363636363
0.13395636363636362
-0.16703454545454544
-0.14361272727272725
0.19312727272727273
-0.07889454545454545
-0.001849090909090909
0.08711272727272727
0.09635818181818182
0.1284090909090909
0.10416545454545453
0.07026545454545453
-0.013354545454545456
-0.03328363636363636
-0.16847272727272727
0.04869272727272727
-0.029174545454545453
-0.12738181818181818
0.09060545454545453
0.07088181818181817
0.04725454545454546
0.047665454545454546
0.06697818181818181
0.11197272727272727
0.10293272727272727
-0.08012727272727273
-0.006574545454545454
0.12594363636363634
0.013149090909090907
0.05095272727272727
0.15039272727272726
-0.014381818181818181
0.02444909090909091
0.21059090909090908
-0.013560000000000001
0.04807636363636364
0.05341818181818182
-0.10950727272727273
0.04417272727272727
0.001438181818181818
-0.01725818181818182
0.01849090909090909
0.06040363636363636
0.03328363636363636
-0.02486
0.05259636363636363
-0.06533454545454545
0.03410545454545454
0.1341618181818182
0.006574545454545454
0.013149090909090907
0.06430727272727273
0.12594363636363634
0.1360109090909091
0.04787090909090909
-0.04458363636363636
0.01849090909090909
-0.036776363636363635
-0.0041090909090909095
0.018696363636363636
-0.10313818181818181
0.08855090909090908
0.1012890909090909
0.025065454545454544
0.09142727272727272
0.11546545454545454
0.14299636363636362
0.08978363636363636
0.02301090909090909
0.025065454545454544
0.02403818181818182
0.04930909090909091
-0.040063636363636364
-0.0226
0.08485272727272727
-0.16128181818181817
0.06492363636363636
0.1171090909090909
-0.09553636363636364
0.07725090909090909
-0.07293636363636363
-0.007190909090909091
0.10375454545454545
-0.001849090909090909
0.0016436363636363634
0.08074363636363636
0.05793818181818181
0.08711272727272727
0.13683272727272727
-0.02075090909090909
-0.01705272727272727
0.13868181818181818
0.007807272727272727
-0.14422909090909092
0.0967690909090909
-0.009245454545454545
0.0895781818181818
0.1637472727272727
-0.07232
0.11628727272727273
0.06266363636363637
0.040063636363636364
0.12142363636363637
0.04211818181818182
-0.10026181818181817
-0.027325454545454545
0.05033636363636364
-0.05341818181818182
0.029174545454545453
0.0764290909090909
0.05198
0.08444181818181817
0.02218909090909091
-0.09327636363636364
0.13806545454545455
0.03944727272727273
0.03246181818181818
0.08629090909090908
-0.14977636363636362
0.11793090909090909
0.11813636363636362
-0.01705272727272727
0.039241818181818176
0.09060545454545453
-0.02116181818181818
0.0918381818181818
0.08649636363636364
-0.03883090909090909
0.17093818181818182
0.00041090909090909085
-0.0008218181818181817
-0.02444909090909091
0.014792727272727272
-0.010478181818181819
-0.03328363636363636
0.004725454545454545
-0.12265636363636362
0.09533090909090909
-0.014176363636363636
0.04376181818181818
0.18984
0.025065454545454544
0.04109090909090909
0.15819999999999998
0.05341818181818182
0.03636545454545455
-0.004314545454545455
-0.09923454545454545
0.07622363636363635
-0.09553636363636364
-0.035954545454545454
0.06040363636363636
0.012532727272727272
-0.0006163636363636364
0.09718
0.12142363636363637
-0.14012
0.1744309090909091
0.13005272727272726
-0.04458363636363636
0.11443818181818181
0.07396363636363636
0.04109090909090909
0.09450909090909092
0.11238363636363637
0.060609090909090904
0.13580545454545453
-0.06019818181818181
-0.06862181818181817
0.11526
-0.03903636363636363
-0.08074363636363636
0.10745272727272726
-0.08464727272727272
-0.04972
0.17032181818181816
-0.1341618181818182
0.09430363636363637
0.16580181818181816
-0.06615636363636364
0.03903636363636363
0.04951454545454545
0.014792727272727272
0.08238727272727273
0.1499818181818182
-0.08546909090909091
0.08136
0.13929818181818182
-0.1314909090909091
0.16600727272727273
0.09471454545454545
-0.1610763636363636
0.15573454545454543
-0.0030818181818181817
-0.22189090909090908
0.19189454545454546
0.05691090909090909
-0.06882727272727272
0.15943272727272728
0.023216363636363632
0.03698181818181818
0.17895090909090908
0.02075090909090909
-0.01808
0.15388545454545455
-0.1524472727272727
-0.0786890909090909
0.16970545454545455
-0.12203999999999998
0.03903636363636363
0.14464
-0.038625454545454546
0.08136
0.07006
-0.07519636363636363
0.13087454545454547
0.07108727272727272
-0.11567090909090909
0.06656727272727272
0.04725454545454546
-0.018696363636363636
0.12121818181818181
0.06019818181818181
-0.052390909090909085
0.19970181818181817
0.12512181818181817
-0.01849090909090909
0.22579454545454544
0.05526727272727273
0.02486
0.12902545454545453
-0.08567454545454545
0.04684363636363636
0.09327636363636364
-0.10211090909090909
-0.005547272727272727
-0.028147272727272726
-0.11731454545454545
0.008218181818181819
0.04828181818181818
0.02116181818181818
0.029174545454545453
0.08279818181818181
0.035954545454545454
0.06656727272727272
0.09389272727272728
-0.02198363636363636
0.07458
-0.0041090909090909095
-0.07786727272727272
0.08382545454545455
-0.04951454545454545
-0.0010272727272727274
0.19271636363636363
0.005752727272727272
-0.05054181818181818
0.08259272727272728
0.030818181818181814
-0.02075090909090909
0.07067636363636363
0.030818181818181814
-0.030818181818181814
0.07540181818181818
0.039241818181818176
0.010272727272727272
0.1257381818181818
0.023832727272727273
0.06081454545454545
0.08629090909090908
-0.12039636363636362
0.03718727272727273
0.10457636363636363
-0.10190545454545454
-0.0034927272727272728
0.028352727272727273
-0.09533090909090909
0.08752363636363636
0.09492
0.015203636363636362
0.10046727272727272
0.04663818181818182
0.028147272727272726
0.11834181818181817
0.05095272727272727
-0.024243636363636363
0.16908909090909088
0.03821454545454545
-0.007807272727272727
0.19025090909090905
-0.01705272727272727
0.05054181818181818
0.1678563636363636
-0.06862181818181817
0.07560727272727272
0.17073272727272726
-0.06862181818181817
0.06636181818181817
0.12388909090909091
-0.04376181818181818
0.07437454545454546
0.0727309090909091
-0.06821090909090909
0.06882727272727272
-0.00452
-0.1631309090909091
0.08588
0.02486
-0.05629454545454545
0.18696363636363633
0.08136
-0.01171090909090909
0.17874545454545454
0.1076581818181818
-0.0030818181818181817
-0.015614545454545454
-0.09697454545454545
-0.02691454545454545
-0.12183454545454545
-0.08074363636363636
0.08814
0.028147272727272726
0.02116181818181818
0.11854727272727272
0.14361272727272725
-0.023832727272727273
0.09204363636363636
0.06677272727272728
-0.042529090909090905
0.05465090909090909
-0.06841636363636364
-0.009245454545454545
0.08896181818181817
-0.06019818181818181
0.01766909090909091
0.1668290909090909
-0.03780363636363636
0.040885454545454544
0.08711272727272727
0.014176363636363636
0.02218909090909091
0.03554363636363636
0.10457636363636363
-0.08012727272727273
0.12655999999999998
0.0113
-0.07807272727272727
0.1676509090909091
-0.10724727272727272
-0.03657090909090909
0.06882727272727272
-0.06143090909090909
0.027325454545454545
0.09553636363636364
0.08403090909090909
0.09861818181818181
0.09553636363636364
0.1306690909090909
0.09224909090909092
0.06738909090909091
0.00945090909090909
0.052390909090909085
0.13991454545454546
-0.08649636363636364
0.08382545454545455
0.12655999999999998
0.0063690909090909084
0.16354181818181818
0.055061818181818184
0.01992909090909091
0.06738909090909091
-0.05444545454545455
-0.11361636363636363
0.07355272727272727
-0.08814
-0.07334727272727272
0.19682545454545455
-0.07232
0.0067800000000000004
0.2278490909090909
0.06369090909090909
0.04150181818181818
0.07622363636363635
-0.09060545454545453
0.025476363636363634
0.08279818181818181
-0.13785999999999998
0.0034927272727272728
0.09779636363636364
-0.1076581818181818
0.007807272727272727
0.16354181818181818
-0.0452
0.11197272727272727
0.12450545454545454
-0.05115818181818182
0.08711272727272727
0.06800545454545455
0.039241818181818176
0.06307454545454545
-0.028352727272727273
-0.04437818181818182
0.10313818181818181
-0.06451272727272726
-0.06204727272727273
0.15758363636363634
-0.06595090909090909
-0.039241818181818176
0.15819999999999998
-0.0010272727272727274
0.044994545454545454
0.19107272727272728
0.008012727272727272
0.06738909090909091
0.03533818181818182
-0.0940981818181818
0.08793454545454545
-0.0067800000000000004
-0.08115454545454545
0.0339
0.10622
0.07704545454545454
0.08793454545454545
0.09512545454545453
0.0538290909090909
0.06574545454545455
-0.020956363636363638
0.05855454545454545
0.06574545454545455
-0.06430727272727273
0.04663818181818182
0.15594
0.006163636363636363
0.04129636363636364
0.17176
0.05136363636363636
0.113
0.06800545454545455
-0.03451636363636364
0.02157272727272727
-0.012532727272727272
-0.06410181818181818
0.01623090909090909
0.03328363636363636
-0.04746
0.12142363636363637
-0.04396727272727272
-0.09081090909090908
0.11156181818181818
0.0538290909090909
0.02342181818181818
0.007601818181818181
0.06430727272727273
0.0402690909090909
0.15080363636363636
0.022805454545454542
-0.00226
0.11443818181818181
-0.06471818181818181
0.03451636363636364
-0.028352727272727273
-0.10683636363636365
0.07807272727272727
0.16395272727272728
-0.02527090909090909
0.06492363636363636
0.22353454545454546
-0.028558181818181816
0.11669818181818181
0.13683272727272727
-0.15059818181818183
0.02691454545454545
0.09759090909090909
-0.08341454545454545
0.07951090909090908
-0.02650363636363636
-0.10396
0.20319454545454546
0.031023636363636364
-0.08505818181818181
0.05958181818181818
0.02444909090909091
-0.03513272727272727
0.05095272727272727
-0.02403818181818182
-0.04807636363636364
0.18511454545454545
0.05814363636363636
0.031229090909090908
0.13621636363636364
-0.018696363636363636
0.09779636363636364
0.1247109090909091
-0.1216290909090909
0.015409090909090907
0.07334727272727272
-0.12060181818181817
0.06081454545454545
0.14299636363636362
-0.055061818181818184
0.14340727272727272
0.13128545454545454
-0.1058090909090909
0.09081090909090908
0.05937636363636363
-0.07704545454545454
0.07088181818181817
-0.042529090909090905
-0.07560727272727272
0.1292309090909091
-0.0024654545454545454
0.05198
0.19888
0.04787090909090909
0.007190909090909091
0.1306690909090909
0.014587272727272727
-0.023216363636363632
0.0786890909090909
-0.08485272727272727
0.07190909090909091
0.02034
-0.08896181818181817
0.1577890909090909
0.08485272727272727
-0.015203636363636362
0.17319818181818183
0.09697454545454545
-0.13642181818181817
0.2142890909090909
0.1600490909090909
-0.0565
0.10437090909090908
0.055678181818181814
0.021367272727272728
0.038625454545454546
-0.030612727272727274
-0.058349090909090906
0.07766181818181818
-0.11135636363636363
0.025065454545454544
0.12779272727272725
-0.032667272727272725
0.1356
0.11382181818181818
0.051569090909090905
-0.04150181818181818
0.0470490909090909
-0.008834545454545454
-0.03718727272727273
-0.023832727272727273
-0.04684363636363636
0.03328363636363636
-0.031845454545454545
0.03944727272727273
0.06451272727272726
0.09327636363636364
-0.027736363636363635
0.1524472727272727
0.055678181818181814
-0.13724363636363635
0.11526
-0.02403818181818182
0.01890181818181818
-0.006574545454545454
0.05855454545454545
0.07026545454545453
0.04787090909090909
0.07786727272727272
-0.017874545454545452
0.09820727272727273
-0.04109090909090909
0.003287272727272727
0.03636545454545455
-0.031845454545454545
0.01705272727272727
0.09081090909090908
-0.013765454545454546
-0.00020545454545454542
0.12697090909090908
-0.0678
0.06163636363636363
0.09533090909090909
-0.0016436363636363634
0.09656363636363637
0.09450909090909092
-0.020545454545454544
0.1292309090909091
0.06369090909090909
-0.02979090909090909
0.2712
-0.07519636363636363
-0.040885454545454544
0.2097690909090909
-0.07663454545454546
-0.02013454545454545
0.16908909090909088
0.05526727272727273
-0.04109090909090909
0.19415454545454544
0.07314181818181818
-0.015203636363636362
0.19703090909090906
0.030818181818181814
-0.0226
0.11669818181818181
-0.10211090909090909
0.04232363636363636
0.14525636363636363
-0.20689272727272728
0.1419690909090909
0.15347454545454545
-0.17381454545454544
0.13169636363636364
0.09101636363636363
-0.09944
0.06512909090909091
-0.013970909090909091
-0.03225636363636363
0.03616
-0.13354545454545455
0.02670909090909091
0.10930181818181818
-0.0016436363636363634
0.07930545454545455
0.18306
0.04047454545454546
-0.02013454545454545
0.27161090909090907
0.06451272727272726
-0.031845454545454545
0.13436727272727272
-0.028558181818181816
-0.002876363636363636
-0.05485636363636363
-0.10519272727272726
0.05999272727272727
-0.09450909090909092
-0.17751272727272727
0.08670181818181817
-0.02116181818181818
-0.07581272727272727
0.17319818181818183
0.11238363636363637
-0.07149818181818181
0.0678
0.1727872727272727
-0.020956363636363638
0.03205090909090909
0.005958181818181818
0.032667272727272725
0.08629090909090908
-0.1216290909090909
0.09656363636363637
0.19436
0.04047454545454546
0.11094545454545454
0.15614545454545453
0.03328363636363636
-0.02034
0.07334727272727272
0.028763636363636363
-0.0452
0.09718
0.03821454545454545
0.005136363636363636
0.19148363636363636
-0.02075090909090909
0.09122181818181817
0.10416545454545453
-0.08074363636363636
0.15573454545454543
-0.07971636363636364
-0.047665454545454546
0.12450545454545454
-0.14279090909090908
-0.02239454545454545
0.06307454545454545
0.02034
0.05259636363636363
0.15265272727272727
0.07745636363636363
-0.0678
0.25764
0.008218181818181819
-0.02013454545454545
0.24284727272727274
-0.14402363636363635
0.06882727272727272
0.09800181818181818
-0.16621272727272726
0.024243636363636363
0.1247109090909091
-0.06327999999999999
0.017874545454545452
0.10416545454545453
-0.13683272727272727
0.18881272727272727
0.15470727272727272
-0.1012890909090909
0.16066545454545456
0.08526363636363636
-0.10231636363636364
0.10026181818181817
-0.028558181818181816
-0.15573454545454543
0.13827090909090908
-0.15635090909090907
-0.07889454545454545
0.13950363636363636
-0.043350909090909086
0.10498727272727272
0.19559272727272728
0.06327999999999999
0.020545454545454544
0.14525636363636363
-0.11649272727272726
0.001849090909090909
0.09553636363636364
-0.19518181818181818
0.005752727272727272
0.09307090909090908
0.011094545454545454
0.12676545454545454
0.1637472727272727
0.02362727272727273
0.20381090909090907
0.10704181818181817
-0.02670909090909091
0.08259272727272728
-0.03657090909090909
-0.0041090909090909095
-0.012121818181818182
-0.008423636363636364
-0.041707272727272725
0.11546545454545454
0.11279454545454545
-0.005136363636363636
0.10683636363636365
0.0
0.12224545454545453
0.13436727272727272
-0.001438181818181818
0.03554363636363636
0.04787090909090909
-0.03410545454545454
0.006163636363636363
0.03205090909090909
-0.09307090909090908
-0.05937636363636363
-0.023832727272727273
-0.02362727272727273
-0.0904
0.0904
0.13436727272727272
0.09615272727272728
0.16292545454545454
0.00041090909090909085
0.1676509090909091
0.16600727272727273
-0.014381818181818181
0.06492363636363636
-0.031845454545454545
-0.08937272727272727
0.0786890909090909
0.035749090909090904
-0.02239454545454545
0.10806909090909089
0.04109090909090909
0.0006163636363636364
0.06677272727272728
-0.05814363636363636
-0.10437090909090908
-0.04540545454545454
-0.11279454545454545
0.004930909090909091
0.07992181818181819
-0.051569090909090905
0.10375454545454545
0.18614181818181816
0.019723636363636363
0.1678563636363636
0.22579454545454544
-0.04047454545454546
0.053212727272727266
0.08567454545454545
-0.15347454545454545
0.005341818181818182
0.07334727272727272
-0.05896545454545454
0.05896545454545454
-0.033694545454545456
-0.05136363636363636
0.20607090909090908
0.09964545454545454
0.031639999999999995
0.09985090909090909
0.05259636363636363
0.05300727272727272
0.12512181818181817
0.09512545454545453
-0.014176363636363636
0.12039636363636362
-0.005958181818181818
-0.003698181818181818
0.06471818181818181
-0.16251454545454544
0.09101636363636363
0.14381818181818182
-0.03143454545454545
0.09389272727272728
0.09348181818181817
-0.005547272727272727
0.09512545454545453
0.10457636363636363
-0.07971636363636364
-0.035954545454545454
-0.047665454545454546
-0.059787272727272724
0.0678
-0.02486
-0.002670909090909091
0.13683272727272727
0.04376181818181818
0.13868181818181818
0.17093818181818182
-0.030818181818181814
0.08382545454545455
0.08444181818181817
-0.05054181818181818
0.030612727272727274
0.03616
-0.04211818181818182
0.08403090909090909
0.06122545454545455
-0.06636181818181817
0.10560363636363636
0.061841818181818185
-0.00452
0.05280181818181818
-0.06636181818181817
-0.04972
0.07745636363636363
0.034927272727272723
0.013149090909090907
0.06903272727272727
0.011094545454545454
0.008218181818181819
0.04294
-0.02670909090909091
-0.013765454545454546
0.059170909090909087
-0.012738181818181817
0.041707272727272725
0.08074363636363636
-0.031639999999999995
0.1397090909090909
0.17093818181818182
-0.06101999999999999
0.019107272727272726
0.044994545454545454
-0.05547272727272727
0.05033636363636364
0.05691090909090909
-0.003698181818181818
0.09697454545454545
0.18614181818181816
0.050747272727272724
0.1758690909090909
0.13991454545454546
-0.07889454545454545
0.16272
0.02670909090909091
-0.13046363636363634
0.028969090909090906
-0.01664181818181818
-0.11649272727272726
0.04314545454545454
0.003698181818181818
-0.06595090909090909
0.16148727272727273
-0.032872727272727276
0.05547272727272727
0.18306
-0.13334
0.09800181818181818
0.25989999999999996
-0.11012363636363637
0.005547272727272727
0.15429636363636362
-0.005136363636363636
0.1284090909090909
0.09327636363636364
-0.0727309090909091
0.013354545454545456
0.07170363636363636
-0.13827090909090908
0.08711272727272727
0.034927272727272723
-0.20093454545454545
0.25373636363636365
0.019723636363636363
-0.0741690909090909
0.2025781818181818
0.03821454545454545
-0.004725454545454545
0.17073272727272726
-0.011505454545454544
-0.13950363636363636
0.20442727272727274
0.015203636363636362
0.0006163636363636364
0.1411472727272727
-0.01849090909090909
0.11074
0.14710545454545454
-0.09430363636363637
-0.0030818181818181817
0.11793090909090909
-0.12060181818181817
0.05198
0.0538290909090909
-0.0940981818181818
0.10046727272727272
0.08978363636363636
0.03985818181818182
0.12902545454545453
0.02444909090909091
-0.012121818181818182
0.25394181818181816
0.015409090909090907
-0.08012727272727273
0.1826490909090909
0.030407272727272724
-0.030407272727272724
0.10334363636363636
-0.05280181818181818
-0.10930181818181818
0.09389272727272728
-0.0805381818181818
-0.04746
0.012943636363636362
0.004314545454545455
0.18593636363636362
0.04725454545454546
-0.0010272727272727274
0.1261490909090909
0.10848000000000001
-0.08382545454545455
0.021778181818181818
0.03944727272727273
-0.13313454545454545
0.003287272727272727
0.017463636363636362
-0.0039036363636363635
0.07971636363636364
0.0786890909090909
0.10293272727272727
0.13765454545454545
0.0008218181818181817
0.04746
0.11998545454545453
-0.0034927272727272728
0.002876363636363636
0.1012890909090909
-0.033694545454545456
-0.047665454545454546
0.21696000000000001
0.0447890909090909
0.03328363636363636
0.10293272727272727
-0.02116181818181818
0.05773272727272727
0.02157272727272727
-0.062458181818181815
0.004725454545454545
0.1035490909090909
-0.011916363636363636
0.07992181818181819
0.09471454545454545
-0.05732181818181818
0.09594727272727273
0.09718
-0.0741690909090909
0.06225272727272727
0.1370381818181818
-0.04828181818181818
0.1341618181818182
0.05814363636363636
-0.018696363636363636
0.20586545454545455
0.017463636363636362
-0.02342181818181818
0.11053454545454545
-0.06101999999999999
-0.05732181818181818
0.16949999999999998
-0.08711272727272727
-0.023216363636363632
0.1935381818181818
-0.06430727272727273
0.02938
0.19148363636363636
0.07745636363636363
0.024243636363636363
0.12286181818181818
-0.05485636363636363
-0.054034545454545446
-0.015819999999999997
-0.13785999999999998
0.10827454545454546
0.02691454545454545
-0.09348181818181817
0.13354545454545455
0.05054181818181818
-0.08156545454545455
0.14916
0.048487272727272726
-0.03718727272727273
0.040063636363636364
-0.05526727272727273
0.05115818181818182
0.004725454545454545
0.0020545454545454547
0.16949999999999998
0.16066545454545456
-0.03554363636363636
0.15265272727272727
0.25538
-0.0226
0.19764727272727273
0.07909999999999999
-0.029996363636363634
0.1171090909090909
-0.04211818181818182
0.04047454545454546
0.02362727272727273
-0.11443818181818181
-0.016847272727272728
0.030818181818181814
-0.09430363636363637
-0.023216363636363632
0.1088909090909091
0.03739272727272727
0.049925454545454544
0.1721709090909091
0.04109090909090909
0.07149818181818181
0.10868545454545453
-0.0904
0.056705454545454545
0.02691454545454545
-0.023216363636363632
0.07026545454545453
0.05300727272727272
0.041912727272727275
0.06677272727272728
0.14361272727272725
0.03636545454545455
0.014998181818181817
0.007190909090909091
-0.04458363636363636
0.010683636363636364
-0.02034
-0.041707272727272725
0.05115818181818182
0.07026545454545453
-0.023832727272727273
0.10806909090909089
0.1284090909090909
-0.032872727272727276
0.1076581818181818
0.03451636363636364
-0.14237999999999998
0.0226
-0.04930909090909091
-0.04540545454545454
0.10396
-0.1257381818181818
0.0024654545454545454
0.15347454545454545
-0.04663818181818182
0.08423636363636364
0.15450181818181818
-0.0034927272727272728
0.04972
0.21346727272727273
0.005752727272727272
0.008834545454545454
0.1984690909090909
-0.09450909090909092
0.043350909090909086
0.17258181818181817
-0.12676545454545454
0.05033636363636364
0.18881272727272727
-0.04540545454545454
0.07745636363636363
0.16662363636363633
-0.051569090909090905
0.18984
0.08197636363636364
-0.06677272727272728
0.19682545454545455
-0.03965272727272728
-0.06451272727272726
0.06697818181818181
-0.09882363636363636
-0.06677272727272728
0.12142363636363637
-0.02527090909090909
0.06389636363636363
0.21716545454545452
0.01808
0.21018
0.1306690909090909
-0.07704545454545454
0.08875636363636363
0.04150181818181818
-0.17340363636363634
-0.03780363636363636
0.07889454545454545
-0.10313818181818181
0.10642545454545453
0.14751636363636364
0.007807272727272727
0.17730727272727273
0.08115454545454545
-0.0039036363636363635
0.14751636363636364
-0.033694545454545456
-0.1035490909090909
0.02116181818181818
-0.11156181818181818
-0.019518181818181816
0.07601818181818182
-0.025887272727272724
-0.026298181818181814
0.08690727272727272
0.026298181818181814
-0.002876363636363636
0.08690727272727272
-0.015614545454545454
0.1296418181818182
0.042529090909090905
-0.09081090909090908
0.10724727272727272
-0.0039036363636363635
-0.06595090909090909
0.048487272727272726
-0.03205090909090909
-0.12409454545454546
0.03780363636363636
0.05013090909090909
-0.05280181818181818
0.13231272727272728
0.10437090909090908
-0.01725818181818182
0.2654472727272727
0.10560363636363636
-0.05177454545454545
0.22456181818181817
-0.019312727272727273
0.00452
0.15470727272727272
-0.0805381818181818
0.019518181818181816
0.17299272727272727
0.06348545454545454
0.09985090909090909
0.09430363636363637
-0.053212727272727266
0.06800545454545455
-0.008423636363636364
-0.12882
-0.012121818181818182
0.0538290909090909
-0.030407272727272724
0.047665454545454546
0.15265272727272727
0.05033636363636364
0.24161454545454544
0.05855454545454545
-0.02444909090909091
0.19538727272727272
-0.055061818181818184
-0.05013090909090909
0.07314181818181818
-0.07355272727272727
-0.05999272727272727
0.10704181818181817
-0.043350909090909086
0.01171090909090909
0.15614545454545453
0.01766909090909091
0.06512909090909091
0.0918381818181818
0.0034927272727272728
0.05444545454545455
0.16415818181818181
-0.03657090909090909
0.07663454545454546
0.09512545454545453
-0.13046363636363634
0.08546909090909091
-0.0063690909090909084
-0.06163636363636363
0.013560000000000001
-0.03410545454545454
0.05341818181818182
0.07211454545454546
-0.005136363636363636
0.043350909090909086
0.1035490909090909
-0.00020545454545454542
-0.0226
0.06040363636363636
-0.03718727272727273
-0.10437090909090908
0.10971272727272725
-0.13785999999999998
-0.009861818181818182
0.24058727272727273
-0.08690727272727272
0.20216727272727272
0.12080727272727272
-0.021367272727272728
0.2206581818181818
0.01725818181818182
-0.021778181818181818
0.07437454545454546
-0.03143454545454545
-0.028147272727272726
0.10848000000000001
0.03698181818181818
0.021367272727272728
0.15203636363636364
0.08670181818181817
-0.0024654545454545454
0.13929818181818182
-0.05259636363636363
-0.12060181818181817
0.09265999999999999
-0.08505818181818181
0.025476363636363634
0.027736363636363635
-0.028558181818181816
0.11074
0.08834545454545455
-0.03472181818181818
0.06143090909090909
0.17545818181818182
-0.09204363636363636
0.1012890909090909
0.11176727272727273
-0.02218909090909091
0.15717272727272727
0.10560363636363636
0.0010272727272727274
0.015409090909090907
0.0
-0.08115454545454545
0.0678
-0.08012727272727273
-0.06821090909090909
0.16189818181818183
0.07006
0.09224909090909092
0.14443454545454545
0.08546909090909091
-0.017874545454545452
0.1366272727272727
0.06143090909090909
-0.08259272727272728
0.08752363636363636
-0.033694545454545456
-0.09224909090909092
0.12717636363636362
-0.0565
-0.06019818181818181
0.19908545454545457
-0.1148490909090909
0.0039036363636363635
0.07601818181818182
-0.13498363636363636
0.10231636363636364
0.07601818181818182
-0.020545454545454544
0.04602181818181818
0.13827090909090908
0.0967690909090909
0.15984363636363638
0.1397090909090909
-0.11546545454545454
0.11341090909090909
0.07170363636363636
-0.18860727272727273
0.06718363636363636
-0.03739272727272727
-0.07293636363636363
0.15758363636363634
-0.01664181818181818
-0.004725454545454545
0.1419690909090909
-0.00904
-0.04663818181818182
0.14525636363636363
-0.06451272727272726
-0.0749909090909091
0.09327636363636364
-0.037598181818181815
0.05814363636363636
0.12409454545454546
0.037598181818181815
0.11402727272727273
0.2525036363636364
-0.09327636363636364
0.08937272727272727
0.1397090909090909
-0.13128545454545454
0.12409454545454546
-0.09368727272727272
0.007190909090909091
0.02691454545454545
-0.0113
0.08567454545454545
-0.011916363636363636
0.035749090909090904
0.027120000000000002
0.13334
0.09944
0.0452
0.11628727272727273
0.1058090909090909
0.03246181818181818
0.17545818181818182
-0.06677272727272728
-0.012532727272727272
0.1397090909090909
-0.17730727272727273
0.08279818181818181
-0.05033636363636364
-0.021367272727272728
0.10601454545454544
0.015614545454545454
0.08115454545454545
-0.009245454545454545
0.13642181818181817
0.07375818181818182
0.036776363636363635
0.0030818181818181817
-0.06738909090909091
-0.012121818181818182
0.031229090909090908
0.007807272727272727
0.06143090909090909
0.02362727272727273
0.025476363636363634
0.22148
0.0006163636363636364
0.0764290909090909
0.08526363636363636
-0.016847272727272728
0.04602181818181818
-0.06738909090909091
-0.033489090909090906
0.03616
0.10005636363636364
-0.05444545454545455
0.05526727272727273
0.10375454545454545
-0.11053454545454545
0.10478181818181817
0.10868545454545453
-0.14874909090909091
0.03903636363636363
0.07047090909090908
-0.08341454545454545
0.13724363636363635
0.03698181818181818
-0.009656363636363637
0.12450545454545454
-0.012532727272727272
-0.014792727272727272
0.06369090909090909
-0.044994545454545454
0.019312727272727273
0.17093818181818182
0.008834545454545454
0.027941818181818182
0.1419690909090909
0.04725454545454546
0.019723636363636363
0.15902181818181815
-0.038625454545454546
-0.009861818181818182
0.12409454545454546
-0.17854
0.13169636363636364
0.12758727272727272
-0.11197272727272727
0.1464890909090909
0.12984727272727273
0.03965272727272728
0.14237999999999998
0.14053090909090907
-0.04417272727272727
0.044994545454545454
0.03636545454545455
-0.059170909090909087
0.04869272727272727
-0.00904
-0.01808
0.1148490909090909
-0.03657090909090909
-0.005341818181818182
0.19148363636363636
-0.005136363636363636
0.07232
0.10108363636363636
-0.07971636363636364
0.018285454545454546
0.09019454545454544
-0.00904
0.0741690909090909
0.0918381818181818
-0.032872727272727276
0.21983636363636364
0.09101636363636363
-0.051569090909090905
0.22661636363636362
0.07540181818181818
-0.046432727272727264
0.08731818181818181
-0.028352727272727273
-0.02218909090909091
0.08300363636363636
-0.12368363636363637
-0.05773272727272727
0.026298181818181814
-0.1411472727272727
-0.014176363636363636
0.041912727272727275
-0.0749909090909091
0.03965272727272728
0.13046363636363634
0.009656363636363637
0.08690727272727272
0.09224909090909092
-0.00904
0.11854727272727272
-0.015203636363636362
-0.09224909090909092
0.03451636363636364
-0.05814363636363636
-0.005136363636363636
0.09656363636363637
0.019723636363636363
0.059787272727272724
0.15758363636363634
0.09101636363636363
-0.007396363636363636
0.12224545454545453
0.04663818181818182
-0.043350909090909086
0.13457272727272726
-0.0030818181818181817
-0.016436363636363638
0.09122181818181817
0.01766909090909091
0.05608909090909091
0.057527272727272726
0.0
0.04602181818181818
0.03698181818181818
-0.07232
0.01623090909090909
0.04109090909090909
-0.09348181818181817
0.041707272727272725
0.15943272727272728
-0.02609272727272727
0.08444181818181817
0.22928727272727273
0.01664181818181818
0.12676545454545454
0.16662363636363633
-0.005547272727272727
0.12121818181818181
0.07375818181818182
-0.07519636363636363
0.1325181818181818
0.023216363636363632
-0.16415818181818181
0.113
-0.013560000000000001
-0.12286181818181818
0.1257381818181818
0.041912727272727275
-0.02938
0.16148727272727273
0.07992181818181819
-0.06553999999999999
0.13991454545454546
0.07909999999999999
-0.007396363636363636
0.08362
-0.11053454545454545
-0.025887272727272724
0.06327999999999999
-0.17093818181818182
0.07601818181818182
0.15963818181818182
-0.07437454545454546
0.11977999999999998
0.08608545454545455
-0.0447890909090909
0.07088181818181817
0.017874545454545452
-0.11669818181818181
-0.017874545454545452
-0.034310909090909086
-0.09081090909090908
0.1645690909090909
0.07889454545454545
0.03903636363636363
0.19723636363636363
0.050747272727272724
0.07909999999999999
0.1608709090909091
-0.013765454545454546
0.044994545454545454
0.05547272727272727
-0.11526
0.03821454545454545
0.004725454545454545
-0.02075090909090909
0.14258545454545454
0.0024654545454545454
-0.005752727272727272
0.14484545454545456
0.05177454545454545
-0.011094545454545454
0.08670181818181817
0.07930545454545455
0.03225636363636363
0.06821090909090909
0.06348545454545454
0.008834545454545454
0.038625454545454546
-0.03636545454545455
-0.05896545454545454
-0.005958181818181818
-0.12142363636363637
-0.014381818181818181
0.14936545454545455
0.04150181818181818
0.02013454545454545
0.2274381818181818
0.15635090909090907
0.032667272727272725
0.16066545454545456
0.049925454545454544
-0.040885454545454544
0.08136
-0.00452
-0.11793090909090909
0.09533090909090909
0.0339
0.03451636363636364
0.13539454545454546
-0.06471818181818181
0.05896545454545454
-0.010478181818181819
-0.11998545454545453
-0.01808
-0.025887272727272724
-0.10211090909090909
0.010683636363636364
0.10437090909090908
0.009245454545454545
0.23729999999999998
0.16477454545454545
0.012532727272727272
0.10437090909090908
-0.013354545454545456
-0.07889454545454545
0.05300727272727272
-0.10437090909090908
-0.10457636363636363
0.10067272727272727
-0.12758727272727272
0.0628690909090909
0.1803890909090909
0.031229090909090908
0.08300363636363636
0.18100545454545455
0.07786727272727272
-0.012738181818181817
0.17319818181818183
0.0
0.0895781818181818
0.05341818181818182
-0.07581272727272727
0.1012890909090909
0.011916363636363636
-0.0020545454545454547
0.05896545454545454
0.001849090909090909
-0.04314545454545454
0.15717272727272727
0.04910363636363636
0.012532727272727272
0.10930181818181818
-0.02075090909090909
0.08855090909090908
0.05999272727272727
-0.027530909090909092
0.042734545454545456
0.009245454545454545
-0.14977636363636362
0.10663090909090908
0.13107999999999997
-0.051569090909090905
0.15450181818181818
0.11320545454545454
0.07006
0.013970909090909091
0.025887272727272724
0.056705454545454545
0.05177454545454545
-0.032667272727272725
-0.06944363636363636
0.12101272727272726
-0.06944363636363636
0.04129636363636364
0.27099454545454543
-0.05896545454545454
-0.0006163636363636364
0.17052727272727272
-0.07129272727272727
-0.008834545454545454
-0.0339
-0.08937272727272727
0.10046727272727272
-0.03780363636363636
-0.08341454545454545
0.09389272727272728
0.14710545454545454
-0.04951454545454545
0.07704545454545454
0.14012
-0.17936181818181818
0.06225272727272727
0.19230545454545456
-0.030612727272727274
0.02650363636363636
0.05999272727272727
0.02116181818181818
0.10683636363636365
-0.012121818181818182
-0.04869272727272727
0.06389636363636363
-0.09738545454545454
-0.01766909090909091
0.12882
-0.02342181818181818
0.06944363636363636
0.25311999999999996
0.12738181818181818
0.04376181818181818
0.09122181818181817
0.08649636363636364
0.03616
0.06964909090909091
-0.09861818181818181
-0.08403090909090909
0.13621636363636364
-0.14422909090909092
-0.0030818181818181817
0.0628690909090909
-0.07437454545454546
0.1193690909090909
0.05033636363636364
-0.041912727272727275
0.00945090909090909
0.09923454545454545
-0.03205090909090909
0.1360109090909091
0.09450909090909092
-0.07786727272727272
0.2331909090909091
0.18511454545454545
-0.008423636363636364
0.06389636363636363
0.061841818181818185
-0.08855090909090908
0.04725454545454546
-0.07006
-0.1012890909090909
0.0538290909090909
-0.05814363636363636
0.06553999999999999
0.11608181818181817
-0.049925454545454544
0.03636545454545455
0.1881963636363636
-0.08608545454545455
0.016847272727272728
0.07026545454545453
-0.041707272727272725
0.1325181818181818
0.01849090909090909
0.019107272727272726
0.14073636363636363
0.15594
-0.021778181818181818
0.07909999999999999
0.05341818181818182
-0.0967690909090909
0.10416545454545453
-0.015614545454545454
-0.0447890909090909
0.045610909090909084
-0.011916363636363636
0.06923818181818181
0.12635454545454544
-0.07745636363636363
0.14135272727272727
0.1058090909090909
-0.10313818181818181
0.25435272727272723
0.0470490909090909
-0.03472181818181818
0.1088909090909091
0.08937272727272727
0.027325454545454545
-0.013354545454545456
0.04540545454545454
-0.07088181818181817
-0.0010272727272727274
-0.03451636363636364
-0.062458181818181815
0.07622363636363635
0.02527090909090909
0.005136363636363636
0.1758690909090909
0.006163636363636363
-0.03903636363636363
0.1569672727272727
-0.017463636363636362
-0.001849090909090909
-0.017463636363636362
-0.05280181818181818
0.02198363636363636
0.027325454545454545
-0.012327272727272727
0.01808
0.13334
0.08793454545454545
0.09553636363636364
0.03246181818181818
-0.015409090909090907
0.09368727272727272
0.09923454545454545
-0.08896181818181817
0.00945090909090909
0.1419690909090909
-0.04972
0.07232
0.10067272727272727
-0.07601818181818182
0.029996363636363634
0.0470490909090909
-0.10396
0.04622727272727272
0.03903636363636363
-0.07232
0.15018727272727272
0.032667272727272725
-0.05218545454545454
0.15922727272727272
0.04540545454545454
0.00041090909090909085
0.16806181818181817
-0.04930909090909091
-0.010272727272727272
0.21983636363636364
0.015409090909090907
0.03410545454545454
0.08279818181818181
0.009245454545454545
0.06122545454545455
0.1284090909090909
-0.017463636363636362
0.028147272727272726
0.11587636363636362
-0.1374490909090909
0.09841272727272728
0.13765454545454545
-0.10601454545454544
0.14135272727272727
0.14279090909090908
-0.06307454545454545
0.14217454545454544
0.14279090909090908
-0.015203636363636362
0.07766181818181818
-0.06225272727272727
-0.06451272727272726
0.005752727272727272
-0.09122181818181817
0.033694545454545456
0.08362
-0.07827818181818182
0.0030818181818181817
0.1314909090909091
0.02075090909090909
0.06862181818181817
0.020545454545454544
-0.04068
0.03205090909090909
-0.010683636363636364
0.0067800000000000004
0.10149454545454545
0.0628690909090909
-0.0067800000000000004
0.19703090909090906
0.08772909090909091
-0.015203636363636362
0.18306
0.08752363636363636
-0.008218181818181819
0.06163636363636363
-0.01623090909090909
-0.02198363636363636
0.08978363636363636
-0.1012890909090909
-0.03616
0.03328363636363636
-0.12491636363636363
0.01705272727272727
0.062458181818181815
-0.04746
0.02198363636363636
0.13025818181818183
0.0339
0.07293636363636363
0.09389272727272728
0.04807636363636364
0.12265636363636362
0.07088181818181817
-0.014998181818181817
0.02157272727272727
0.05177454545454545
-0.01664181818181818
0.15203636363636364
0.0538290909090909
-0.05136363636363636
0.20278363636363633
0.06225272727272727
0.0041090909090909095
0.13539454545454546
-0.05814363636363636
-0.01705272727272727
0.15367999999999998
-0.08279818181818181
0.021367272727272728
0.11053454545454545
-0.040885454545454544
0.10560363636363636
0.13868181818181818
-0.0749909090909091
-0.02116181818181818
0.1411472727272727
-0.1479272727272727
-0.012738181818181817
0.04047454545454546
-0.2301090909090909
0.09348181818181817
0.0990290909090909
-0.11752
0.0967690909090909
0.11731454545454545
-0.01992909090909091
0.1836763636363636
0.09635818181818182
-0.08711272727272727
0.19107272727272728
0.08423636363636364
-0.06821090909090909
0.18490909090909088
-0.03143454545454545
-0.10005636363636364
0.20442727272727274
-0.06451272727272726
-0.11464363636363636
0.14566727272727273
-0.02670909090909091
-0.018696363636363636
0.16949999999999998
-0.059787272727272724
0.007807272727272727
0.1744309090909091
-0.03636545454545455
0.10334363636363636
0.03020181818181818
-0.12265636363636362
0.04951454545454545
0.08423636363636364
-0.062458181818181815
0.05341818181818182
0.10498727272727272
0.027530909090909092
0.30037454545454545
0.028147272727272726
-0.0012327272727272727
0.19477090909090908
-0.02239454545454545
-0.09265999999999999
-0.007807272727272727
-0.07930545454545455
-0.12450545454545454
0.1306690909090909
-0.06143090909090909
0.11998545454545453
0.1935381818181818
0.07149818181818181
0.28106181818181813
0.1193690909090909
0.058349090909090906
0.029585454545454543
0.06697818181818181
-0.03513272727272727
0.017874545454545452
-0.05115818181818182
-0.09122181818181817
0.12902545454545453
-0.04294
-0.02301090909090909
0.08567454545454545
-0.002876363636363636
-0.014998181818181817
0.13190181818181818
-0.09594727272727273
0.0041090909090909095
0.12409454545454546
-0.07355272727272727
0.07683999999999999
-0.06595090909090909
-0.08074363636363636
0.001438181818181818
0.04458363636363636
-0.06348545454545454
-0.04458363636363636
0.14422909090909092
-0.02034
0.08279818181818181
0.16806181818181817
0.038625454545454546
0.09204363636363636
0.1623090909090909
-0.032872727272727276
0.001438181818181818
0.034927272727272723
-0.03698181818181818
0.05773272727272727
-0.02157272727272727
0.028763636363636363
0.04211818181818182
0.10067272727272727
0.13087454545454547
0.032872727272727276
-0.02239454545454545
-0.01705272727272727
0.03636545454545455
-0.04437818181818182
-0.05218545454545454
0.06389636363636363
-0.00945090909090909
-0.010478181818181819
0.2672963636363636
0.04972
0.0628690909090909
0.2516818181818182
-0.020956363636363638
0.03965272727272728
0.08875636363636363
-0.03451636363636364
0.0452
0.06410181818181818
-0.13477818181818182
0.006574545454545454
0.11156181818181818
-0.05691090909090909
0.13231272727272728
0.18675818181818182
-0.06985454545454545
0.033489090909090906
0.19333272727272727
-0.03205090909090909
0.06738909090909091
0.18634727272727272
0.04376181818181818
0.04622727272727272
-0.020545454545454544
-0.054034545454545446
0.028969090909090906
-0.01890181818181818
-0.06636181818181817
0.07232
-0.10539818181818181
-0.02075090909090909
0.2120290909090909
0.0402690909090909
0.10108363636363636
0.0470490909090909
-0.01664181818181818
0.07355272727272727
-0.053212727272727266
-0.1419690909090909
0.10046727272727272
0.0452
-0.11197272727272727
0.14361272727272725
0.09265999999999999
0.016847272727272728
0.21038545454545451
0.12368363636363637
-0.06800545454545455
0.05054181818181818
-0.007396363636363636
-0.014176363636363636
0.08896181818181817
-0.09245454545454544
0.012121818181818182
0.08259272727272728
-0.002876363636363636
0.07129272727272727
0.13005272727272726
0.02157272727272727
-0.011094545454545454
0.1088909090909091
-0.03718727272727273
0.02116181818181818
0.08218181818181818
-0.07190909090909091
0.09389272727272728
0.026298181818181814
-0.04663818181818182
0.09348181818181817
-0.0008218181818181817
-0.02938
0.007807272727272727
0.05732181818181818
0.022805454545454542
0.08259272727272728
0.17628
0.06348545454545454
0.08485272727272727
0.034927272727272723
0.07396363636363636
0.10026181818181817
-0.06595090909090909
-0.03821454545454545
0.038625454545454546
-0.005547272727272727
-0.02362727272727273
0.11772545454545454
0.055883636363636364
0.048487272727272726
0.2025781818181818
-0.02013454545454545
-0.0113
0.1577890909090909
-0.03944727272727273
0.06122545454545455
0.027736363636363635
-0.14361272727272725
0.16292545454545454
0.050747272727272724
-0.10704181818181817
0.09019454545454544
0.039241818181818176
-0.062458181818181815
0.07334727272727272
0.08382545454545455
-0.11341090909090909
0.12306727272727273
0.13087454545454547
-0.0402690909090909
0.19107272727272728
0.056705454545454545
-0.002670909090909091
0.20114
0.0024654545454545454
-0.04109090909090909
0.0741690909090909
-0.08814
0.021778181818181818
0.08793454545454545
-0.11669818181818181
0.07581272727272727
0.19045636363636362
-0.017463636363636362
0.07971636363636364
0.07930545454545455
-0.07992181818181819
0.07088181818181817
-0.014176363636363636
-0.13046363636363634
0.0967690909090909
0.012943636363636362
-0.08629090909090908
0.17422545454545454
0.09697454545454545
-0.013560000000000001
0.20319454545454546
0.04663818181818182
-0.05855454545454545
0.12327272727272726
-0.03780363636363636
-0.002670909090909091
0.09204363636363636
-0.09307090909090908
0.04068
0.019723636363636363
-0.03513272727272727
0.12450545454545454
0.04109090909090909
0.010478181818181819
0.10930181818181818
0.11526
-0.04150181818181818
0.06574545454545455
0.17093818181818182
-0.03472181818181818
0.06266363636363637
0.04396727272727272
-0.06656727272727272
0.00452
-0.07560727272727272
0.010478181818181819
0.03965272727272728
-0.06595090909090909
0.08197636363636364
0.13991454545454546
0.028147272727272726
0.07766181818181818
0.15840545454545454
0.0470490909090909
-0.07725090909090909
0.06389636363636363
0.019312727272727273
-0.06512909090909091
0.11669818181818181
-0.004930909090909091
0.04930909090909091
0.060609090909090904
0.034310909090909086
0.1586109090909091
0.002670909090909091
0.0895781818181818
0.12491636363636363
-0.026298181818181814
-0.05814363636363636
0.09060545454545453
0.08156545454545455
-0.07971636363636364
0.08094909090909091
0.08855090909090908
0.02403818181818182
0.09656363636363637
-0.002876363636363636
-0.001438181818181818
0.07232
-0.027120000000000002
0.02075090909090909
0.03718727272727273
-0.06471818181818181
0.11608181818181817
0.12779272727272725
-0.09245454545454544
0.012327272727272727
0.12080727272727272
-0.0741690909090909
-0.015203636363636362
0.09718
-0.01623090909090909
0.0764290909090909
0.08197636363636364
0.03513272727272727
0.08670181818181817
0.00945090909090909
0.003287272727272727
0.1510090909090909
0.060609090909090904
-0.09779636363636364
0.08320909090909091
0.011094545454545454
-0.08526363636363636
0.10149454545454545
-0.029996363636363634
-0.030612727272727274
0.2296981818181818
0.06595090909090909
-0.032667272727272725
0.15121454545454543
-0.005958181818181818
0.019312727272727273
0.09163272727272727
-0.1469
0.00862909090909091
0.13621636363636364
-0.0904
0.0041090909090909095
0.13190181818181818
-0.061841818181818185
0.059170909090909087
0.13498363636363636
-0.029174545454545453
0.07786727272727272
0.07211454545454546
0.045610909090909084
0.09081090909090908
0.03020181818181818
0.03965272727272728
0.1370381818181818
0.08731818181818181
0.07889454545454545
0.21798727272727272
0.00041090909090909085
0.027941818181818182
0.18347090909090907
-0.05896545454545454
0.016847272727272728
0.08238727272727273
-0.06656727272727272
0.04725454545454546
-0.019518181818181816
-0.0904
0.039241818181818176
-0.09307090909090908
-0.0565
0.04889818181818182
0.00862909090909091
0.04047454545454546
0.1469
0.1524472727272727
-0.034927272727272723
0.0967690909090909
0.10868545454545453
-0.017874545454545452
0.02650363636363636
-0.025887272727272724
0.003698181818181818
0.008834545454545454
-0.01664181818181818
0.010889090909090909
0.05629454545454545
0.003698181818181818
-0.00904
0.10046727272727272
0.08937272727272727
0.008423636363636364
0.09615272727272728
0.043556363636363636
-0.07006
0.044994545454545454
0.012327272727272727
0.06040363636363636
0.06656727272727272
-0.015203636363636362
0.054034545454545446
-0.004314545454545455
-0.06718363636363636
0.04376181818181818
0.0447890909090909
-0.15902181818181815
0.028147272727272726
0.11423272727272726
-0.08238727272727273
0.16724
0.07314181818181818
-0.005958181818181818
0.27469272727272726
0.052390909090909085
-0.02218909090909091
0.20771454545454546
0.06944363636363636
-0.008423636363636364
0.1532690909090909
-0.02486
-0.043350909090909086
0.17340363636363634
-0.05280181818181818
0.043350909090909086
0.2229181818181818
-0.1341618181818182
0.03554363636363636
0.20607090909090908
-0.10375454545454545
0.004314545454545455
0.16292545454545454
-0.028147272727272726
0.00904
0.14854363636363635
-0.0786890909090909
0.025887272727272724
0.09779636363636364
-0.10601454545454544
0.1284090909090909
-0.005136363636363636
-0.06697818181818181
0.20566
0.0041090909090909095
0.07581272727272727
0.14073636363636363
-0.011094545454545454
0.005341818181818182
0.032667272727272725
0.016847272727272728
-0.12306727272727273
0.027941818181818182
-0.009245454545454545
0.011505454545454544
0.18593636363636362
-0.06636181818181817
0.11402727272727273
0.18121090909090906
-0.04828181818181818
0.07909999999999999
0.02116181818181818
-0.07478545454545454
0.011094545454545454
-0.0226
-0.0008218181818181817
0.04458363636363636
0.019723636363636363
0.002670909090909091
0.10375454545454545
0.11813636363636362
-0.07601818181818182
0.07992181818181819
0.005958181818181818
-0.04150181818181818
0.11793090909090909
-0.09142727272727272
0.07601818181818182
0.05013090909090909
-0.0990290909090909
0.11053454545454545
0.01725818181818182
-0.05218545454545454
0.06307454545454545
0.05095272727272727
-0.03513272727272727
0.11053454545454545
0.19744181818181816
0.01766909090909091
0.16744545454545454
0.18429272727272727
-0.05526727272727273
0.18162181818181816
0.08259272727272728
-0.13190181818181818
0.15409090909090908
-0.01171090909090909
-0.16991090909090908
0.11053454545454545
0.1058090909090909
-0.005752727272727272
0.08875636363636363
-0.021778181818181818
0.011505454545454544
0.06903272727272727
-0.11156181818181818
0.043556363636363636
0.051569090909090905
-0.07807272727272727
0.03143454545454545
0.1808
0.049925454545454544
0.07622363636363635
0.2712
-0.035954545454545454
0.031639999999999995
0.14422909090909092
-0.18018363636363635
0.01849090909090909
0.02157272727272727
-0.24695636363636364
0.07622363636363635
0.02527090909090909
-0.08136
0.21244
0.10231636363636364
-0.005958181818181818
0.15306363636363635
0.14874909090909091
-0.06266363636363637
0.10272727272727272
0.05608909090909091
-0.13272363636363635
0.13231272727272728
-0.07889454545454545
-0.11628727272727273
0.14402363636363635
-0.01890181818181818
-0.0069854545454545456
0.05547272727272727
-0.040885454545454544
0.07211454545454546
0.12512181818181817
-0.03020181818181818
0.11176727272727273
0.11238363636363637
-0.02609272727272727
0.11772545454545454
-0.008834545454545454
-0.07211454545454546
0.1464890909090909
-0.00452
-0.08526363636363636
0.1479272727272727
0.007190909090909091
0.049925454545454544
0.24058727272727273
0.03965272727272728
0.02568181818181818
0.0628690909090909
-0.019312727272727273
0.08998909090909091
0.09656363636363637
-0.08300363636363636
0.04232363636363636
0.08670181818181817
-0.001438181818181818
0.08300363636363636
0.05937636363636363
0.04889818181818182
0.09101636363636363
0.018285454545454546
-0.1356
-0.0024654545454545454
-0.0008218181818181817
-0.04129636363636364
0.09779636363636364
-0.06327999999999999
0.02362727272727273
0.15203636363636364
0.028147272727272726
0.012327272727272727
0.10478181818181817
0.03472181818181818
-0.031639999999999995
0.04602181818181818
-0.015614545454545454
0.07334727272727272
0.08608545454545455
0.04129636363636364
0.08834545454545455
0.04294
-0.02116181818181818
-0.008834545454545454
0.051569090909090905
-0.040063636363636364
0.025476363636363634
0.06862181818181817
0.016847272727272728
0.08608545454545455
0.1366272727272727
0.044994545454545454
0.05485636363636363
0.061841818181818185
-0.07355272727272727
0.11012363636363637
-0.014792727272727272
-0.15080363636363636
0.10375454545454545
0.005341818181818182
-0.08937272727272727
0.09718
0.0628690909090909
0.027941818181818182
0.14669454545454544
-0.028558181818181816
-0.008834545454545454
0.14135272727272727
0.07211454545454546
0.019723636363636363
0.13087454545454547
0.051569090909090905
-0.025065454545454544
0.2504490909090909
-0.04068
-0.01725818181818182
0.07375818181818182
-0.24449090909090906
-0.013560000000000001
-0.010683636363636364
-0.09882363636363636
0.05711636363636363
0.09718
-0.008012727272727272
0.2029890909090909
0.14669454545454544
-0.052390909090909085
0.24120363636363634
0.08649636363636364
-0.09820727272727273
-0.034310909090909086
-0.05177454545454545
-0.05999272727272727
0.10786363636363637
-0.012943636363636362
0.00452
0.21757636363636362
-0.030407272727272724
0.08546909090909091
0.06122545454545455
-0.017463636363636362
0.016847272727272728
-0.02157272727272727
-0.02218909090909091
0.02568181818181818
0.08567454545454545
-0.04602181818181818
0.23195818181818179
0.1058090909090909
-0.010478181818181819
0.19045636363636362
0.06882727272727272
0.07540181818181818
0.10231636363636364
0.03533818181818182
-0.08033272727272728
0.06451272727272726
0.0008218181818181817
-0.028147272727272726
0.017463636363636362
-0.1247109090909091
0.014792727272727272
0.051569090909090905
-0.10046727272727272
-0.001438181818181818
0.2194254545454545
0.025887272727272724
0.10457636363636363
0.19374363636363634
0.01705272727272727
0.03883090909090909
0.02362727272727273
0.038625454545454546
-0.09327636363636364
-0.018696363636363636
0.02486
0.015203636363636362
0.08855090909090908
-0.0024654545454545454
0.1356
0.10971272727272725
-0.034927272727272723
0.07519636363636363
0.07786727272727272
-0.08033272727272728
0.042734545454545456
-0.021778181818181818
-0.09060545454545453
0.10539818181818181
-0.029996363636363634
0.027941818181818182
0.13272363636363635
-0.0069854545454545456
-0.014381818181818181
0.10375454545454545
-0.05218545454545454
-0.045610909090909084
0.13046363636363634
-0.10519272727272726
-0.0447890909090909
0.13827090909090908
-0.0024654545454545454
0.057527272727272726
0.09882363636363636
-0.06225272727272727
0.11341090909090909
0.10437090909090908
-0.09512545454545453
0.09594727272727273
0.1356
-0.027941818181818182
0.07519636363636363
0.14279090909090908
-0.05896545454545454
0.10457636363636363
0.11690363636363636
-0.04910363636363636
0.0940981818181818
-0.02670909090909091
-0.003698181818181818
0.14443454545454545
0.0024654545454545454
0.02301090909090909
0.2194254545454545
0.027325454545454545
0.06553999999999999
0.17833454545454544
-0.0967690909090909
0.001849090909090909
0.06122545454545455
-0.11423272727272726
-0.06553999999999999
0.09533090909090909
-0.03821454545454545
0.04129636363636364
0.15388545454545455
-0.03636545454545455
0.08629090909090908
0.11464363636363636
0.0034927272727272728
0.05033636363636364
0.04232363636363636
-0.07519636363636363
0.02198363636363636
0.00862909090909091
0.011505454545454544
0.1360109090909091
0.0016436363636363634
0.17196545454545456
0.15347454545454545
-0.018285454545454546
0.10827454545454546
0.09779636363636364
-0.006574545454545454
0.04828181818181818
-0.005136363636363636
-0.113
0.05485636363636363
-0.054034545454545446
-0.08218181818181818
0.07149818181818181
-0.06964909090909091
-0.0940981818181818
0.07396363636363636
-0.05198
-0.041912727272727275
0.18922363636363634
0.013765454545454546
0.03636545454545455
0.12779272727272725
0.0113
0.08382545454545455
0.11341090909090909
-0.0764290909090909
0.01992909090909091
0.11176727272727273
-0.055061818181818184
0.20216727272727272
0.10724727272727272
-0.05711636363636363
0.14176363636363634
0.07232
0.04376181818181818
0.033489090909090906
-0.012943636363636362
-0.06964909090909091
0.08629090909090908
0.02486
-0.03143454545454545
0.1803890909090909
0.04294
0.045610909090909084
0.11279454545454545
-0.04396727272727272
0.007190909090909091
0.13806545454545455
-0.055061818181818184
-0.11998545454545453
-0.038625454545454546
-0.05937636363636363
-0.027736363636363635
0.11464363636363636
0.021367272727272728
-0.03513272727272727
0.22805454545454545
0.02486
0.08505818181818181
0.2149054545454545
-0.015819999999999997
0.1586109090909091
0.09923454545454545
-0.10457636363636363
0.03739272727272727
0.06574545454545455
-0.09122181818181817
0.005958181818181818
0.040063636363636364
-0.13724363636363635
0.028558181818181816
0.10149454545454545
-0.08752363636363636
0.10190545454545454
0.12512181818181817
-0.10293272727272727
0.13354545454545455
0.09348181818181817
-0.06553999999999999
0.08115454545454545
-0.03472181818181818
-0.06923818181818181
0.036776363636363635
-0.06944363636363636
-0.043350909090909086
0.1865527272727273
0.07622363636363635
0.053212727272727266
0.2582563636363636
0.03903636363636363
-0.013354545454545456
0.10272727272727272
-0.10601454545454544
-0.028558181818181816
-0.028147272727272726
-0.14381818181818182
0.0918381818181818
0.08115454545454545
0.05608909090909091
0.18963454545454544
0.17114363636363633
0.10272727272727272
0.1871690909090909
0.11567090909090909
-0.04910363636363636
0.10211090909090909
-0.04150181818181818
-0.1356
0.06800545454545455
-0.03944727272727273
-0.05136363636363636
0.13868181818181818
-0.005958181818181818
-0.012532727272727272
0.13909272727272726
0.04150181818181818
0.09081090909090908
0.06369090909090909
-0.005547272727272727
0.02116181818181818
0.07293636363636363
-0.008834545454545454
0.030407272727272724
0.019107272727272726
-0.17895090909090908
0.02670909090909091
0.0006163636363636364
-0.07725090909090909
0.08136
0.0940981818181818
0.01171090909090909
0.1682672727272727
0.13929818181818182
-0.04807636363636364
0.17710181818181817
0.08814
-0.04930909090909091
0.029996363636363634
-0.03513272727272727
-0.08526363636363636
0.05793818181818181
-0.012943636363636362
-0.013560000000000001
0.19764727272727273
-0.06307454545454545
-0.0041090909090909095
0.10396
-0.12224545454545453
-0.05999272727272727
0.08094909090909091
-0.11012363636363637
-0.09861818181818181
0.15594
-0.05711636363636363
0.1577890909090909
0.26277636363636364
-0.0069854545454545456
0.15224181818181817
0.09163272727272727
-0.09882363636363636
0.06759454545454545
0.07108727272727272
-0.1573781818181818
0.04889818181818182
0.031639999999999995
-0.14094181818181817
0.08588
0.12861454545454545
-0.0020545454545454547
0.1532690909090909
0.09019454545454544
-0.032667272727272725
0.20463272727272727
0.011505454545454544
0.06738909090909091
0.19703090909090906
-0.09944
0.06430727272727273
0.13457272727272726
-0.11443818181818181
-0.015203636363636362
0.09327636363636364
-0.06553999999999999
0.019723636363636363
-0.00041090909090909085
-0.030818181818181814
0.1935381818181818
0.05259636363636363
0.0012327272727272727
0.14422909090909092
-0.019107272727272726
-0.03965272727272728
0.18306
-0.01766909090909091
-0.11895818181818181
0.16210363636363637
0.08279818181818181
0.012121818181818182
0.14217454545454544
0.04869272727272727
0.05465090909090909
0.1148490909090909
-0.09779636363636364
0.02938
0.030407272727272724
-0.09533090909090909
0.0904
-0.07786727272727272
-0.08772909090909091
0.08238727272727273
0.10437090909090908
0.07088181818181817
0.02486
0.04129636363636364
-0.024654545454545453
-0.003698181818181818
-0.004314545454545455
-0.01705272727272727
0.06903272727272727
-0.05855454545454545
0.02342181818181818
0.19251090909090907
-0.09718
0.026298181818181814
0.1374490909090909
-0.11115090909090909
0.0034927272727272728
0.05136363636363636
-0.0006163636363636364
0.07006
0.15450181818181818
0.06471818181818181
-0.003287272727272727
0.09101636363636363
0.027120000000000002
0.03698181818181818
0.04787090909090909
-0.113
0.07622363636363635
0.03554363636363636
-0.08320909090909091
0.23771090909090908
0.03472181818181818
-0.031639999999999995
0.19641454545454545
0.09368727272727272
-0.07437454545454546
0.06451272727272726
0.10231636363636364
-0.05855454545454545
0.08156545454545455
-0.10827454545454546
0.035954545454545454
0.14669454545454544
-0.13190181818181818
0.06369090909090909
0.11895818181818181
-0.09492
0.02650363636363636
0.25661272727272727
-0.0764290909090909
-0.0402690909090909
0.23257454545454545
0.04930909090909091
0.04972
0.12799818181818182
0.05115818181818182
0.13046363636363634
0.029996363636363634
-0.19518181818181818
0.0628690909090909
-0.08074363636363636
-0.16908909090909088
0.11895818181818181
-0.03533818181818182
-0.11731454545454545
0.15162545454545454
0.1610763636363636
0.032667272727272725
0.18490909090909088
0.011916363636363636
0.0039036363636363635
0.14443454545454545
-0.04910363636363636
-0.027530909090909092
0.07992181818181819
-0.10005636363636364
0.04294
0.20052363636363635
-0.11813636363636362
0.08731818181818181
0.13683272727272727
-0.05341818181818182
0.040063636363636364
-0.00226
-0.10211090909090909
0.05711636363636363
0.09163272727272727
-0.11341090909090909
0.11977999999999998
0.008834545454545454
0.04787090909090909
0.17484181818181818
-0.010683636363636364
0.12635454545454544
0.14279090909090908
0.011505454545454544
0.035749090909090904
0.17854
-0.11443818181818181
-0.01890181818181818
0.05177454545454545
-0.14484545454545456
-0.06122545454545455
-0.12101272727272726
-0.07375818181818182
-0.00226
0.10827454545454546
-0.05814363636363636
0.1224509090909091
0.1510090909090909
0.024243636363636363
0.25024363636363633
0.08279818181818181
0.001849090909090909
0.031845454545454545
0.07190909090909091
-0.08731818181818181
-0.0016436363636363634
0.041707272727272725
0.027941818181818182
0.09861818181818181
0.002876363636363636
0.10046727272727272
0.06081454545454545
0.10806909090909089
0.008834545454545454
0.03780363636363636
-0.043556363636363636
-0.06369090909090909
0.12758727272727272
-0.00020545454545454542
0.04376181818181818
0.07807272727272727
0.08074363636363636
0.05608909090909091
0.13334
-0.07663454545454546
0.020956363636363638
0.15840545454545454
-0.09224909090909092
0.07601818181818182
-0.012121818181818182
-0.033694545454545456
0.04417272727272727
0.09286545454545453
-0.04458363636363636
-0.028763636363636363
0.10437090909090908
-0.04746
0.17648545454545456
0.06081454545454545
-0.08218181818181818
0.18799090909090907
0.12861454545454545
-0.04972
0.13313454545454545
0.03965272727272728
-0.05526727272727273
0.11115090909090909
-0.05218545454545454
-0.023216363636363632
-0.01808
-0.014176363636363636
0.045816363636363634
0.03739272727272727
-0.05115818181818182
0.08937272727272727
0.2518872727272727
-0.1360109090909091
0.014587272727272727
0.09820727272727273
-0.11238363636363637
0.002670909090909091
-0.040063636363636364
-0.030818181818181814
-0.005136363636363636
-0.029174545454545453
0.06410181818181818
0.10375454545454545
0.033694545454545456
0.04150181818181818
0.12532727272727273
0.09348181818181817
-0.07704545454545454
0.009245454545454545
0.061841818181818185
0.02342181818181818
0.09615272727272728
0.012738181818181817
0.14012
0.07848363636363635
0.04951454545454545
0.27017272727272723
0.015409090909090907
-0.012943636363636362
0.16888363636363635
0.013149090909090907
-0.04889818181818182
0.056705454545454545
0.003287272727272727
-0.08197636363636364
0.02362727272727273
-0.027530909090909092
-0.03821454545454545
0.04602181818181818
-0.018696363636363636
0.031229090909090908
0.07889454545454545
0.05896545454545454
0.07478545454545454
0.14751636363636364
0.027941818181818182
0.038625454545454546
0.1682672727272727
-0.08526363636363636
0.03410545454545454
0.08978363636363636
-0.09718
0.07375818181818182
0.09759090909090909
0.027941818181818182
0.08505818181818181
0.09635818181818182
0.02486
0.08012727272727273
-0.005341818181818182
-0.09861818181818181
0.10334363636363636
-0.029996363636363634
-0.15881636363636362
0.10519272727272726
-0.02527090909090909
-0.10149454545454545
0.17093818181818182
-0.02403818181818182
-0.12635454545454544
0.13046363636363634
0.00452
-0.08320909090909091
0.060609090909090904
-0.06204727272727273
-0.041707272727272725
0.1479272727272727
-0.02034
-0.014176363636363636
0.21963090909090907
0.003698181818181818
0.09122181818181817
0.24469636363636363
-0.09122181818181817
0.10971272727272725
0.17792363636363634
-0.1608709090909091
0.07026545454545453
0.04376181818181818
-0.12101272727272726
0.11998545454545453
0.014587272727272727
-0.041912727272727275
0.12019090909090908
0.026298181818181814
-0.031229090909090908
0.18244363636363634
0.11505454545454545
-0.07232
0.18675818181818182
0.06512909090909091
-0.03739272727272727
0.17833454545454544
-0.10231636363636364
-0.013354545454545456
0.19723636363636363
-0.14525636363636363
0.003287272727272727
0.13827090909090908
-0.07540181818181818
0.1600490909090909
0.12532727272727273
-0.03328363636363636
0.09142727272727272
0.06574545454545455
-0.04068
0.0113
-0.003698181818181818
-0.12594363636363634
0.09327636363636364
0.00226
-0.009245454545454545
0.23401272727272723
0.014176363636363636
0.07088181818181817
0.24818909090909091
0.0069854545454545456
-0.023832727272727273
0.11628727272727273
-0.08238727272727273
-0.05876
-0.03657090909090909
-0.09985090909090909
0.0339
0.006163636363636363
-0.03246181818181818
0.04910363636363636
0.13827090909090908
-0.05608909090909091
0.05362363636363636
0.057527272727272726
-0.11690363636363636
0.07026545454545453
-0.013149090909090907
-0.0113
0.04150181818181818
-0.012943636363636362
0.010889090909090909
0.10293272727272727
-0.03965272727272728
-0.028147272727272726
0.19086727272727272
-0.0565
-0.011505454545454544
0.19025090909090905
0.07293636363636363
0.02527090909090909
0.16559636363636362
0.09122181818181817
-0.04437818181818182
0.12265636363636362
-0.00020545454545454542
-0.04540545454545454
0.05054181818181818
-0.06471818181818181
0.0538290909090909
0.11341090909090909
-0.0008218181818181817
0.1314909090909091
0.11834181818181817
-0.11957454545454545
0.044994545454545454
0.13190181818181818
-0.11957454545454545
-0.06101999999999999
0.11731454545454545
0.0041090909090909095
-0.008218181818181819
0.14299636363636362
0.13991454545454546
0.11608181818181817
0.03883090909090909
0.058349090909090906
0.07930545454545455
-0.08793454545454545
-0.017874545454545452
0.0402690909090909
-0.06985454545454545
-0.09820727272727273
0.04602181818181818
0.10478181818181817
-0.008423636363636364
0.15676181818181817
0.10334363636363636
0.04684363636363636
0.1366272727272727
-0.014381818181818181
0.07396363636363636
0.06225272727272727
-0.13046363636363634
-0.005136363636363636
0.05485636363636363
-0.12039636363636362
0.04437818181818182
0.07992181818181819
-0.07560727272727272
0.05300727272727272
0.04602181818181818
-0.023216363636363632
0.04294
0.05691090909090909
0.06307454545454545
0.1415581818181818
-0.04232363636363636
0.02670909090909091
0.15922727272727272
-0.0538290909090909
0.018285454545454546
0.0020545454545454547
-0.03143454545454545
0.05793818181818181
0.13929818181818182
0.05732181818181818
0.014381818181818181
0.14217454545454544
0.02034
0.08444181818181817
-0.001849090909090909
-0.08814
0.1555290909090909
-0.03636545454545455
-0.08629090909090908
0.15491272727272726
-0.07786727272727272
0.027941818181818182
0.2572290909090909
-0.01725818181818182
-0.012532727272727272
0.030818181818181814
-0.0008218181818181817
0.020956363636363638
0.019518181818181816
-0.03821454545454545
0.05198
0.08567454545454545
-0.02486
0.10909636363636364
0.04951454545454545
0.014381818181818181
0.06266363636363637
0.12039636363636362
-0.02116181818181818
-0.0741690909090909
0.16662363636363633
0.004930909090909091
0.02486
0.07149818181818181
-0.08300363636363636
0.057527272727272726
0.05855454545454545
-0.07663454545454546
0.04068
0.012121818181818182
-0.031229090909090908
0.11834181818181817
0.07848363636363635
-0.0067800000000000004
0.05711636363636363
0.1555290909090909
0.04663818181818182
0.031229090909090908
-0.02157272727272727
-0.031845454545454545
0.12676545454545454
-0.10683636363636365
-0.05814363636363636
0.11854727272727272
-0.05876
0.04725454545454546
0.16415818181818181
-0.02403818181818182
0.014381818181818181
0.12429999999999998
-0.013560000000000001
0.05999272727272727
0.07909999999999999
-0.07663454545454546
0.18326545454545454
0.17258181818181817
-0.08177090909090909
0.17936181818181818
0.026298181818181814
-0.09081090909090908
0.1370381818181818
-0.10806909090909089
-0.12265636363636362
-0.0041090909090909095
-0.0039036363636363635
0.025476363636363634
0.0452
0.044994545454545454
0.08485272727272727
0.1939490909090909
0.027120000000000002
0.02218909090909091
0.08197636363636364
-0.10745272727272726
0.014176363636363636
0.0764290909090909
-0.21757636363636362
0.08526363636363636
0.17525272727272728
-0.08444181818181817
0.19415454545454544
0.040885454545454544
0.006574545454545454
0.20134545454545455
0.03451636363636364
-0.03883090909090909
0.02568181818181818
-0.06738909090909091
-0.04951454545454545
0.1528581818181818
-0.023832727272727273
-0.030818181818181814
0.16744545454545454
0.09122181818181817
0.0008218181818181817
0.13847636363636362
0.05691090909090909
-0.028558181818181816
0.07540181818181818
-0.04314545454545454
0.041707272727272725
0.004314545454545455
-0.06327999999999999
0.12224545454545453
0.007601818181818181
-0.2116181818181818
0.019312727272727273
0.12039636363636362
-0.07992181818181819
0.09224909090909092
0.10437090909090908
-0.005341818181818182
0.10334363636363636
0.17833454545454544
0.027325454545454545
0.03451636363636364
0.07375818181818182
-0.02444909090909091
0.09450909090909092
-0.031023636363636364
0.001438181818181818
0.10560363636363636
-0.02301090909090909
0.01849090909090909
0.14977636363636362
0.05629454545454545
-0.0041090909090909095
0.15614545454545453
0.03020181818181818
-0.07540181818181818
-0.013970909090909091
0.005547272727272727
-0.02486
0.027530909090909092
-0.0470490909090909
0.04109090909090909
0.1397090909090909
-0.09800181818181818
0.1464890909090909
0.04787090909090909
-0.06944363636363636
0.16436363636363635
0.0067800000000000004
-0.021778181818181818
0.04437818181818182
0.015819999999999997
0.0024654545454545454
0.020545454545454544
-0.01705272727272727
-0.010889090909090909
0.038625454545454546
0.054240000000000003
-0.016847272727272728
0.12286181818181818
-0.001849090909090909
-0.04972
0.2748981818181818
-0.06718363636363636
0.02157272727272727
0.20155090909090906
-0.014587272727272727
0.04951454545454545
-0.001849090909090909
-0.03883090909090909
0.05033636363636364
0.04294
0.001849090909090909
0.1306690909090909
0.03554363636363636
0.050747272727272724
0.17689636363636363
0.06143090909090909
-0.12553272727272727
-0.018285454545454546
0.06081454545454545
-0.20545454545454545
0.06656727272727272
0.05855454545454545
-0.08875636363636363
0.11875272727272726
0.05485636363636363
0.08772909090909091
0.13477818181818182
0.05547272727272727
0.14361272727272725
0.07827818181818182
-0.10334363636363636
0.12635454545454544
0.028969090909090906
-0.01890181818181818
0.10334363636363636
0.026298181818181814
0.12347818181818182
0.10005636363636364
0.14237999999999998
0.06348545454545454
0.031229090909090908
-0.023832727272727273
-0.011505454545454544
0.06369090909090909
-0.15121454545454543
0.05013090909090909
0.06430727272727273
-0.17258181818181817
-0.03780363636363636
0.045816363636363634
-0.05999272727272727
0.0006163636363636364
0.06451272727272726
-0.029174545454545453
0.040885454545454544
0.055061818181818184
0.11423272727272726
0.10190545454545454
0.007807272727272727
0.04889818181818182
0.057527272727272726
0.031845454545454545
-0.03554363636363636
0.08341454545454545
0.036776363636363635
-0.055678181818181814
0.1314909090909091
0.04417272727272727
0.016436363636363638
0.10786363636363637
0.04787090909090909
0.08567454545454545
0.008834545454545454
-0.050747272727272724
0.014176363636363636
-0.009656363636363637
-0.0016436363636363634
0.00226
0.08896181818181817
0.07129272727272727
-0.03020181818181818
0.13272363636363635
0.020545454545454544
-0.036776363636363635
0.0805381818181818
-0.0940981818181818
-0.0030818181818181817
0.0470490909090909
-0.0904
0.12409454545454546
0.12306727272727273
0.01725818181818182
0.24798363636363635
0.13909272727272726
-0.005547272727272727
0.22456181818181817
0.18285454545454544
-0.05300727272727272
0.030407272727272724
0.038419999999999996
-0.11916363636363636
0.03533818181818182
-0.0067800000000000004
-0.16272
0.16046
0.015203636363636362
-0.1637472727272727
0.21696000000000001
-0.03657090909090909
-0.025887272727272724
0.2781854545454545
-0.05855454545454545
-0.001849090909090909
0.19477090909090908
-0.01890181818181818
-0.0226
0.03307818181818182
-0.11156181818181818
-0.029174545454545453
0.04129636363636364
-0.08259272727272728
0.016847272727272728
0.11053454545454545
-0.0010272727272727274
0.14320181818181818
0.06574545454545455
-0.10848000000000001
0.12224545454545453
-0.07211454545454546
-0.06636181818181817
0.044994545454545454
-0.12080727272727272
0.05300727272727272
0.14381818181818182
0.06163636363636363
0.13724363636363635
0.26893999999999996
0.06738909090909091
0.13539454545454546
0.1569672727272727
-0.13354545454545455
0.028558181818181816
0.02979090909090909
-0.18285454545454544
-0.020956363636363638
0.06862181818181817
-0.06081454545454545
0.09512545454545453
0.07375818181818182
0.02075090909090909
0.12327272727272726
0.06430727272727273
0.052390909090909085
0.05691090909090909
0.05095272727272727
-0.06389636363636363
0.12717636363636362
0.14381818181818182
-0.06697818181818181
0.07026545454545453
0.003698181818181818
-0.003287272727272727
0.08136
-0.016847272727272728
-0.0020545454545454547
0.16189818181818183
-0.00041090909090909085
-0.003698181818181818
0.21059090909090908
-0.00041090909090909085
0.038419999999999996
0.1600490909090909
-0.04602181818181818
-0.05362363636363636
0.06595090909090909
-0.13354545454545455
0.016847272727272728
0.14895454545454545
-0.12635454545454544
0.09286545454545453
0.12943636363636363
-0.10478181818181817
0.012121818181818182
0.08978363636363636
-0.11135636363636363
-0.002876363636363636
0.05280181818181818
-0.19538727272727272
0.07560727272727272
0.11238363636363637
-0.005136363636363636
0.24346363636363635
0.028969090909090906
-0.0447890909090909
0.2116181818181818
-0.08033272727272728
-0.025476363636363634
0.10950727272727273
-0.23812181818181818
-0.04684363636363636
0.08464727272727272
-0.059787272727272724
0.06882727272727272
0.15614545454545453
0.06718363636363636
0.12799818181818182
0.16415818181818181
-0.04684363636363636
0.08875636363636363
0.15840545454545454
-0.07951090909090908
-0.013354545454545456
0.027530909090909092
-0.08916727272727272
0.07232
0.059170909090909087
-0.054034545454545446
0.113
-0.019312727272727273
-0.03780363636363636
0.15963818181818182
0.023832727272727273
-0.007396363636363636
0.18162181818181816
0.08998909090909091
0.025887272727272724
0.11423272727272726
0.002876363636363636
0.053212727272727266
0.08074363636363636
-0.04889818181818182
0.016847272727272728
0.08464727272727272
0.04951454545454545
0.10498727272727272
0.06862181818181817
-0.03965272727272728
0.09204363636363636
0.07725090909090909
-0.032667272727272725
0.010478181818181819
-0.01705272727272727
-0.00904
0.10231636363636364
0.013765454545454546
-0.04787090909090909
0.18100545454545455
0.08197636363636364
-0.04972
0.060609090909090904
-0.0034927272727272728
-0.07334727272727272
-0.04828181818181818
-0.046432727272727264
-0.03800909090909091
0.00945090909090909
-0.013149090909090907
0.13621636363636364
0.11238363636363637
-0.08896181818181817
0.13868181818181818
0.17997818181818181
-0.012738181818181817
0.040063636363636364
0.030818181818181814
0.0
0.04150181818181818
0.00862909090909091
0.07375818181818182
0.02198363636363636
-0.025887272727272724
0.008834545454545454
0.02034
0.007396363636363636
-0.06636181818181817
0.10498727272727272
0.018696363636363636
-0.03698181818181818
0.14073636363636363
0.06019818181818181
0.11772545454545454
0.09348181818181817
-0.045610909090909084
0.041912727272727275
0.05033636363636364
-0.05054181818181818
0.06595090909090909
0.10950727272727273
-0.18121090909090906
0.03307818181818182
0.15717272727272727
-0.0904
0.16641818181818183
0.06019818181818181
-0.05341818181818182
0.05444545454545455
0.028147272727272726
0.030612727272727274
0.09471454545454545
0.18984
-0.05958181818181818
0.1479272727272727
0.11772545454545454
-0.09718
0.2535309090909091
-0.010683636363636364
-0.1524472727272727
0.08649636363636364
-0.1351890909090909
-0.07725090909090909
0.11320545454545454
-0.10827454545454546
0.03903636363636363
0.12306727272727273
-0.005752727272727272
0.12594363636363634
0.10478181818181817
-0.004725454545454545
0.09656363636363637
0.08670181818181817
-0.17032181818181816
0.09327636363636364
0.08115454545454545
-0.13107999999999997
0.15984363636363638
0.05547272727272727
-0.042734545454545456
0.14258545454545454
0.06595090909090909
-0.01808
0.05855454545454545
-0.033694545454545456
0.031023636363636364
0.11752
-0.035749090909090904
-0.0012327272727272727
0.13827090909090908
0.017874545454545452
0.042529090909090905
0.15409090909090908
0.005958181818181818
0.07478545454545454
0.042529090909090905
-0.023216363636363632
0.05814363636363636
0.012532727272727272
-0.06266363636363637
0.054034545454545446
-0.02239454545454545
-0.18429272727272727
0.0470490909090909
-0.09738545454545454
-0.08362
0.13436727272727272
0.07745636363636363
0.08320909090909091
0.10663090909090908
0.11156181818181818
0.08136
0.12224545454545453
-0.004314545454545455
-0.008218181818181819
0.03533818181818182
-0.05629454545454545
0.008423636363636364
0.09635818181818182
-0.07006
0.03800909090909091
0.19107272727272728
-0.1499818181818182
0.09594727272727273
0.17997818181818181
-0.04068
0.06882727272727272
0.027736363636363635
-0.028558181818181816
-0.004930909090909091
0.0678
-0.005547272727272727
0.12882
0.0565
-0.06143090909090909
0.14710545454545454
0.02218909090909091
-0.05547272727272727
0.13457272727272726
0.044994545454545454
-0.19662
0.16148727272727273
0.07067636363636363
-0.14874909090909091
0.18901818181818184
0.0
0.002876363636363636
0.11053454545454545
-0.029996363636363634
0.11464363636363636
0.14772181818181818
-0.05547272727272727
0.05999272727272727
0.17052727272727272
-0.0452
0.07088181818181817
0.19744181818181816
-0.02444909090909091
-0.02075090909090909
0.11197272727272727
-0.062458181818181815
0.030612727272727274
0.06738909090909091
-0.14032545454545453
0.10293272727272727
0.027325454545454545
-0.07766181818181818
0.18162181818181816
0.046432727272727264
-0.04889818181818182
0.10293272727272727
-0.08074363636363636
-0.10293272727272727
0.11176727272727273
-0.0786890909090909
-0.01849090909090909
0.09327636363636364
-0.07704545454545454
0.0764290909090909
0.14443454545454545
0.027941818181818182
0.11382181818181818
0.07334727272727272
-0.05177454545454545
0.12697090909090908
0.04910363636363636
-0.10498727272727272
0.15347454545454545
0.06101999999999999
-0.0339
0.19025090909090905
0.07006
0.04807636363636364
0.1686781818181818
-0.04458363636363636
-0.023832727272727273
0.0727309090909091
-0.09944
-0.026298181818181814
0.02301090909090909
-0.07396363636363636
0.011916363636363636
0.06553999999999999
-0.033489090909090906
0.04663818181818182
0.10087818181818181
-0.055061818181818184
0.11238363636363637
0.10005636363636364
-0.08978363636363636
0.1894290909090909
0.11772545454545454
-0.025476363636363634
0.21100181818181818
-0.024243636363636363
-0.06903272727272727
0.15676181818181817
-0.045610909090909084
0.03554363636363636
0.19682545454545455
-0.00020545454545454542
0.036776363636363635
0.1479272727272727
0.001849090909090909
-0.008834545454545454
0.15758363636363634
0.03636545454545455
-0.12101272727272726
0.09245454545454544
-0.03225636363636363
-0.030407272727272724
0.18285454545454544
-0.1088909090909091
0.04437818181818182
0.09841272727272728
-0.14320181818181818
0.09656363636363637
0.12142363636363637
-0.10745272727272726
-0.07149818181818181
-0.010067272727272725
-0.11649272727272726
0.0020545454545454547
0.11341090909090909
0.06143090909090909
0.12635454545454544
0.1341618181818182
0.06122545454545455
0.21757636363636362
0.09861818181818181
-0.02116181818181818
0.15429636363636362
-0.2052490909090909
-0.06882727272727272
0.14299636363636362
-0.15409090909090908
-0.06738909090909091
0.07437454545454546
0.005136363636363636
-0.052390909090909085
0.1645690909090909
-0.003287272727272727
0.0039036363636363635
0.19908545454545457
-0.08320909090909091
0.018696363636363636
0.17052727272727272
-0.05876
0.08115454545454545
0.11752
-0.1495709090909091
0.1483381818181818
0.018696363636363636
-0.05465090909090909
0.18758
0.037598181818181815
0.015409090909090907
0.08444181818181817
0.25538
-0.028352727272727273
0.025887272727272724
0.10457636363636363
-0.17484181818181818
-0.03205090909090909
-0.05711636363636363
0.05465090909090909
0.056705454545454545
-0.010272727272727272
0.20360545454545456
0.24736727272727274
0.01890181818181818
0.1495709090909091
0.2631872727272727
-0.03225636363636363
-0.047665454545454546
0.004314545454545455
-0.06122545454545455
-0.15943272727272728
-0.029174545454545453
-0.0063690909090909084
0.04376181818181818
0.05259636363636363
0.02116181818181818
0.17402
0.031229090909090908
0.023216363636363632
0.04376181818181818
0.02444909090909091
-0.09861818181818181
-0.04232363636363636
0.09265999999999999
-0.06451272727272726
0.02198363636363636
0.08464727272727272
0.0020545454545454547
0.04972
0.029996363636363634
-0.014998181818181817
0.12512181818181817
-0.036776363636363635
0.03800909090909091
0.15922727272727272
-0.039241818181818176
0.0402690909090909
0.04294
0.05033636363636364
0.02938
-0.007601818181818181
-0.05896545454545454
0.03307818181818182
0.04232363636363636
-0.03821454545454545
0.13046363636363634
0.06143090909090909
0.02301090909090909
0.12101272727272726
0.04663818181818182
-0.09697454545454545
0.02157272727272727
-0.0113
-0.06903272727272727
0.10806909090909089
-0.035749090909090904
0.04930909090909091
0.2584618181818182
0.04663818181818182
0.1035490909090909
0.24983272727272726
-0.09368727272727272
0.06841636363636364
0.1577890909090909
-0.17484181818181818
0.06553999999999999
0.019312727272727273
-0.10683636363636365
0.11094545454545454
0.11115090909090909
-0.05300727272727272
0.15758363636363634
0.20627636363636362
-0.07786727272727272
0.12224545454545453
0.07622363636363635
-0.07519636363636363
0.07190909090909091
-0.031023636363636364
-0.11875272727272726
0.07560727272727272
-0.05526727272727273
-0.05259636363636363
0.14731090909090908
-0.13498363636363636
-0.05485636363636363
0.14340727272727272
0.02979090909090909
0.08855090909090908
0.14854363636363635
0.03698181818181818
0.17381454545454544
0.12429999999999998
-0.11628727272727273
0.09800181818181818
0.042529090909090905
-0.06553999999999999
0.05547272727272727
-0.09081090909090908
-0.09122181818181817
0.16641818181818183
0.0741690909090909
0.005341818181818182
0.13334
-0.0008218181818181817
0.06636181818181817
0.15635090909090907
-0.09820727272727273
-0.04150181818181818
0.09122181818181817
-0.13128545454545454
0.02157272727272727
0.0727309090909091
-0.09204363636363636
0.16477454545454545
0.1653909090909091
-0.014792727272727272
0.02527090909090909
0.024654545454545453
-0.035954545454545454
0.09964545454545454
0.051569090909090905
-0.10108363636363636
0.113
0.07704545454545454
-0.03328363636363636
0.09368727272727272
0.002670909090909091
-0.019312727272727273
0.14320181818181818
0.030818181818181814
0.028558181818181816
0.14710545454545454
0.035749090909090904
0.07622363636363635
0.13621636363636364
-0.0402690909090909
-0.043556363636363636
0.1510090909090909
-0.13395636363636362
-0.10601454545454544
0.1397090909090909
-0.17484181818181818
0.022805454545454542
0.1411472727272727
-0.02527090909090909
0.10519272727272726
0.08300363636363636
0.038625454545454546
0.08341454545454545
0.05711636363636363
-0.04807636363636364
0.11977999999999998
0.04807636363636364
-0.1808
0.15203636363636364
0.09019454545454544
-0.14443454545454545
0.16415818181818181
0.11115090909090909
-0.15162545454545454
0.11546545454545454
0.10026181818181817
-0.055678181818181814
0.14607818181818183
-0.01171090909090909
0.06718363636363636
0.1916890909090909
-0.030407272727272724
0.02650363636363636
0.12512181818181817
-0.03965272727272728
-0.007807272727272727
0.1351890909090909
-0.17032181818181816
-0.04828181818181818
0.13621636363636364
-0.016025454545454544
0.06430727272727273
0.12553272727272727
0.09615272727272728
0.10868545454545453
0.07766181818181818
-0.07827818181818182
0.09615272727272728
0.00904
-0.16888363636363635
0.04417272727272727
-0.12779272727272725
-0.10005636363636364
0.23750545454545452
0.04437818181818182
-0.014998181818181817
0.22497272727272724
0.012327272727272727
0.09923454545454545
0.14813272727272728
-0.02691454545454545
0.07766181818181818
0.01623090909090909
0.013149090909090907
0.005958181818181818
0.0805381818181818
0.018285454545454546
0.06451272727272726
0.07560727272727272
-0.07663454545454546
0.13169636363636364
-0.012738181818181817
-0.07725090909090909
0.08526363636363636
-0.018696363636363636
-0.07663454545454546
0.05896545454545454
-0.031639999999999995
-0.09224909090909092
0.033489090909090906
-0.06204727272727273
0.042529090909090905
0.041912727272727275
-0.005136363636363636
0.12655999999999998
0.17936181818181818
0.029585454545454543
0.06040363636363636
0.22476727272727273
0.002670909090909091
0.03780363636363636
0.04807636363636364
-0.03698181818181818
0.024243636363636363
-0.012327272727272727
-0.02034
0.027325454545454545
0.05362363636363636
0.01766909090909091
0.14525636363636363
0.08711272727272727
-0.06512909090909091
0.12532727272727273
0.10046727272727272
-0.0904
0.07889454545454545
0.08259272727272728
-0.01623090909090909
0.08670181818181817
0.037598181818181815
0.051569090909090905
0.113
0.004314545454545455
-0.0010272727272727274
0.12717636363636362
-0.04314545454545454
-0.05054181818181818
0.15491272727272726
-0.05937636363636363
-0.0030818181818181817
0.14669454545454544
-0.08218181818181818
0.001438181818181818
0.18984
-0.04437818181818182
-0.05629454545454545
0.1454618181818182
-0.04314545454545454
0.053212727272727266
0.15080363636363636
-0.028352727272727273
0.12882
0.0764290909090909
-0.07581272727272727
0.1586109090909091
0.051569090909090905
-0.16189818181818183
0.10950727272727273
0.021367272727272728
-0.11731454545454545
0.10416545454545453
0.02670909090909091
-0.05280181818181818
0.15676181818181817
0.06574545454545455
-0.09512545454545453
0.09224909090909092
-0.01705272727272727
-0.003287272727272727
0.08526363636363636
-0.1803890909090909
-0.025476363636363634
0.13683272727272727
-0.07067636363636363
0.09450909090909092
0.1939490909090909
-0.023216363636363632
0.13477818181818182
0.15922727272727272
-0.014381818181818181
0.06019818181818181
0.013354545454545456
-0.055883636363636364
0.09553636363636364
0.001438181818181818
0.012327272727272727
0.24983272727272726
0.024243636363636363
0.1012890909090909
0.21634363636363635
-0.021778181818181818
0.040885454545454544
0.02198363636363636
-0.004725454545454545
0.016025454545454544
-0.07252545454545453
-0.049925454545454544
0.03821454545454545
-0.020956363636363638
-0.03965272727272728
0.031639999999999995
-0.02691454545454545
-0.05958181818181818
0.10272727272727272
0.08855090909090908
-0.07971636363636364
0.11628727272727273
0.09327636363636364
0.043350909090909086
0.21757636363636362
0.06492363636363636
0.055678181818181814
0.12121818181818181
-0.06019818181818181
0.039241818181818176
0.11608181818181817
-0.09060545454545453
0.061841818181818185
0.08793454545454545
-0.1284090909090909
0.0
0.08731818181818181
-0.032667272727272725
0.02075090909090909
0.05999272727272727
-0.14525636363636363
0.05773272727272727
0.16929454545454545
-0.05629454545454545
0.07026545454545453
0.07149818181818181
-0.04684363636363636
0.05608909090909091
0.11526
-0.08834545454545455
0.07992181818181819
0.06677272727272728
-0.20463272727272727
0.11628727272727273
0.00041090909090909085
-0.08526363636363636
0.25476363636363636
0.13929818181818182
-0.040885454545454544
0.20052363636363635
0.15491272727272726
-0.006574545454545454
0.19600363636363635
-0.008218181818181819
-0.03944727272727273
0.0805381818181818
-0.10601454545454544
0.04869272727272727
0.058349090909090906
-0.12717636363636362
0.12265636363636362
0.1713490909090909
-0.10478181818181817
0.037598181818181815
0.17422545454545454
-0.05937636363636363
0.06718363636363636
0.15429636363636362
-0.15121454545454543
0.14525636363636363
0.06697818181818181
-0.15573454545454543
0.18778545454545456
-0.09697454545454545
-0.03965272727272728
0.1935381818181818
-0.04109090909090909
-0.008218181818181819
0.1645690909090909
0.06800545454545455
-0.0034927272727272728
0.14936545454545455
-0.043350909090909086
-0.08526363636363636
0.07930545454545455
-0.08403090909090909
-0.08300363636363636
0.07889454545454545
-0.09430363636363637
0.14710545454545454
0.2116181818181818
-0.042529090909090905
0.27017272727272723
0.06225272727272727
0.019518181818181816
0.1360109090909091
-0.0764290909090909
-0.09060545454545453
-0.038625454545454546
-0.05218545454545454
-0.11115090909090909
0.0741690909090909
-0.003287272727272727
-0.013354545454545456
0.18470363636363635
0.06430727272727273
-0.010478181818181819
0.17504727272727272
-0.015203636363636362
-0.005547272727272727
0.15080363636363636
-0.15943272727272728
0.07745636363636363
0.1325181818181818
-0.007601818181818181
0.07601818181818182
0.09327636363636364
0.01705272727272727
-0.0024654545454545454
0.12758727272727272
-0.03246181818181818
0.05300727272727272
0.06553999999999999
0.04232363636363636
0.13107999999999997
0.06553999999999999
0.014176363636363636
0.14340727272727272
0.10231636363636364
-0.16189818181818183
0.12882
-0.006574545454545454
-0.09944
0.1524472727272727
0.009656363636363637
-0.00226
0.07375818181818182
0.057527272727272726
-0.04746
0.02362727272727273
-0.05793818181818181
-0.007190909090909091
0.11567090909090909
-0.13272363636363635
-0.04951454545454545
0.14813272727272728
0.03903636363636363
0.16559636363636362
0.22168545454545452
-0.07971636363636364
0.09348181818181817
0.09307090909090908
-0.0402690909090909
0.04376181818181818
-0.05485636363636363
-0.09738545454545454
-0.062458181818181815
0.06553999999999999
-0.02527090909090909
0.07129272727272727
0.1865527272727273
0.05485636363636363
0.13498363636363636
0.058349090909090906
-0.04869272727272727
0.12039636363636362
-0.02650363636363636
-0.14669454545454544
0.0226
-0.14607818181818183
-0.029585454545454543
0.06964909090909091
-0.012943636363636362
0.08731818181818181
0.00041090909090909085
0.021778181818181818
0.08526363636363636
0.1148490909090909
0.05896545454545454
0.11526
0.14607818181818183
0.002876363636363636
0.11094545454545454
0.10806909090909089
-0.0024654545454545454
0.08772909090909091
0.04807636363636364
-0.08546909090909091
0.10642545454545453
0.07683999999999999
0.029585454545454543
0.12594363636363634
-0.02403818181818182
0.019723636363636363
0.06081454545454545
-0.06677272727272728
-0.018285454545454546
0.09841272727272728
-0.06533454545454545
0.01766909090909091
0.07683999999999999
0.038625454545454546
0.17628
0.11998545454545453
0.14895454545454545
0.0538290909090909
-0.062458181818181815
-0.0447890909090909
0.07540181818181818
-0.05218545454545454
-0.1577890909090909
0.07334727272727272
-0.044994545454545454
-0.035954545454545454
0.14505090909090906
0.09430363636363637
-0.002876363636363636
0.12265636363636362
0.09327636363636364
-0.031639999999999995
0.08197636363636364
0.03020181818181818
0.09019454545454544
0.06595090909090909
-0.11875272727272726
0.028763636363636363
0.12368363636363637
-0.07560727272727272
0.012943636363636362
0.02486
-0.06101999999999999
0.01890181818181818
-0.007396363636363636
0.09985090909090909
0.012738181818181817
0.04602181818181818
0.09307090909090908
0.07149818181818181
0.11423272727272726
-0.05136363636363636
0.09533090909090909
0.05937636363636363
-0.08218181818181818
0.09348181818181817
-0.029174545454545453
-0.039241818181818176
0.16415818181818181
-0.007601818181818181
0.014381818181818181
0.08855090909090908
-0.04211818181818182
0.05608909090909091
0.11135636363636363
-0.05876
-0.0012327272727272727
0.20956363636363634
0.02486
0.07745636363636363
0.13272363636363635
-0.02075090909090909
0.08382545454545455
0.06369090909090909
-0.13868181818181818
-0.010683636363636364
0.06451272727272726
-0.12779272727272725
0.09759090909090909
0.02938
-0.031639999999999995
0.13868181818181818
0.11423272727272726
0.053212727272727266
0.04622727272727272
0.02527090909090909
-0.055678181818181814
0.11197272727272727
-0.11669818181818181
-0.04684363636363636
0.21305636363636363
-0.06656727272727272
0.05465090909090909
0.20401636363636363
-0.04910363636363636
0.09122181818181817
0.19970181818181817
-0.044994545454545454
0.10046727272727272
-0.02301090909090909
-0.0741690909090909
0.10293272727272727
0.010683636363636364
-0.010067272727272725
0.07314181818181818
0.11916363636363636
0.010889090909090909
0.1532690909090909
0.08300363636363636
-0.042529090909090905
0.08074363636363636
0.01808
-0.024654545454545453
0.030818181818181814
-0.09286545454545453
-0.0030818181818181817
0.13457272727272726
-0.19436
-0.044994545454545454
0.062458181818181815
-0.023216363636363632
0.11505454545454545
0.11895818181818181
0.06512909090909091
0.12039636363636362
0.16251454545454544
0.023832727272727273
0.15902181818181815
0.006163636363636363
-0.09800181818181818
0.06163636363636363
0.02157272727272727
-0.11587636363636362
-0.06307454545454545
0.08300363636363636
-0.07725090909090909
0.1351890909090909
0.033694545454545456
-0.045816363636363634
0.1366272727272727
0.0339
0.016025454545454544
0.00041090909090909085
-0.0020545454545454547
-0.005547272727272727
0.16066545454545456
0.019723636363636363
0.07232
0.13642181818181817
-0.014792727272727272
0.07478545454545454
0.04294
-0.0339
-0.04540545454545454
0.03944727272727273
-0.10231636363636364
0.040063636363636364
0.0020545454545454547
-0.07889454545454545
0.17607454545454546
0.039241818181818176
-0.035749090909090904
0.08752363636363636
0.1894290909090909
0.008218181818181819
0.20648181818181818
0.12635454545454544
-0.10560363636363636
0.19025090909090905
0.057527272727272726
0.05198
0.11977999999999998
0.0628690909090909
-0.04109090909090909
0.08197636363636364
-0.01890181818181818
-0.11587636363636362
0.14299636363636362
-0.05341818181818182
0.030818181818181814
0.10601454545454544
-0.030612727272727274
0.05711636363636363
0.12265636363636362
-0.020545454545454544
-0.014381818181818181
0.005136363636363636
-0.06759454545454545
0.03307818181818182
-0.005341818181818182
0.045816363636363634
0.08546909090909091
0.08320909090909091
0.008218181818181819
0.1682672727272727
0.08711272727272727
-0.06369090909090909
0.24531272727272724
-0.1360109090909091
-0.1012890909090909
0.10724727272727272
-0.11526
0.0786890909090909
0.07519636363636363
0.03739272727272727
0.15018727272727272
0.07992181818181819
0.01623090909090909
0.15840545454545454
0.03800909090909091
-0.1608709090909091
0.013765454545454546
0.027120000000000002
-0.1314909090909091
0.009656363636363637
0.01725818181818182
-0.10601454545454544
0.07232
-0.0339
-0.03143454545454545
0.19045636363636362
-0.00945090909090909
0.004930909090909091
0.16929454545454545
-0.029174545454545453
0.03020181818181818
0.22086363636363635
0.040063636363636364
0.02075090909090909
0.042734545454545456
0.01664181818181818
0.05937636363636363
0.0904
0.0940981818181818
0.021367272727272728
0.13477818181818182
0.08526363636363636
0.03800909090909091
0.13087454545454547
0.026298181818181814
0.026298181818181814
0.002876363636363636
-0.15676181818181817
-0.03143454545454545
0.05999272727272727
-0.031845454545454545
0.0918381818181818
0.11423272727272726
0.02075090909090909
0.10622
0.15121454545454543
-0.006574545454545454
0.09430363636363637
0.06369090909090909
-0.18347090909090907
0.0470490909090909
0.013970909090909091
-0.01992909090909091
0.1610763636363636
0.05177454545454545
0.07683999999999999
0.15265272727272727
0.09779636363636364
0.04047454545454546
0.16580181818181816
0.026298181818181814
-0.15409090909090908
0.10211090909090909
-0.08012727272727273
-0.17545818181818182
0.06738909090909091
-0.09944
0.03533818181818182
0.10683636363636365
-0.07581272727272727
0.14176363636363634
0.10868545454545453
-0.0470490909090909
0.11854727272727272
0.0678
-0.06553999999999999
0.12306727272727273
0.02568181818181818
-0.14854363636363635
0.03246181818181818
-0.0113
-0.10313818181818181
0.06369090909090909
-0.061841818181818185
-0.04663818181818182
0.24839454545454545
0.0447890909090909
0.10745272727272726
0.18285454545454544
-0.01992909090909091
0.08916727272727272
0.06225272727272727
-0.035954545454545454
-0.031845454545454545
0.027941818181818182
-0.028352727272727273
0.06656727272727272
0.09512545454545453
-0.007190909090909091
0.2672963636363636
0.19682545454545455
0.04294
0.1337509090909091
0.033694545454545456
-0.015614545454545454
0.06718363636363636
-0.12594363636363634
-0.10909636363636364
0.08711272727272727
-0.1125890909090909
0.031023636363636364
0.10334363636363636
0.042529090909090905
0.12224545454545453
0.1341618181818182
0.04294
0.01623090909090909
0.13539454545454546
-0.08300363636363636
0.05362363636363636
0.07745636363636363
-0.10252181818181817
0.09389272727272728
0.028969090909090906
-0.06266363636363637
0.06512909090909091
0.07766181818181818
0.02403818181818182
0.10786363636363637
0.03657090909090909
0.06143090909090909
0.10704181818181817
-0.010889090909090909
0.07827818181818182
0.10601454545454544
-0.08382545454545455
-0.02486
0.09697454545454545
-0.1337509090909091
-0.05300727272727272
0.12347818181818182
-0.04725454545454546
-0.016025454545454544
0.1610763636363636
-0.0006163636363636364
-0.034310909090909086
0.08074363636363636
-0.07314181818181818
-0.019312727272727273
-0.04314545454545454
-0.09944
0.12943636363636363
0.04047454545454546
-0.0904
0.24818909090909091
0.20011272727272728
0.010683636363636364
0.2142890909090909
0.06821090909090909
-0.09964545454545454
0.1017
0.11752
-0.1261490909090909
0.0063690909090909084
-0.02075090909090909
-0.02691454545454545
0.16210363636363637
-0.03554363636363636
0.11752
0.1524472727272727
-0.0226
0.0940981818181818
0.10293272727272727
-0.12450545454545454
-0.00904
0.17402
-0.14299636363636362
-0.04314545454545454
0.10622
-0.02609272727272727
0.0741690909090909
0.05958181818181818
-0.018696363636363636
0.12758727272727272
0.08403090909090909
0.04047454545454546
0.2147
-0.009656363636363637
0.004930909090909091
0.22435636363636363
0.028969090909090906
-0.0895781818181818
0.06636181818181817
0.04129636363636364
-0.041912727272727275
0.07232
-0.008423636363636364
0.06348545454545454
0.06636181818181817
0.04068
0.13025818181818183
-0.018696363636363636
-0.019312727272727273
0.07807272727272727
0.04787090909090909
-0.08094909090909091
-0.06923818181818181
0.02239454545454545
0.02670909090909091
0.028558181818181816
0.07047090909090908
0.041912727272727275
0.1012890909090909
0.04725454545454546
-0.01171090909090909
0.10231636363636364
-0.12553272727272727
0.06081454545454545
0.1360109090909091
-0.10601454545454544
0.03307818181818182
0.036776363636363635
0.08937272727272727
0.06595090909090909
0.011094545454545454
-0.0034927272727272728
0.029585454545454543
0.10334363636363636
-0.0034927272727272728
0.02486
0.07745636363636363
-0.016847272727272728
0.07088181818181817
0.08259272727272728
-0.05855454545454545
0.06204727272727273
0.07006
-0.01623090909090909
-0.012327272727272727
0.03020181818181818
-0.007807272727272727
0.09656363636363637
0.12512181818181817
0.015203636363636362
0.1495709090909091
0.012121818181818182
0.059787272727272724
0.03821454545454545
-0.07992181818181819
0.019107272727272726
0.04376181818181818
0.03225636363636363
-0.05855454545454545
0.12409454545454546
0.04211818181818182
0.020956363636363638
0.20730363636363636
-0.003698181818181818
-0.02362727272727273
0.12738181818181818
-0.02670909090909091
0.0034927272727272728
0.08629090909090908
-0.04663818181818182
0.11793090909090909
0.09081090909090908
-0.0016436363636363634
0.07951090909090908
0.06944363636363636
-0.05958181818181818
0.04869272727272727
0.054034545454545446
-0.226
0.056705454545454545
0.08855090909090908
-0.009861818181818182
0.14422909090909092
0.08711272727272727
0.07149818181818181
0.15614545454545453
0.06019818181818181
-0.01725818181818182
0.060609090909090904
-0.11217818181818182
-0.027736363636363635
0.05259636363636363
-0.0741690909090909
0.027736363636363635
0.09471454545454545
0.024243636363636363
0.14340727272727272
0.21346727272727273
-0.027530909090909092
0.13169636363636364
0.07437454545454546
-0.08814
0.08382545454545455
0.0012327272727272727
-0.01992909090909091
0.07047090909090908
0.03903636363636363
-0.02486
0.12491636363636363
0.028969090909090906
0.023216363636363632
0.13827090909090908
-0.11382181818181818
0.0012327272727272727
0.14299636363636362
-0.05280181818181818
-0.05218545454545454
0.034927272727272723
-0.06697818181818181
-0.0628690909090909
-0.02568181818181818
-0.02403818181818182
0.0339
0.09389272727272728
0.06553999999999999
0.10087818181818181
0.1836763636363636
0.02198363636363636
0.12080727272727272
0.07601818181818182
-0.07560727272727272
0.08690727272727272
-0.0226
-0.08464727272727272
0.0447890909090909
-0.031229090909090908
-0.06738909090909091
0.1306690909090909
0.09224909090909092
0.01849090909090909
0.15059818181818183
0.08711272727272727
-0.03451636363636364
0.08629090909090908
0.05095272727272727
-0.05465090909090909
0.08711272727272727
-0.027120000000000002
0.04787090909090909
0.13025818181818183
-0.001438181818181818
0.10745272727272726
0.12203999999999998
0.014792727272727272
0.017874545454545452
0.06903272727272727
-0.04068
0.06841636363636364
0.05896545454545454
-0.05177454545454545
0.09594727272727273
0.026298181818181814
-0.06307454545454545
0.11772545454545454
0.11649272727272726
0.005341818181818182
0.14566727272727273
0.003287272727272727
0.01890181818181818
0.22004181818181817
0.027530909090909092
0.05095272727272727
0.1411472727272727
-0.05526727272727273
0.025887272727272724
0.11957454545454545
-0.11074
-0.0113
0.014176363636363636
-0.1483381818181818
0.019107272727272726
0.09635818181818182
-0.012121818181818182
0.026298181818181814
0.08505818181818181
-0.04211818181818182
0.06143090909090909
0.002670909090909091
-0.13128545454545454
0.15347454545454545
-0.03513272727272727
-0.15963818181818182
0.22374
0.02486
-0.0113
0.24818909090909091
-0.010683636363636364
0.07334727272727272
0.15080363636363636
-0.07047090909090908
-0.011505454545454544
0.06451272727272726
-0.11505454545454545
-0.03205090909090909
0.16847272727272727
-0.11505454545454545
0.12512181818181817
0.2549690909090909
-0.05259636363636363
0.21326181818181816
0.17299272727272727
-0.04437818181818182
0.10457636363636363
0.015819999999999997
-0.04972
0.06143090909090909
-0.07396363636363636
-0.08629090909090908
0.03616
-0.004314545454545455
-0.06903272727272727
0.07848363636363635
0.04602181818181818
-0.04150181818181818
0.18881272727272727
0.03020181818181818
0.019723636363636363
0.1781290909090909
0.08875636363636363
0.18223818181818183
0.09122181818181817
-0.06451272727272726
0.05629454545454545
0.09985090909090909
-0.0006163636363636364
0.06903272727272727
0.07170363636363636
-0.02670909090909091
0.0904
0.05341818181818182
-0.0895781818181818
-0.015409090909090907
0.04129636363636364
-0.012943636363636362
-0.015203636363636362
-0.019312727272727273
-0.04602181818181818
0.05485636363636363
0.025887272727272724
-0.020956363636363638
0.12738181818181818
0.021778181818181818
-0.007807272727272727
0.16662363636363633
-0.018696363636363636
-0.09327636363636364
0.06656727272727272
-0.02157272727272727
-0.07108727272727272
0.0447890909090909
-0.009861818181818182
0.06225272727272727
0.2251781818181818
0.04622727272727272
0.13046363636363634
0.15676181818181817
-0.014381818181818181
0.16292545454545454
0.025476363636363634
-0.10026181818181817
0.06430727272727273
-0.005136363636363636
-0.09615272727272728
0.013354545454545456
0.07149818181818181
-0.04232363636363636
0.11423272727272726
0.12758727272727272
-0.08731818181818181
0.18429272727272727
0.0940981818181818
-0.07108727272727272
0.2562018181818182
0.0
-0.05814363636363636
0.1826490909090909
-0.07396363636363636
-0.014381818181818181
0.06430727272727273
-0.06656727272727272
0.010067272727272725
0.018285454545454546
0.07519636363636363
0.07786727272727272
0.09635818181818182
0.1257381818181818
0.05362363636363636
0.0741690909090909
-0.06430727272727273
0.03965272727272728
0.040063636363636364
-0.1012890909090909
0.08855090909090908
0.028352727272727273
0.08423636363636364
0.1524472727272727
0.05608909090909091
0.1510090909090909
0.06410181818181818
-0.02239454545454545
0.04211818181818182
-0.04622727272727272
-0.10026181818181817
-0.07396363636363636
-0.07786727272727272
-0.1261490909090909
-0.0470490909090909
0.10416545454545453
-0.031845454545454545
0.11752
0.15409090909090908
-0.014176363636363636
0.15306363636363635
-0.011916363636363636
0.04725454545454546
0.0805381818181818
-0.03903636363636363
0.03739272727272727
-0.02157272727272727
0.05629454545454545
-0.03718727272727273
0.013149090909090907
0.06985454545454545
-0.03513272727272727
0.07560727272727272
0.05095272727272727
-0.02609272727272727
0.12635454545454544
0.07108727272727272
0.04129636363636364
0.15984363636363638
-0.03225636363636363
0.1171090909090909
0.16662363636363633
-0.03636545454545455
0.04807636363636364
0.07334727272727272
-0.013560000000000001
0.04437818181818182
0.11546545454545454
-0.04314545454545454
-0.008834545454545454
0.05280181818181818
-0.06903272727272727
0.003287272727272727
0.09265999999999999
-0.17977272727272728
-0.027736363636363635
0.1865527272727273
-0.07396363636363636
0.18203272727272726
0.15224181818181817
0.05876
0.2658581818181818
-0.008218181818181819
-0.04663818181818182
0.21757636363636362
0.04725454545454546
-0.11320545454545454
0.07745636363636363
-0.08403090909090909
-0.1528581818181818
0.04150181818181818
0.08834545454545455
0.025887272727272724
0.09163272727272727
0.052390909090909085
0.08012727272727273
0.19662
-0.19662
0.06225272727272727
0.13272363636363635
-0.2658581818181818
0.01705272727272727
0.03533818181818182
-0.1744309090909091
0.030407272727272724
0.10930181818181818
-0.05958181818181818
0.11628727272727273
0.05095272727272727
-0.0012327272727272727
0.2229181818181818
0.07047090909090908
-0.02609272727272727
0.19415454545454544
0.09019454545454544
-0.08505818181818181
0.12594363636363634
-0.06759454545454545
0.008012727272727272
0.11074
-0.042529090909090905
0.09841272727272728
-0.055678181818181814
-0.01623090909090909
0.15306363636363635
0.06595090909090909
-0.08978363636363636
0.1017
0.07355272727272727
-0.09389272727272728
0.09163272727272727
0.01171090909090909
-0.004725454545454545
0.12286181818181818
0.09245454545454544
0.024243636363636363
0.1721709090909091
-0.015203636363636362
0.04211818181818182
0.17011636363636362
-0.18182727272727273
-0.04376181818181818
0.05013090909090909
0.025887272727272724
-0.025887272727272724
0.09738545454545454
0.005341818181818182
-0.028352727272727273
0.28825272727272727
0.015409090909090907
0.06821090909090909
0.11854727272727272
0.03616
0.1171090909090909
0.004725454545454545
-0.04314545454545454
0.03739272727272727
0.02198363636363636
-0.08567454545454545
0.010067272727272725
-0.056705454545454545
-0.0452
0.03451636363636364
0.06204727272727273
-0.02362727272727273
0.005136363636363636
0.1296418181818182
0.023832727272727273
0.15963818181818182
0.07006
0.02691454545454545
0.13169636363636364
0.02116181818181818
0.016847272727272728
0.09245454545454544
-0.05814363636363636
-0.06800545454545455
0.13025818181818183
-0.13334
-0.05937636363636363
0.04622727272727272
-0.008834545454545454
0.1257381818181818
0.003287272727272727
-0.043350909090909086
0.06143090909090909
0.13005272727272726
0.032667272727272725
0.1411472727272727
0.09985090909090909
-0.015614545454545454
0.15491272727272726
0.08588
-0.05033636363636364
0.07601818181818182
0.05362363636363636
-0.18531999999999998
0.018285454545454546
-0.04663818181818182
-0.10026181818181817
0.14505090909090906
-0.04232363636363636
0.034927272727272723
0.11341090909090909
-0.05136363636363636
0.13395636363636362
0.1608709090909091
-0.06944363636363636
0.014792727272727272
0.06595090909090909
-0.04602181818181818
0.08197636363636364
0.15162545454545454
0.013765454545454546
0.12142363636363637
0.10478181818181817
0.05608909090909091
0.11053454545454545
-0.03307818181818182
0.03903636363636363
0.06677272727272728
-0.11012363636363637
-0.07108727272727272
0.15142
0.011094545454545454
-0.006163636363636363
0.14176363636363634
0.016847272727272728
0.045816363636363634
0.07848363636363635
0.03020181818181818
0.05547272727272727
0.0565
-0.14916
0.04951454545454545
0.0678
-0.15224181818181817
0.06944363636363636
-0.014792727272727272
-0.040063636363636364
0.028147272727272726
0.06882727272727272
0.04602181818181818
0.09389272727272728
0.09820727272727273
0.06143090909090909
0.14217454545454544
-0.010478181818181819
0.1296418181818182
0.13847636363636362
0.0010272727272727274
-0.07478545454545454
0.024654545454545453
-0.005136363636363636
-0.12265636363636362
0.0990290909090909
-0.04910363636363636
0.014792727272727272
0.10293272727272727
-0.00452
0.06841636363636364
0.13107999999999997
-0.00041090909090909085
-0.010067272727272725
0.10704181818181817
-0.05732181818181818
0.07458
0.06677272727272728
-0.03657090909090909
0.017874545454545452
0.04129636363636364
-0.008834545454545454
-0.005136363636363636
0.0967690909090909
-0.06307454545454545
0.07355272727272727
0.015409090909090907
-0.10416545454545453
0.11977999999999998
0.03533818181818182
-0.038625454545454546
0.15491272727272726
0.09307090909090908
-0.04437818181818182
0.18244363636363634
0.05485636363636363
0.048487272727272726
0.16148727272727273
-0.0628690909090909
0.06410181818181818
0.14032545454545453
-0.01808
0.05814363636363636
0.11649272727272726
-0.08629090909090908
0.031229090909090908
0.09635818181818182
-0.12101272727272726
-0.0024654545454545454
0.12779272727272725
-0.07006
0.0628690909090909
0.20134545454545455
-0.12984727272727273
0.12306727272727273
0.13991454545454546
-0.09553636363636364
0.10416545454545453
-0.08629090909090908
-0.10848000000000001
0.14936545454545455
-0.008012727272727272
-0.01808
0.25085999999999997
0.06204727272727273
0.05711636363636363
0.2459290909090909
0.06225272727272727
0.021367272727272728
0.04068
-0.08485272727272727
-0.0565
0.03205090909090909
-0.052390909090909085
0.11752
0.09594727272727273
-0.057527272727272726
0.22928727272727273
0.08526363636363636
-0.08690727272727272
0.13025818181818183
0.04807636363636364
-0.1325181818181818
0.0067800000000000004
-0.007807272727272727
-0.12738181818181818
0.012327272727272727
-0.01890181818181818
-0.03800909090909091
0.07478545454545454
0.008218181818181819
-0.028969090909090906
0.1103290909090909
-0.005547272727272727
0.040063636363636364
0.17011636363636362
-0.01623090909090909
0.08300363636363636
0.14874909090909091
0.00041090909090909085
0.014176363636363636
0.06348545454545454
0.0020545454545454547
0.055061818181818184
0.04787090909090909
0.0016436363636363634
0.14710545454545454
0.08916727272727272
-0.014792727272727272
0.08752363636363636
0.0226
-0.07786727272727272
0.05054181818181818
-0.036776363636363635
-0.13991454545454546
0.06944363636363636
-0.001438181818181818
-0.09923454545454545
0.20175636363636362
0.12594363636363634
-0.02979090909090909
0.2494218181818182
0.032667272727272725
0.015203636363636362
0.17854
-0.13231272727272728
0.030818181818181814
0.11567090909090909
-0.07314181818181818
0.031229090909090908
0.22456181818181817
0.1035490909090909
0.05896545454545454
0.21059090909090908
0.006574545454545454
0.07170363636363636
0.12779272727272725
-0.12080727272727272
0.05300727272727272
-0.03985818181818182
-0.1586109090909091
0.16148727272727273
-0.008834545454545454
-0.0447890909090909
0.14422909090909092
0.028147272727272726
-0.0008218181818181817
0.08731818181818181
0.032872727272727276
-0.019312727272727273
0.11854727272727272
-0.113
-0.031229090909090908
0.1766909090909091
-0.1803890909090909
0.018285454545454546
0.18449818181818184
-0.1723763636363636
0.005136363636363636
0.1499818181818182
-0.12676545454545454
0.0538290909090909
0.08485272727272727
0.02013454545454545
0.1524472727272727
0.02342181818181818
-0.007396363636363636
0.050747272727272724
0.028352727272727273
-0.10252181818181817
0.021778181818181818
-0.006163636363636363
-0.07190909090909091
0.16580181818181816
0.10231636363636364
0.09224909090909092
0.15121454545454543
0.07581272727272727
0.13005272727272726
0.09265999999999999
-0.1296418181818182
0.055883636363636364
-0.006163636363636363
-0.14525636363636363
0.07683999999999999
-0.0749909090909091
0.02527090909090909
0.1325181818181818
0.04458363636363636
0.03616
0.16580181818181816
0.07334727272727272
-0.08074363636363636
0.2331909090909091
-0.003698181818181818
-0.07827818181818182
0.17545818181818182
0.015203636363636362
0.0020545454545454547
0.07314181818181818
0.027325454545454545
0.08074363636363636
0.10293272727272727
-0.06410181818181818
0.04129636363636364
0.12265636363636362
0.015203636363636362
0.035749090909090904
0.10478181818181817
-0.0030818181818181817
0.007190909090909091
0.16580181818181816
-0.018285454545454546
0.027530909090909092
0.029174545454545453
-0.05465090909090909
0.1366272727272727
-0.014381818181818181
-0.054240000000000003
0.15635090909090907
0.019107272727272726
-0.12019090909090908
0.027120000000000002
-0.005341818181818182
-0.0918381818181818
0.015614545454545454
-0.06862181818181817
-0.040885454545454544
0.09265999999999999
-0.013354545454545456
0.09759090909090909
0.2798290909090909
0.07396363636363636
-0.013765454545454546
0.18614181818181816
-0.039241818181818176
-0.032872727272727276
0.17176
-0.16847272727272727
-0.0764290909090909
0.10087818181818181
-0.06821090909090909
0.07108727272727272
0.13025818181818183
0.014792727272727272
0.11279454545454545
0.08978363636363636
-0.0678
0.043556363636363636
0.03410545454545454
-0.10704181818181817
0.03410545454545454
0.004930909090909091
-0.16046
0.09594727272727273
0.13498363636363636
-0.02650363636363636
0.20216727272727272
0.07704545454545454
0.0041090909090909095
0.2512709090909091
0.027736363636363635
-0.001438181818181818
0.22148
0.035749090909090904
-0.010067272727272725
0.11361636363636363
-0.03513272727272727
0.038419999999999996
0.11279454545454545
-0.0967690909090909
0.055678181818181814
0.05444545454545455
-0.06389636363636363
0.15491272727272726
0.04109090909090909
-0.0452
0.07971636363636364
0.02527090909090909
-0.041707272727272725
0.04889818181818182
0.027736363636363635
-0.05547272727272727
0.10991818181818182
0.040063636363636364
-0.01171090909090909
0.18162181818181816
0.09718
0.08875636363636363
0.10046727272727272
-0.14525636363636363
-0.013560000000000001
0.08608545454545455
-0.11526
0.03636545454545455
-0.02362727272727273
-0.07622363636363635
0.1608709090909091
0.04951454545454545
0.030407272727272724
0.06081454545454545
0.06163636363636363
0.08033272727272728
0.001849090909090909
0.041912727272727275
0.030612727272727274
0.08526363636363636
0.07006
-0.07889454545454545
-0.0016436363636363634
-0.015409090909090907
-0.07047090909090908
0.1257381818181818
0.00452
-0.05937636363636363
0.08279818181818181
0.03965272727272728
0.1415581818181818
0.08362
0.0034927272727272728
0.015409090909090907
0.12676545454545454
-0.007601818181818181
-0.06697818181818181
0.1637472727272727
-0.09944
0.038419999999999996
0.10457636363636363
-0.07108727272727272
0.040885454545454544
0.12512181818181817
0.0339
0.012943636363636362
0.12861454545454545
-0.12676545454545454
0.1296418181818182
0.08218181818181818
-0.10971272727272725
0.1682672727272727
-0.011505454545454544
-0.00945090909090909
0.1781290909090909
0.06903272727272727
-0.028558181818181816
0.18614181818181816
0.002876363636363636
-0.1148490909090909
0.10683636363636365
-0.03636545454545455
-0.048487272727272726
0.10334363636363636
-0.060609090909090904
-0.02013454545454545
0.13107999999999997
-0.11094545454545454
0.11628727272727273
0.10396
-0.1321072727272727
0.09471454545454545
0.027941818181818182
-0.016436363636363638
0.13888727272727272
0.12943636363636363
0.034927272727272723
0.15676181818181817
0.1171090909090909
0.011094545454545454
0.10519272727272726
0.05691090909090909
0.038625454545454546
0.09718
-0.0805381818181818
-0.04663818181818182
0.15614545454545453
-0.10190545454545454
-0.012327272727272727
0.10848000000000001
-0.07129272727272727
0.09327636363636364
0.06677272727272728
-0.061841818181818185
0.08444181818181817
0.0339
-0.02486
0.09635818181818182
-0.05999272727272727
-0.001438181818181818
0.1017
-0.03554363636363636
-0.03246181818181818
0.05876
0.021778181818181818
-0.028969090909090906
0.15450181818181818
0.005136363636363636
0.0006163636363636364
0.15573454545454543
-0.01766909090909091
0.027530909090909092
0.09964545454545454
-0.035954545454545454
0.03472181818181818
0.08320909090909091
-0.13107999999999997
0.02486
0.07458
-0.07889454545454545
0.05773272727272727
0.11094545454545454
-0.03143454545454545
0.01992909090909091
0.1397090909090909
-0.05732181818181818
0.03472181818181818
0.08834545454545455
-0.04725454545454546
0.06451272727272726
0.06964909090909091
0.01725818181818182
0.10950727272727273
0.03616
-0.08259272727272728
0.12655999999999998
-0.0039036363636363635
-0.0470490909090909
0.18162181818181816
0.002670909090909091
-0.07930545454545455
0.1351890909090909
0.050747272727272724
-0.08526363636363636
0.1125890909090909
0.054034545454545446
0.04150181818181818
0.13087454545454547
0.08998909090909091
0.1257381818181818
0.1337509090909091
-0.0006163636363636364
0.055678181818181814
0.1351890909090909
-0.10046727272727272
0.13087454545454547
0.14135272727272727
-0.14340727272727272
0.06718363636363636
0.06204727272727273
-0.07293636363636363
0.055883636363636364
0.03143454545454545
-0.07930545454545455
0.01849090909090909
0.011916363636363636
0.06143090909090909
0.09861818181818181
-0.04396727272727272
-0.011916363636363636
0.1216290909090909
-0.027736363636363635
-0.05362363636363636
0.18573090909090906
-0.07149818181818181
-0.012532727272727272
0.17176
-0.06800545454545455
0.053212727272727266
0.12861454545454545
0.10334363636363636
0.08855090909090908
-0.06923818181818181
-0.09656363636363637
0.12265636363636362
0.02938
-0.12655999999999998
0.09348181818181817
0.06204727272727273
0.03020181818181818
0.15922727272727272
0.11423272727272726
0.03020181818181818
0.07232
0.014176363636363636
-0.0067800000000000004
-0.01705272727272727
-0.1329290909090909
0.013970909090909091
-0.0010272727272727274
-0.1216290909090909
-0.006163636363636363
0.0805381818181818
0.01171090909090909
0.06718363636363636
0.14607818181818183
-0.012327272727272727
0.07108727272727272
0.12491636363636363
0.06019818181818181
0.12306727272727273
0.042734545454545456
0.09224909090909092
0.13190181818181818
0.008834545454545454
0.030407272727272724
0.05444545454545455
0.018696363636363636
0.013354545454545456
0.06738909090909091
0.004930909090909091
-0.05136363636363636
0.13046363636363634
0.02034
-0.03718727272727273
0.13498363636363636
-0.012738181818181817
0.010889090909090909
0.07827818181818182
-0.0470490909090909
-0.00020545454545454542
0.061841818181818185
0.056705454545454545
0.08094909090909091
0.06040363636363636
0.013149090909090907
0.02938
0.09060545454545453
-0.07540181818181818
-0.06307454545454545
0.10211090909090909
-0.13806545454545455
0.04294
0.15819999999999998
-0.08875636363636363
0.16498
0.18490909090909088
0.01808
0.2093581818181818
0.09101636363636363
-0.03225636363636363
0.0749909090909091
-0.0940981818181818
-0.12347818181818182
-0.02691454545454545
-0.032872727272727276
-0.11135636363636363
0.11053454545454545
0.113
-0.14012
0.25887272727272725
0.058349090909090906
-0.06266363636363637
0.20319454545454546
-0.07108727272727272
-0.001438181818181818
0.12327272727272726
-0.05876
-0.01171090909090909
0.13827090909090908
-0.1366272727272727
0.03616
0.16641818181818183
-0.11628727272727273
0.06903272727272727
0.15080363636363636
0.04972
0.17484181818181818
0.14032545454545453
-0.07704545454545454
0.16949999999999998
0.005547272727272727
-0.09861818181818181
0.06327999999999999
-0.08772909090909091
0.07190909090909091
0.06081454545454545
0.03554363636363636
0.11587636363636362
0.23154727272727274
0.034927272727272723
0.06204727272727273
0.15614545454545453
-0.16600727272727273
0.03246181818181818
-0.013149090909090907
-0.18881272727272727
-0.07971636363636364
-0.021367272727272728
-0.032667272727272725
0.14053090909090907
0.1148490909090909
0.04396727272727272
0.2029890909090909
-0.029174545454545453
0.05177454545454545
0.14484545454545456
-0.06759454545454545
-0.10601454545454544
0.06923818181818181
-0.05773272727272727
-0.06677272727272728
0.13190181818181818
-0.06348545454545454
0.08505818181818181
0.07745636363636363
-0.02116181818181818
0.06369090909090909
0.06677272727272728
-0.028352727272727273
0.056705454545454545
0.09697454545454545
-0.09738545454545454
0.14751636363636364
0.0990290909090909
-0.03205090909090909
0.07807272727272727
0.055883636363636364
-0.09574181818181818
0.004314545454545455
0.06307454545454545
-0.09944
0.18141636363636363
0.0470490909090909
-0.06738909090909091
0.20792
0.02938
-0.11156181818181818
0.08772909090909091
-0.04232363636363636
-0.08279818181818181
0.1495709090909091
-0.012738181818181817
0.1216290909090909
0.1608709090909091
0.05937636363636363
0.20607090909090908
0.1676509090909091
0.03903636363636363
0.05465090909090909
0.1881963636363636
-0.10087818181818181
-0.04910363636363636
0.09944
-0.20648181818181818
-0.012943636363636362
0.10437090909090908
-0.07396363636363636
0.10663090909090908
0.12060181818181817
0.005341818181818182
0.14340727272727272
-0.028352727272727273
-0.08012727272727273
0.1012890909090909
-0.09779636363636364
-0.05629454545454545
0.05198
-0.08300363636363636
-0.04540545454545454
0.07149818181818181
0.07026545454545453
-0.019518181818181816
0.1871690909090909
0.12039636363636362
0.035749090909090904
0.2034
-0.007396363636363636
0.11526
0.09553636363636364
-0.035954545454545454
0.044994545454545454
-0.07458
-0.06964909090909091
-0.013970909090909091
-0.014998181818181817
-0.07149818181818181
0.05691090909090909
0.007601818181818181
0.07930545454545455
0.14402363636363635
-0.005958181818181818
0.12060181818181817
0.04725454545454546
-0.01705272727272727
-0.017874545454545452
-0.021367272727272728
-0.06923818181818181
0.07478545454545454
0.07478545454545454
-0.003698181818181818
0.18203272727272726
0.08978363636363636
0.03328363636363636
0.09512545454545453
0.043556363636363636
-0.09512545454545453
0.11156181818181818
0.028147272727272726
-0.04540545454545454
0.08752363636363636
-0.025476363636363634
0.0452
0.059787272727272724
0.0764290909090909
-0.05054181818181818
0.16724
0.13190181818181818
0.02444909090909091
0.11464363636363636
-0.08218181818181818
0.06923818181818181
0.02034
-0.004930909090909091
0.018285454545454546
-0.07601818181818182
-0.11875272727272726
0.02403818181818182
0.03800909090909091
-0.039241818181818176
0.06985454545454545
0.08793454545454545
0.09553636363636364
0.030818181818181814
0.22415090909090907
0.053212727272727266
0.019107272727272726
0.1296418181818182
-0.08588
0.03472181818181818
-0.08978363636363636
-0.02609272727272727
0.13107999999999997
-0.08259272727272728
-0.059170909090909087
0.11608181818181817
0.014381818181818181
0.028763636363636363
0.16724
0.06225272727272727
-0.015614545454545454
0.09245454545454544
0.06451272727272726
0.00862909090909091
0.03739272727272727
-0.005341818181818182
0.09861818181818181
0.028558181818181816
0.0226
-0.04746
0.03225636363636363
-0.015203636363636362
-0.03944727272727273
0.13087454545454547
-0.18326545454545454
0.1610763636363636
0.11669818181818181
-0.028969090909090906
0.10108363636363636
-0.016436363636363638
0.028763636363636363
0.0447890909090909
0.06081454545454545
-0.15162545454545454
0.10601454545454544
-0.029174545454545453
0.1125890909090909
0.21244
-0.031229090909090908
0.15943272727272728
0.08731818181818181
0.13334
-0.03903636363636363
0.10334363636363636
-0.033489090909090906
0.017463636363636362
0.0041090909090909095
-0.1351890909090909
0.04807636363636364
0.001438181818181818
0.1723763636363636
0.03513272727272727
0.13457272727272726
-0.10786363636363637
0.09594727272727273
0.09389272727272728
-0.22250727272727272
0.14237999999999998
-0.05793818181818181
-0.05259636363636363
-0.028969090909090906
0.02527090909090909
0.03985818181818182
0.06553999999999999
-0.01664181818181818
0.055883636363636364
0.14340727272727272
-0.06923818181818181
0.14422909090909092
0.17011636363636362
0.07519636363636363
-0.10149454545454545
0.10252181818181817
-0.00904
-0.03965272727272728
0.14464
-0.08629090909090908
0.06369090909090909
-0.036776363636363635
0.024243636363636363
0.05218545454545454
0.03780363636363636
0.027120000000000002
0.13046363636363634
0.14895454545454545
-0.09656363636363637
0.18121090909090906
0.03205090909090909
-0.07581272727272727
0.07766181818181818
-0.0226
-0.03657090909090909
0.0967690909090909
0.005958181818181818
-0.03307818181818182
0.13231272727272728
-0.05732181818181818
-0.03903636363636363
0.07992181818181819
0.08279818181818181
-0.021778181818181818
0.05773272727272727
0.008218181818181819
-0.04746
0.21059090909090908
-0.0990290909090909
0.00945090909090909
0.21798727272727272
-0.04622727272727272
0.09204363636363636
0.15018727272727272
-0.007396363636363636
0.12039636363636362
0.05136363636363636
-0.0678
0.11916363636363636
-0.03020181818181818
-0.06821090909090909
0.1483381818181818
0.031023636363636364
-0.15943272727272728
0.05855454545454545
0.04047454545454546
-0.15676181818181817
0.13477818181818182
0.04068
-0.07026545454545453
0.18388181818181817
0.006574545454545454
-0.03533818181818182
0.1637472727272727
-0.0538290909090909
0.041912727272727275
0.17196545454545456
-0.19867454545454544
-0.009245454545454545
0.21305636363636363
0.008218181818181819
0.04910363636363636
0.12286181818181818
0.09450909090909092
0.14361272727272725
0.15532363636363636
-0.01623090909090909
-0.006163636363636363
0.028147272727272726
-0.09800181818181818
0.04725454545454546
0.001849090909090909
-0.04540545454545454
0.1894290909090909
0.06595090909090909
0.05773272727272727
0.16436363636363635
0.04807636363636364
0.08485272727272727
0.016847272727272728
-0.06081454545454545
-0.04068
-0.08012727272727273
-0.06944363636363636
0.010067272727272725
0.016025454545454544
-0.15409090909090908
0.06451272727272726
0.1528581818181818
-0.0918381818181818
0.12286181818181818
0.06636181818181817
-0.003287272727272727
0.15429636363636362
-0.005136363636363636
0.07683999999999999
0.12286181818181818
0.006574545454545454
0.06882727272727272
0.08341454545454545
-0.05732181818181818
-0.03020181818181818
0.10909636363636364
-0.04663818181818182
-0.05177454545454545
0.11176727272727273
-0.014176363636363636
-0.06492363636363636
0.11546545454545454
-0.07108727272727272
-0.07560727272727272
0.10087818181818181
-0.08505818181818181
0.02979090909090909
0.07725090909090909
-0.06656727272727272
0.08382545454545455
0.16703454545454544
0.0538290909090909
0.11176727272727273
0.06574545454545455
-0.05876
0.06944363636363636
-0.030407272727272724
-0.09635818181818182
0.052390909090909085
0.02116181818181818
-0.020956363636363638
0.1370381818181818
0.12779272727272725
0.06451272727272726
0.28558181818181816
0.11957454545454545
-0.012327272727272727
0.15409090909090908
-0.02157272727272727
-0.04068
0.08505818181818181
-0.07519636363636363
-0.012121818181818182
0.13272363636363635
-0.048487272727272726
0.06492363636363636
0.16436363636363635
0.003698181818181818
0.07170363636363636
0.004314545454545455
-0.06615636363636364
0.056705454545454545
0.03903636363636363
-0.04150181818181818
0.01623090909090909
0.05629454545454545
-0.03883090909090909
0.07375818181818182
0.08218181818181818
-0.041707272727272725
0.07807272727272727
0.016847272727272728
0.03328363636363636
0.14176363636363634
0.003287272727272727
0.06553999999999999
0.16580181818181816
-0.07601818181818182
-0.016847272727272728
0.07396363636363636
-0.18326545454545454
0.0020545454545454547
0.05177454545454545
-0.12080727272727272
0.025887272727272724
0.06595090909090909
0.058349090909090906
0.17936181818181818
0.07478545454545454
-0.02013454545454545
0.1193690909090909
-0.015614545454545454
-0.10067272727272727
-0.06841636363636364
-0.06595090909090909
-0.10190545454545454
0.012943636363636362
0.11012363636363637
-0.03903636363636363
0.16046
0.060609090909090904
0.11546545454545454
0.12902545454545453
-0.09574181818181818
0.11526
-0.0030818181818181817
-0.019518181818181816
0.05300727272727272
0.10108363636363636
-0.02670909090909091
0.09923454545454545
0.08711272727272727
-0.09224909090909092
0.16292545454545454
-0.0067800000000000004
0.08834545454545455
-0.002876363636363636
0.04684363636363636
0.10087818181818181
0.008218181818181819
0.20607090909090908
-0.04910363636363636
0.17299272727272727
0.09841272727272728
-0.10827454545454546
0.11217818181818182
-0.027736363636363635
-0.08033272727272728
0.08464727272727272
0.08546909090909091
-0.03225636363636363
0.08382545454545455
-0.019518181818181816
-0.04889818181818182
0.045610909090909084
-0.07519636363636363
-0.06101999999999999
0.10334363636363636
0.003698181818181818
-0.07006
0.16436363636363635
0.09286545454545453
0.22456181818181817
0.20381090909090907
0.004930909090909091
0.08218181818181818
0.054240000000000003
-0.004314545454545455
-0.014792727272727272
0.0016436363636363634
-0.23976545454545453
-0.02075090909090909
0.05711636363636363
-0.1555290909090909
0.16662363636363633
0.10334363636363636
-0.04663818181818182
0.14340727272727272
-0.0041090909090909095
-0.1337509090909091
0.11341090909090909
-0.07581272727272727
-0.08834545454545455
0.09512545454545453
-0.11854727272727272
-0.003287272727272727
0.12183454545454545
-0.005547272727272727
0.06101999999999999
0.18429272727272727
0.013149090909090907
0.09307090909090908
0.15429636363636362
0.05485636363636363
0.12265636363636362
0.009656363636363637
0.05896545454545454
0.11916363636363636
0.012327272727272727
-0.06985454545454545
0.10005636363636364
0.029174545454545453
-0.10313818181818181
0.14012
-0.013560000000000001
-0.012738181818181817
0.08978363636363636
0.04211818181818182
0.031229090909090908
0.03739272727272727
-0.005958181818181818
0.005752727272727272
0.10149454545454545
-0.1994963636363636
0.04807636363636364
0.14566727272727273
-0.03718727272727273
0.24633999999999998
0.1224509090909091
0.02342181818181818
0.1257381818181818
0.04540545454545454
-0.033489090909090906
0.061841818181818185
-0.0470490909090909
-0.02609272727272727
0.07478545454545454
-0.0470490909090909
-0.03883090909090909
0.06369090909090909
0.15614545454545453
0.014176363636363636
0.08567454545454545
-0.003698181818181818
-0.024243636363636363
0.2181927272727273
-0.07560727272727272
-0.024243636363636363
0.09779636363636364
-0.09635818181818182
0.041912727272727275
0.07334727272727272
-0.1337509090909091
0.0069854545454545456
0.06430727272727273
-0.035749090909090904
0.06533454545454545
0.002670909090909091
0.009861818181818182
0.14813272727272728
0.14422909090909092
-0.032667272727272725
0.10827454545454546
0.09594727272727273
-0.07560727272727272
0.11238363636363637
-0.001438181818181818
-0.11238363636363637
0.06471818181818181
0.09697454545454545
-0.0538290909090909
0.0538290909090909
0.013765454545454546
0.035954545454545454
0.16251454545454544
-0.005341818181818182
-0.03533818181818182
0.0741690909090909
0.04437818181818182
-0.055678181818181814
0.20319454545454546
-0.04684363636363636
0.025065454545454544
0.21059090909090908
-0.09142727272727272
0.08916727272727272
-0.0786890909090909
-0.06225272727272727
0.09450909090909092
-0.042529090909090905
-0.11752
0.0628690909090909
0.03636545454545455
0.001849090909090909
0.18614181818181816
0.04376181818181818
-0.034310909090909086
0.06327999999999999
0.10704181818181817
-0.12121818181818181
0.11115090909090909
-0.08300363636363636
-0.007601818181818181
0.3172218181818182
-0.09204363636363636
0.13991454545454546
0.1921
0.0749909090909091
0.028352727272727273
0.15573454545454543
-0.11793090909090909
-0.054034545454545446
0.12984727272727273
-0.2229181818181818
0.10971272727272725
-0.06492363636363636
0.06471818181818181
0.12594363636363634
-0.010067272727272725
0.06595090909090909
0.12019090909090908
0.11772545454545454
-0.07334727272727272
0.1984690909090909
-0.07786727272727272
-0.018696363636363636
0.03451636363636364
-0.0010272727272727274
0.05054181818181818
-0.03616
-0.020956363636363638
-0.06492363636363636
0.19559272727272728
-0.13929818181818182
0.08115454545454545
0.1713490909090909
-0.007807272727272727
0.14977636363636362
0.041707272727272725
0.03944727272727273
0.02527090909090909
0.16292545454545454
-0.12594363636363634
0.011916363636363636
0.025065454545454544
-0.10827454545454546
0.05115818181818182
-0.03965272727272728
0.056705454545454545
0.04376181818181818
0.12039636363636362
-0.042529090909090905
0.0538290909090909
0.025065454545454544
-0.08444181818181817
0.06389636363636363
-0.04746
-0.03143454545454545
0.02403818181818182
0.05300727272727272
-0.05033636363636364
0.11176727272727273
0.03698181818181818
0.032667272727272725
0.12080727272727272
-0.056705454545454545
0.01171090909090909
0.04951454545454545
0.001438181818181818
-0.017463636363636362
0.08629090909090908
-0.05198
0.0764290909090909
0.13785999999999998
0.00862909090909091
0.15018727272727272
0.1261490909090909
0.06266363636363637
0.07149818181818181
0.10046727272727272
0.029996363636363634
0.09224909090909092
-0.033489090909090906
-0.00226
0.1337509090909091
-0.08197636363636364
-0.09204363636363636
0.10231636363636364
0.030407272727272724
-0.06985454545454545
0.18059454545454545
-0.013560000000000001
-0.00945090909090909
0.12039636363636362
-0.027736363636363635
0.08505818181818181
0.11567090909090909
0.012327272727272727
0.02444909090909091
0.10190545454545454
-0.1076581818181818
0.11115090909090909
0.05547272727272727
-0.03636545454545455
0.2533254545454545
0.00904
0.011916363636363636
0.15635090909090907
0.1374490909090909
-0.0113
-0.05999272727272727
-0.14895454545454545
-0.08218181818181818
0.048487272727272726
-0.08136
-0.004314545454545455
0.11772545454545454
0.1284090909090909
0.09697454545454545
0.20483818181818178
-0.06882727272727272
0.05218545454545454
0.15984363636363638
-0.17422545454545454
0.07293636363636363
-0.08978363636363636
-0.15635090909090907
0.024243636363636363
-0.06553999999999999
-0.08608545454545455
0.08259272727272728
0.09615272727272728
-0.013354545454545456
0.14669454545454544
0.013149090909090907
-0.07190909090909091
0.14217454545454544
0.1524472727272727
-0.003698181818181818
0.13991454545454546
0.09779636363636364
0.00452
0.0967690909090909
-0.06615636363636364
0.05691090909090909
0.10622
-0.059170909090909087
0.013765454545454546
0.18840181818181817
-0.005958181818181818
-0.019312727272727273
0.1686781818181818
-0.08362
-0.02362727272727273
0.040063636363636364
-0.07581272727272727
0.03739272727272727
0.06759454545454545
-0.05814363636363636
0.11526
0.12758727272727272
-0.05958181818181818
0.18059454545454545
0.15265272727272727
-0.06697818181818181
0.13806545454545455
0.03554363636363636
-0.22250727272727272
0.12779272727272725
-0.016025454545454544
-0.07971636363636364
0.14813272727272728
0.019518181818181816
0.12080727272727272
0.2755145454545454
0.04972
-0.019312727272727273
0.2586672727272727
-0.14607818181818183
-0.012943636363636362
0.0538290909090909
-0.2514763636363636
-0.002670909090909091
0.03513272727272727
-0.004725454545454545
-0.050747272727272724
0.20463272727272727
-0.05773272727272727
0.07540181818181818
0.1980581818181818
-0.14176363636363634
0.22086363636363635
-0.010067272727272725
-0.15491272727272726
0.08937272727272727
0.0
-0.15532363636363636
0.10909636363636364
-0.014381818181818181
-0.05136363636363636
0.15347454545454545
-0.07458
0.12265636363636362
0.11197272727272727
0.1076581818181818
0.06821090909090909
0.18490909090909088
0.02691454545454545
-0.04622727272727272
0.20648181818181818
-0.21182363636363635
-0.045610909090909084
0.07683999999999999
-0.030818181818181814
0.017874545454545452
0.07540181818181818
0.07088181818181817
0.11443818181818181
0.15655636363636363
0.03636545454545455
0.09553636363636364
-0.050747272727272724
0.01725818181818182
0.004314545454545455
-0.08012727272727273
-0.11854727272727272
0.03410545454545454
0.10601454545454544
-0.03636545454545455
0.15059818181818183
0.12019090909090908
0.10971272727272725
0.06944363636363636
0.11813636363636362
0.05095272727272727
-0.08444181818181817
-0.06964909090909091
0.08094909090909091
0.031845454545454545
-0.16148727272727273
0.09492
0.02301090909090909
-0.012943636363636362
0.08464727272727272
0.046432727272727264
0.0024654545454545454
0.12532727272727273
0.1012890909090909
-0.06101999999999999
0.11628727272727273
0.07560727272727272
0.036776363636363635
0.07930545454545455
0.014587272727272727
-0.06471818181818181
0.10211090909090909
0.009656363636363637
-0.15080363636363636
0.06122545454545455
-0.054034545454545446
0.02650363636363636
0.0628690909090909
-0.00452
-0.07108727272727272
-0.00452
0.08156545454545455
-0.15635090909090907
0.11156181818181818
0.029174545454545453
0.014587272727272727
0.14936545454545455
0.0012327272727272727
0.3180436363636363
0.15306363636363635
0.050747272727272724
0.18963454545454544
-0.00226
-0.0012327272727272727
-0.01890181818181818
0.07704545454545454
-0.054034545454545446
-0.16066545454545456
-0.007807272727272727
-0.09286545454545453
0.17052727272727272
0.11731454545454545
-0.008423636363636364
0.21613818181818178
-0.05218545454545454
-0.02979090909090909
0.16724
-0.05814363636363636
-0.113
0.11279454545454545
-0.005752727272727272
-0.21511090909090907
0.11217818181818182
0.13334
0.07725090909090909
0.16847272727272727
0.005958181818181818
0.1469
0.06122545454545455
-0.034927272727272723
0.24428545454545453
0.05937636363636363
-0.06656727272727272
0.0538290909090909
-0.0010272727272727274
0.07560727272727272
0.002876363636363636
-0.0008218181818181817
0.07478545454545454
-0.0470490909090909
0.010067272727272725
0.02075090909090909
0.10724727272727272
0.013970909090909091
-0.05054181818181818
0.15142
-0.1479272727272727
-0.053212727272727266
0.16148727272727273
-0.11649272727272726
-0.010683636363636364
-0.02239454545454545
-0.02157272727272727
0.1939490909090909
0.03328363636363636
0.05526727272727273
0.14587272727272727
-0.04663818181818182
0.00452
0.12286181818181818
-0.0039036363636363635
-0.012121818181818182
0.06656727272727272
-0.017463636363636362
-0.01849090909090909
0.10416545454545453
0.04725454545454546
0.04047454545454546
0.10375454545454545
-0.05937636363636363
0.029585454545454543
0.08875636363636363
-0.04540545454545454
0.07930545454545455
0.08588
-0.13190181818181818
-0.020956363636363638
0.13169636363636364
-0.043556363636363636
0.1088909090909091
0.030407272727272724
-0.1171090909090909
0.10704181818181817
0.07766181818181818
0.02034
0.09450909090909092
0.15367999999999998
-0.019518181818181816
0.13046363636363634
0.07581272727272727
-0.11074
0.18449818181818184
-0.02034
-0.08094909090909091
0.08464727272727272
-0.11567090909090909
-0.010067272727272725
0.14895454545454545
-0.06101999999999999
0.05341818181818182
0.14135272727272727
-0.014381818181818181
0.11505454545454545
0.16518545454545455
-0.04396727272727272
0.02075090909090909
0.23257454545454545
-0.12655999999999998
0.0565
0.2093581818181818
-0.15491272727272726
0.14422909090909092
0.04951454545454545
-0.21223454545454545
-0.014998181818181817
-0.02670909090909091
-0.1637472727272727
0.08136
-0.006163636363636363
-0.07601818181818182
0.23771090909090908
0.002670909090909091
0.08259272727272728
0.22538363636363634
-0.04663818181818182
-0.010067272727272725
0.1826490909090909
-0.07026545454545453
-0.08177090909090909
0.16292545454545454
-0.027941818181818182
0.03636545454545455
0.17484181818181818
0.06882727272727272
0.09081090909090908
0.15840545454545454
-0.04540545454545454
0.08218181818181818
0.03246181818181818
-0.19559272727272728
0.12265636363636362
-0.009861818181818182
-0.12224545454545453
0.09820727272727273
0.05629454545454545
0.01705272727272727
0.16888363636363635
0.05198
0.04150181818181818
0.10724727272727272
-0.07355272727272727
0.03985818181818182
0.019723636363636363
-0.027736363636363635
-0.007396363636363636
0.02239454545454545
-0.10601454545454544
-0.06636181818181817
0.11813636363636362
-0.0452
0.1058090909090909
0.08546909090909091
-0.011505454545454544
0.10827454545454546
0.12820363636363635
0.04889818181818182
0.07992181818181819
0.09081090909090908
-0.048487272727272726
0.028969090909090906
-0.06204727272727273
-0.045610909090909084
0.027325454545454545
-0.05280181818181818
-0.042734545454545456
0.12635454545454544
0.09985090909090909
0.04663818181818182
0.1826490909090909
-0.04417272727272727
0.04211818181818182
0.08793454545454545
-0.035954545454545454
-0.031845454545454545
0.05711636363636363
0.02218909090909091
0.026298181818181814
0.12512181818181817
-0.09861818181818181
0.11854727272727272
0.07519636363636363
-0.05896545454545454
0.0063690909090909084
0.1284090909090909
-0.0226
-0.06389636363636363
0.22826000000000002
-0.10868545454545453
0.06964909090909091
0.10396
-0.008218181818181819
0.15409090909090908
0.04684363636363636
0.04930909090909091
0.13909272727272726
0.13046363636363634
-0.013970909090909091
0.05136363636363636
-0.03800909090909091
0.029996363636363634
0.04540545454545454
-0.008012727272727272
0.029174545454545453
0.0628690909090909
0.02938
-0.21511090909090907
0.0895781818181818
-0.06225272727272727
-0.03657090909090909
0.15758363636363634
-0.11628727272727273
0.11505454545454545
0.1325181818181818
0.016025454545454544
0.0764290909090909
0.02444909090909091
-0.10930181818181818
0.03410545454545454
0.009245454545454545
-0.018696363636363636
0.11012363636363637
0.0470490909090909
0.0749909090909091
0.07170363636363636
0.17833454545454544
0.02198363636363636
0.06492363636363636
0.04437818181818182
-0.07704545454545454
0.035954545454545454
-0.14464
0.07519636363636363
0.06800545454545455
-0.06471818181818181
0.16292545454545454
0.15039272727272726
0.07848363636363635
0.1483381818181818
0.04602181818181818
0.033694545454545456
0.07889454545454545
-0.11567090909090909
-0.013149090909090907
-0.012738181818181817
-0.10190545454545454
-0.00452
0.09882363636363636
-0.020956363636363638
-0.03780363636363636
0.19744181818181816
0.005341818181818182
0.05136363636363636
0.13190181818181818
0.03533818181818182
0.11443818181818181
0.09163272727272727
0.08546909090909091
0.027941818181818182
0.042529090909090905
-0.05711636363636363
0.16251454545454544
0.05177454545454545
-0.16703454545454544
0.16580181818181816
-0.028147272727272726
-0.018285454545454546
-0.00904
0.013149090909090907
0.04437818181818182
-0.05793818181818181
0.08937272727272727
-0.07951090909090908
-0.04663818181818182
-0.02670909090909091
-0.0020545454545454547
0.1088909090909091
-0.05814363636363636
0.016436363636363638
0.1678563636363636
0.028147272727272726
0.01992909090909091
0.17545818181818182
-0.04725454545454546
-0.07930545454545455
0.013560000000000001
-0.043350909090909086
-0.03205090909090909
0.06964909090909091
0.08115454545454545
0.05855454545454545
0.15080363636363636
0.008423636363636364
0.20463272727272727
0.21285090909090906
-0.0727309090909091
0.04068
0.07129272727272727
-0.1479272727272727
-0.0538290909090909
0.13457272727272726
-0.13580545454545453
0.031229090909090908
0.18490909090909088
-0.08608545454545455
0.1836763636363636
0.19456545454545454
-0.1600490909090909
0.15922727272727272
0.03533818181818182
-0.16189818181818183
0.1984690909090909
0.02034
0.01623090909090909
0.11505454545454545
-0.005958181818181818
0.005136363636363636
0.1314909090909091
0.03307818181818182
-0.04376181818181818
0.2459290909090909
0.02239454545454545
0.029585454545454543
0.23175272727272725
-0.05115818181818182
0.10519272727272726
0.08711272727272727
-0.1586109090909091
0.016436363636363638
-0.042529090909090905
-0.11546545454545454
0.0741690909090909
0.07437454545454546
-0.08320909090909091
0.11238363636363637
0.18347090909090907
-0.05300727272727272
0.19004545454545455
0.08711272727272727
-0.19888
0.12224545454545453
-0.20422181818181817
-0.11649272727272726
0.07396363636363636
-0.22230181818181818
0.16128181818181817
0.015614545454545454
0.1370381818181818
0.02116181818181818
0.07848363636363635
0.21675454545454545
-0.13272363636363635
0.18778545454545456
-0.20771454545454546
-0.007807272727272727
0.15799454545454544
-0.1454618181818182
0.06862181818181817
0.07889454545454545
-0.03657090909090909
0.07622363636363635
0.19785272727272726
-0.1610763636363636
0.11998545454545453
-0.014381818181818181
-0.05013090909090909
0.23853272727272726
-0.0727309090909091
0.05711636363636363
0.2075090909090909
0.04828181818181818
-0.0678
0.1723763636363636
-0.03739272727272727
-0.05095272727272727
0.10950727272727273
0.039241818181818176
-0.035749090909090904
0.037598181818181815
0.12820363636363635
-0.05033636363636364
0.1608709090909091
-0.23052
0.040063636363636364
0.2147
-0.27284363636363634
0.17196545454545456
0.1840872727272727
-0.011916363636363636
0.19189454545454546
0.21326181818181816
0.05629454545454545
0.20216727272727272
-0.015819999999999997
0.08731818181818181
0.14607818181818183
-0.20771454545454546
-0.03533818181818182
-0.002876363636363636
-0.07581272727272727
-0.14505090909090906
0.1454618181818182
-0.004725454545454545
-0.02527090909090909
0.1826490909090909
-0.023832727272727273
0.07088181818181817
-0.014176363636363636
-0.054034545454545446
0.05711636363636363
-0.013970909090909091
-0.21737090909090906
0.06964909090909091
0.10848000000000001
-0.10478181818181817
0.14094181818181817
0.14073636363636363
0.01766909090909091
0.09060545454545453
0.11916363636363636
-0.031845454545454545
0.08629090909090908
0.04663818181818182
0.10067272727272727
0.1284090909090909
-0.17566363636363633
0.045610909090909084
0.1306690909090909
-0.06081454545454545
-0.001438181818181818
0.052390909090909085
-0.054034545454545446
0.028969090909090906
0.038625454545454546
0.014587272727272727
0.11793090909090909
0.04725454545454546
-0.03800909090909091
-0.006574545454545454
0.07149818181818181
-0.11998545454545453
0.07683999999999999
0.09307090909090908
-0.06471818181818181
0.17545818181818182
0.01890181818181818
0.11094545454545454
0.22353454545454546
0.027120000000000002
0.06553999999999999
0.06143090909090909
-0.12676545454545454
0.09471454545454545
0.1633363636363636
-0.1483381818181818
-0.010067272727272725
0.07622363636363635
-0.012532727272727272
-0.010067272727272725
0.09368727272727272
0.06656727272727272
0.11793090909090909
0.10396
-0.11608181818181817
0.1125890909090909
0.08588
-0.060609090909090904
0.06410181818181818
-0.05773272727272727
-0.058349090909090906
0.11895818181818181
0.04807636363636364
-0.06410181818181818
0.029585454545454543
0.10272727272727272
0.010272727272727272
0.04376181818181818
0.10067272727272727
0.03616
0.13847636363636362
-0.029996363636363634
-0.034310909090909086
0.13395636363636362
-0.07047090909090908
0.01725818181818182
0.08505818181818181
-0.09142727272727272
-0.02486
0.0538290909090909
-0.02527090909090909
0.10724727272727272
0.09245454545454544
-0.07293636363636363
0.10806909090909089
0.17114363636363633
-0.05773272727272727
0.04807636363636364
0.1921
-0.04417272727272727
0.07683999999999999
0.13169636363636364
-0.1088909090909091
0.09923454545454545
0.13868181818181818
-0.15532363636363636
0.055883636363636364
-0.09142727272727272
-0.17196545454545456
0.15121454545454543
-0.15963818181818182
-0.03944727272727273
0.10334363636363636
0.04910363636363636
-0.007396363636363636
0.12943636363636363
0.08855090909090908
-0.015819999999999997
0.27017272727272723
-0.1341618181818182
0.09779636363636364
0.08752363636363636
-0.03410545454545454
0.18018363636363635
0.11731454545454545
0.07375818181818182
0.0008218181818181817
0.25702363636363634
-0.07293636363636363
0.09779636363636364
0.008218181818181819
-0.09779636363636364
0.032667272727272725
-0.21305636363636363
0.007601818181818181
0.008218181818181819
0.0628690909090909
-0.012738181818181817
0.24736727272727274
0.08588
0.07540181818181818
0.17648545454545456
-0.048487272727272726
0.1608709090909091
-0.06389636363636363
0.06512909090909091
0.003287272727272727
-0.02075090909090909
0.00041090909090909085
0.033694545454545456
-0.05198
-0.06019818181818181
0.16580181818181816
-0.10560363636363636
0.05013090909090909
0.031229090909090908
0.113
-0.006574545454545454
0.1623090909090909
0.16272
-0.10827454545454546
0.18963454545454544
-0.02691454545454545
0.10827454545454546
-0.04396727272727272
-0.07396363636363636
0.07848363636363635
-0.029174545454545453
-0.009656363636363637
0.061841818181818185
0.11156181818181818
-0.08279818181818181
0.08382545454545455
0.05218545454545454
-0.055678181818181814
-0.05280181818181818
0.1088909090909091
-0.05013090909090909
-0.1088909090909091
0.07971636363636364
-0.08403090909090909
0.11669818181818181
0.021367272727272728
0.003287272727272727
0.11628727272727273
0.026298181818181814
-0.02362727272727273
0.17299272727272727
0.008423636363636364
-0.1668290909090909
0.23278000000000001
-0.018696363636363636
-0.05115818181818182
0.14237999999999998
0.10375454545454545
0.045610909090909084
0.08362
0.08978363636363636
0.0339
0.07663454545454546
-0.08793454545454545
0.07622363636363635
0.07396363636363636
-0.07314181818181818
0.0741690909090909
0.1171090909090909
-0.0918381818181818
0.02342181818181818
0.11443818181818181
-0.11320545454545454
0.012943636363636362
0.0006163636363636364
0.06348545454545454
0.10211090909090909
0.031023636363636364
0.07375818181818182
0.19436
0.03903636363636363
-0.04314545454545454
0.22312363636363636
-0.09389272727272728
-0.07581272727272727
0.18901818181818184
-0.0016436363636363634
0.00041090909090909085
0.21613818181818178
0.06862181818181817
0.07930545454545455
0.14217454545454544
-0.10252181818181817
0.0967690909090909
-0.008218181818181819
-0.17689636363636363
0.054240000000000003
-0.007396363636363636
-0.07293636363636363
0.16498
0.12902545454545453
-0.025887272727272724
0.23955999999999997
0.09841272727272728
-0.06985454545454545
0.06430727272727273
-0.09060545454545453
-0.05711636363636363
-0.02403818181818182
-0.17566363636363633
-0.015614545454545454
0.1464890909090909
-0.07334727272727272
0.06574545454545455
0.17032181818181816
-0.06656727272727272
0.035749090909090904
0.08629090909090908
-0.05629454545454545
0.058349090909090906
0.09985090909090909
-0.04889818181818182
0.19600363636363635
0.05855454545454545
-0.10437090909090908
0.12491636363636363
-0.02301090909090909
-0.11505454545454545
0.07396363636363636
0.05485636363636363
-0.15224181818181817
0.08588
0.06800545454545455
-0.03944727272727273
0.21552181818181818
0.05629454545454545
-0.0041090909090909095
0.09348181818181817
-0.02650363636363636
-0.03883090909090909
0.12429999999999998
-0.029996363636363634
-0.11320545454545454
0.11690363636363636
0.10868545454545453
0.05259636363636363
0.16518545454545455
0.05526727272727273
-0.07725090909090909
0.1608709090909091
-0.17011636363636362
-0.055061818181818184
0.19785272727272726
-0.12820363636363635
0.23504
0.1351890909090909
0.043556363636363636
0.2555854545454545
0.14217454545454544
0.1586109090909091
0.05855454545454545
-0.01890181818181818
-0.06040363636363636
-0.00904
-0.10252181818181817
-0.17340363636363634
0.06821090909090909
0.013354545454545456
-0.08834545454545455
0.19723636363636363
0.12450545454545454
-0.08033272727272728
0.18860727272727273
-0.030612727272727274
-0.12553272727272727
0.16806181818181817
-0.1125890909090909
-0.0447890909090909
0.16436363636363635
-0.10519272727272726
0.031229090909090908
0.09553636363636364
-0.0447890909090909
0.1193690909090909
0.02670909090909091
-0.00226
0.12512181818181817
0.10950727272727273
0.034927272727272723
0.06369090909090909
0.0727309090909091
-0.09512545454545453
0.10848000000000001
0.010272727272727272
-0.18778545454545456
0.07458
-0.02403818181818182
0.002876363636363636
0.08218181818181818
-0.0008218181818181817
0.14874909090909091
0.11526
0.041912727272727275
0.059787272727272724
0.052390909090909085
-0.08526363636363636
-0.15224181818181817
0.10642545454545453
-0.08300363636363636
-0.09512545454545453
0.2346290909090909
0.09574181818181818
0.14710545454545454
0.10519272727272726
0.09820727272727273
0.17176
-0.0447890909090909
0.027120000000000002
0.01623090909090909
-0.060609090909090904
-0.007601818181818181
0.0008218181818181817
0.10601454545454544
-0.02670909090909091
-0.0113
0.16498
0.032872727272727276
0.05937636363636363
0.010683636363636364
0.08341454545454545
0.14237999999999998
-0.05732181818181818
0.02075090909090909
0.13272363636363635
-0.00862909090909091
-0.02486
0.20093454545454545
-0.06862181818181817
-0.05362363636363636
0.07786727272727272
-0.14402363636363635
0.01849090909090909
0.043350909090909086
-0.0067800000000000004
0.03780363636363636
0.02527090909090909
-0.06410181818181818
0.001849090909090909
0.06204727272727273
-0.07149818181818181
0.06225272727272727
0.07314181818181818
-0.12882
0.12512181818181817
0.22908181818181816
-0.012327272727272727
0.20483818181818178
0.11690363636363636
0.014998181818181817
0.14279090909090908
-0.05300727272727272
-0.015203636363636362
-0.01890181818181818
-0.10560363636363636
-0.13354545454545455
-0.05177454545454545
-0.04437818181818182
0.09574181818181818
0.26955636363636365
-0.02342181818181818
0.1216290909090909
0.18347090909090907
-0.08074363636363636
0.05013090909090909
0.00945090909090909
-0.12265636363636362
0.0339
0.013354545454545456
-0.11074
0.04129636363636364
0.12409454545454546
0.09944
0.1808
0.10457636363636363
-0.005547272727272727
0.19826363636363634
0.13231272727272728
0.045610909090909084
0.12060181818181817
-0.05629454545454545
0.0565
0.04376181818181818
0.010683636363636364
0.06430727272727273
-0.01664181818181818
-0.004314545454545455
-0.03800909090909091
0.04211818181818182
-0.042529090909090905
0.08731818181818181
0.09224909090909092
-0.10293272727272727
0.1012890909090909
-0.05177454545454545
-0.04150181818181818
0.12491636363636363
-0.0904
-0.054034545454545446
0.043556363636363636
-0.014998181818181817
0.15059818181818183
0.17402
-0.029996363636363634
0.11834181818181817
0.0447890909090909
-0.03020181818181818
0.0727309090909091
0.020545454545454544
0.005752727272727272
-0.03533818181818182
0.10909636363636364
-0.11731454545454545
0.04068
0.21798727272727272
-0.07519636363636363
0.14628363636363637
0.015409090909090907
-0.025065454545454544
0.09779636363636364
-0.029174545454545453
-0.009861818181818182
0.08567454545454545
-0.03554363636363636
-0.13929818181818182
0.1586109090909091
0.05280181818181818
-0.0764290909090909
0.009656363636363637
-0.004725454545454545
0.0786890909090909
0.12142363636363637
0.004930909090909091
0.08670181818181817
0.24284727272727274
0.04109090909090909
0.06841636363636364
0.0452
-0.013765454545454546
0.019107272727272726
0.08855090909090908
-0.12203999999999998
-0.07807272727272727
0.1483381818181818
-0.14340727272727272
0.1419690909090909
0.012121818181818182
-0.04458363636363636
0.20483818181818178
0.06369090909090909
0.04047454545454546
0.031229090909090908
0.06964909090909091
-0.02609272727272727
0.11813636363636362
0.07149818181818181
-0.0402690909090909
0.03636545454545455
0.07437454545454546
0.03225636363636363
0.048487272727272726
-0.07971636363636364
-0.11135636363636363
0.07704545454545454
-0.13909272727272726
-0.00226
0.04951454545454545
-0.020956363636363638
0.028969090909090906
0.1555290909090909
0.027530909090909092
0.0538290909090909
0.2331909090909091
-0.1314909090909091
0.14443454545454545
0.030407272727272724
-0.11628727272727273
0.1678563636363636
0.05115818181818182
0.017463636363636362
0.08978363636363636
0.06821090909090909
0.014587272727272727
0.21552181818181818
-0.005958181818181818
-0.07519636363636363
0.10950727272727273
-0.12388909090909091
0.00226
0.06636181818181817
0.00945090909090909
-0.00020545454545454542
0.12060181818181817
0.07026545454545453
0.006574545454545454
0.23627272727272725
-0.14012
0.18593636363636362
0.03985818181818182
-0.09430363636363637
0.1577890909090909
-0.1419690909090909
0.0990290909090909
-0.049925454545454544
0.08218181818181818
-0.18634727272727272
0.08485272727272727
0.13909272727272726
-0.17114363636363633
0.31927636363636364
-0.14628363636363637
0.10519272727272726
0.12655999999999998
-0.03143454545454545
0.07827818181818182
0.0538290909090909
0.08916727272727272
-0.14607818181818183
0.09533090909090909
0.023216363636363632
-0.07211454545454546
-0.02198363636363636
0.06574545454545455
-0.007396363636363636
0.12655999999999998
-0.02486
0.03328363636363636
0.23257454545454545
-0.19867454545454544
0.12779272727272725
-0.033694545454545456
-0.028558181818181816
0.02218909090909091
-0.00020545454545454542
0.017463636363636362
-0.12101272727272726
0.1419690909090909
-0.047665454545454546
0.10293272727272727
0.04458363636363636
0.025065454545454544
0.16641818181818183
0.001849090909090909
-0.06143090909090909
0.16148727272727273
0.11793090909090909
-0.09122181818181817
0.24079272727272724
-0.006574545454545454
-0.02403818181818182
0.20812545454545453
0.031023636363636364
0.00226
0.05896545454545454
-0.054240000000000003
0.0402690909090909
0.12902545454545453
-0.12203999999999998
0.15080363636363636
0.05629454545454545
-0.10396
0.0628690909090909
0.004725454545454545
-0.014792727272727272
0.007396363636363636
0.07889454545454545
-0.09265999999999999
0.06451272727272726
0.07745636363636363
-0.004725454545454545
0.23976545454545453
-0.014792727272727272
-0.05465090909090909
0.24223090909090908
-0.032872727272727276
-0.11690363636363636
0.13107999999999997
-0.05300727272727272
-0.012738181818181817
0.12676545454545454
0.09471454545454545
0.07375818181818182
0.14053090909090907
0.08505818181818181
-0.01705272727272727
0.03780363636363636
-0.13436727272727272
0.024243636363636363
0.01623090909090909
-0.16600727272727273
0.05465090909090909
0.10416545454545453
0.08012727272727273
0.1247109090909091
0.12265636363636362
0.07540181818181818
0.011094545454545454
-0.03451636363636364
0.025065454545454544
-0.008012727272727272
-0.1374490909090909
-0.07519636363636363
0.07396363636363636
-0.001438181818181818
0.021367272727272728
0.14751636363636364
0.008218181818181819
0.10930181818181818
0.14135272727272727
-0.03554363636363636
0.0447890909090909
0.08156545454545455
0.06800545454545455
0.08074363636363636
0.07006
0.0030818181818181817
0.12697090909090908
0.1103290909090909
-0.12203999999999998
0.0990290909090909
0.03225636363636363
-0.08855090909090908
0.11690363636363636
0.00020545454545454542
-0.05485636363636363
0.06718363636363636
0.055883636363636364
0.024243636363636363
0.06512909090909091
0.00904
0.04211818181818182
0.0918381818181818
-0.040885454545454544
-0.005341818181818182
0.1284090909090909
-0.01992909090909091
0.010067272727272725
0.19251090909090907
-0.06081454545454545
-0.03718727272727273
0.09368727272727272
-0.14607818181818183
-0.03636545454545455
-0.00226
-0.09820727272727273
0.15655636363636363
0.05300727272727272
-0.0041090909090909095
0.28455454545454545
0.18059454545454545
0.06430727272727273
0.1957981818181818
0.08279818181818181
-0.12697090909090908
0.053212727272727266
-0.04787090909090909
-0.20031818181818178
0.10868545454545453
-0.1296418181818182
-0.04129636363636364
0.17977272727272728
-0.10786363636363637
0.0447890909090909
0.11998545454545453
-0.055883636363636364
-0.01808
0.14094181818181817
-0.09327636363636364
0.06307454545454545
0.16888363636363635
-0.10519272727272726
0.18162181818181816
0.13313454545454545
-0.009656363636363637
0.12697090909090908
0.1257381818181818
0.011094545454545454
0.1645690909090909
0.04930909090909091
0.004314545454545455
0.24633999999999998
-0.08937272727272727
0.007601818181818181
0.07519636363636363
-0.09142727272727272
-0.08567454545454545
0.01171090909090909
-0.052390909090909085
-0.03780363636363636
0.21141272727272728
-0.03513272727272727
0.2177818181818182
0.18223818181818183
0.01808
0.28743090909090907
0.059170909090909087
-0.13334
0.0067800000000000004
-0.03513272727272727
-0.25106545454545454
-0.041912727272727275
-0.015614545454545454
0.0008218181818181817
0.05013090909090909
0.11895818181818181
0.10293272727272727
0.06040363636363636
0.13334
-0.008834545454545454
0.09718
-0.12327272727272726
-0.02568181818181818
0.07149818181818181
-0.1586109090909091
0.0538290909090909
0.11423272727272726
-0.013970909090909091
0.011916363636363636
0.11608181818181817
-0.00904
0.029585454545454543
0.010683636363636364
0.044994545454545454
0.02403818181818182
-0.02362727272727273
0.043556363636363636
0.052390909090909085
0.12738181818181818
-0.07725090909090909
0.08197636363636364
0.03513272727272727
-0.1411472727272727
0.08567454545454545
0.06636181818181817
-0.055061818181818184
0.07006
0.0447890909090909
-0.08382545454545455
0.11731454545454545
0.014176363636363636
0.011094545454545454
0.05711636363636363
0.027941818181818182
0.045610909090909084
0.09081090909090908
0.11423272727272726
0.10272727272727272
0.31126363636363635
0.007807272727272727
0.03225636363636363
0.2364781818181818
0.06163636363636363
0.008012727272727272
0.019723636363636363
-0.06985454545454545
-0.16580181818181816
0.017463636363636362
-0.08218181818181818
0.050747272727272724
0.08937272727272727
-0.03944727272727273
0.17319818181818183
0.09615272727272728
-0.05855454545454545
0.09060545454545453
0.12060181818181817
-0.14710545454545454
0.04807636363636364
0.05362363636363636
-0.1321072727272727
0.0538290909090909
0.11012363636363637
0.009861818181818182
0.06656727272727272
0.06369090909090909
0.03698181818181818
0.2432581818181818
-0.06389636363636363
0.0041090909090909095
0.24017636363636363
-0.055678181818181814
0.003698181818181818
0.09779636363636364
-0.049925454545454544
-0.03657090909090909
0.11957454545454545
-0.10149454545454545
-0.11135636363636363
0.022805454545454542
-0.008423636363636364
0.06204727272727273
-0.035749090909090904
-0.021778181818181818
0.11094545454545454
0.013149090909090907
-0.05691090909090909
0.16744545454545454
0.014176363636363636
-0.13395636363636362
0.07827818181818182
0.06122545454545455
0.043556363636363636
0.08259272727272728
0.11567090909090909
0.09142727272727272
0.09389272727272728
0.09574181818181818
0.03739272727272727
-0.010683636363636364
0.013765454545454546
0.06019818181818181
-0.016436363636363638
-0.09574181818181818
-0.005547272727272727
0.14135272727272727
0.027120000000000002
0.008834545454545454
0.08772909090909091
0.06451272727272726
0.08382545454545455
0.060609090909090904
-0.043556363636363636
-0.00226
0.10149454545454545
0.013970909090909091
0.05362363636363636
0.0008218181818181817
-0.0041090909090909095
0.07766181818181818
-0.03410545454545454
0.011505454545454544
0.05198
0.007807272727272727
-0.011916363636363636
0.1171090909090909
0.09204363636363636
-0.015819999999999997
0.14895454545454545
0.10087818181818181
0.06985454545454545
0.08136
-0.08567454545454545
0.055061818181818184
0.11443818181818181
-0.13950363636363636
-0.014792727272727272
0.027120000000000002
-0.1261490909090909
0.14566727272727273
0.03739272727272727
-0.06718363636363636
0.20792
0.07232
0.007807272727272727
0.12060181818181817
0.037598181818181815
0.026298181818181814
0.20134545454545455
-0.008012727272727272
-0.0967690909090909
0.07108727272727272
-0.06697818181818181
0.01623090909090909
0.004930909090909091
-0.12779272727272725
-0.030818181818181814
0.08115454545454545
-0.007396363636363636
0.03554363636363636
0.14012
-0.041707272727272725
0.15450181818181818
0.10313818181818181
-0.06101999999999999
0.14237999999999998
-0.05280181818181818
-0.06615636363636364
0.16621272727272726
0.011094545454545454
-0.010272727272727272
0.20648181818181818
0.030818181818181814
0.08444181818181817
0.20134545454545455
0.005958181818181818
0.02444909090909091
0.02362727272727273
-0.12409454545454546
-0.1397090909090909
0.012532727272727272
-0.11526
0.05465090909090909
0.10663090909090908
-0.061841818181818185
0.20648181818181818
0.06882727272727272
0.041912727272727275
0.18634727272727272
0.046432727272727264
-0.001438181818181818
0.0063690909090909084
-0.04828181818181818
-0.07170363636363636
0.027530909090909092
-0.03225636363636363
-0.07930545454545455
0.07478545454545454
0.01992909090909091
0.02342181818181818
0.23668363636363635
0.007190909090909091
0.07026545454545453
0.23257454545454545
-0.12491636363636363
0.11546545454545454
0.14710545454545454
-0.0786890909090909
0.1356
0.038625454545454546
-0.0967690909090909
0.02979090909090909
0.05259636363636363
-0.07375818181818182
0.04047454545454546
0.13190181818181818
-0.04376181818181818
0.03554363636363636
0.11505454545454545
-0.025065454545454544
0.10519272727272726
0.04376181818181818
-0.12697090909090908
0.08567454545454545
0.014176363636363636
-0.07889454545454545
0.14772181818181818
-0.011505454545454544
-0.07745636363636363
0.17710181818181817
0.04602181818181818
0.0470490909090909
0.11690363636363636
-0.01725818181818182
0.009245454545454545
0.028763636363636363
-0.048487272727272726
0.054240000000000003
0.1351890909090909
-0.09882363636363636
0.06759454545454545
0.19333272727272727
-0.08546909090909091
0.14176363636363634
0.22497272727272724
-0.11649272727272726
-0.003698181818181818
0.08505818181818181
-0.09779636363636364
0.02362727272727273
0.03472181818181818
-0.08485272727272727
0.019518181818181816
-0.012943636363636362
-0.12902545454545453
0.1012890909090909
0.06656727272727272
-0.13642181818181817
0.19641454545454545
-0.010683636363636364
-0.047665454545454546
0.28743090909090907
0.010272727272727272
0.07355272727272727
0.14751636363636364
-0.040885454545454544
0.03225636363636363
0.09594727272727273
-0.09327636363636364
0.04211818181818182
0.15450181818181818
-0.08978363636363636
0.11197272727272727
0.23236909090909091
0.02198363636363636
0.1261490909090909
0.15059818181818183
-0.11217818181818182
0.02568181818181818
-0.01849090909090909
-0.15902181818181815
0.05773272727272727
-0.01171090909090909
0.0452
0.15717272727272727
0.06595090909090909
0.1356
0.19826363636363634
-0.00452
-0.01725818181818182
0.08341454545454545
-0.07601818181818182
-0.06040363636363636
-0.007807272727272727
-0.00452
0.02527090909090909
0.021367272727272728
0.019312727272727273
0.07766181818181818
0.07375818181818182
0.06410181818181818
0.15265272727272727
-0.014176363636363636
-0.04417272727272727
0.09861818181818181
0.05136363636363636
0.021778181818181818
0.06266363636363637
0.07026545454545453
-0.03143454545454545
-0.015819999999999997
0.03657090909090909
-0.07807272727272727
-0.012738181818181817
0.00226
-0.06410181818181818
0.07683999999999999
-0.003287272727272727
0.05691090909090909
0.1865527272727273
-0.052390909090909085
0.012121818181818182
0.05958181818181818
-0.038625454545454546
-0.030612727272727274
0.02527090909090909
0.008834545454545454
-0.08382545454545455
0.16703454545454544
0.07437454545454546
0.0024654545454545454
0.21798727272727272
-0.03636545454545455
0.00945090909090909
0.11854727272727272
-0.1678563636363636
0.03739272727272727
0.08814
-0.07992181818181819
0.2153163636363636
0.12368363636363637
0.05608909090909091
0.25435272727272723
0.11053454545454545
0.02301090909090909
0.04068
-0.019312727272727273
-0.08300363636363636
-0.009656363636363637
-0.011916363636363636
-0.04068
0.1012890909090909
0.05115818181818182
0.04211818181818182
0.17997818181818181
-0.047665454545454546
-0.028352727272727273
0.17751272727272727
-0.16518545454545455
0.010683636363636364
0.09718
-0.11567090909090909
0.20381090909090907
0.045610909090909084
-0.04396727272727272
0.1555290909090909
0.05547272727272727
0.0069854545454545456
0.11382181818181818
0.07704545454545454
-0.011916363636363636
0.12080727272727272
0.05013090909090909
-0.02403818181818182
0.14895454545454545
-0.008423636363636364
-0.04602181818181818
0.12532727272727273
-0.19127818181818182
-0.05115818181818182
0.029174545454545453
-0.14464
0.11217818181818182
-0.0010272727272727274
0.05711636363636363
0.1464890909090909
0.09163272727272727
0.05691090909090909
-0.008834545454545454
0.011916363636363636
-0.10293272727272727
0.01808
-0.010478181818181819
-0.1125890909090909
0.13868181818181818
0.1017
-0.005136363636363636
0.1713490909090909
0.08362
0.025476363636363634
0.0565
-0.033694545454545456
-0.033489090909090906
-0.014176363636363636
0.023216363636363632
0.009656363636363637
0.09964545454545454
0.042734545454545456
0.052390909090909085
0.1935381818181818
-0.02116181818181818
0.06656727272727272
0.18922363636363634
-0.10313818181818181
-0.04951454545454545
0.14443454545454545
-0.008423636363636364
0.029996363636363634
0.08444181818181817
0.01849090909090909
0.07560727272727272
-0.021367272727272728
-0.015819999999999997
0.04930909090909091
-0.03554363636363636
-0.10375454545454545
0.14813272727272728
0.04294
-0.17360909090909088
0.20011272727272728
0.03246181818181818
-0.03985818181818182
0.23113636363636364
-0.023216363636363632
-0.0339
0.18531999999999998
-0.03328363636363636
0.055678181818181814
0.20442727272727274
-0.025887272727272724
0.14340727272727272
0.13991454545454546
-0.06533454545454545
0.04663818181818182
0.06348545454545454
-0.13005272727272726
-0.08998909090909091
-0.07293636363636363
-0.19662
0.04663818181818182
0.09245454545454544
-0.023832727272727273
0.15635090909090907
0.15573454545454543
-0.0067800000000000004
0.08444181818181817
-0.018285454545454546
-0.08937272727272727
0.11094545454545454
-0.1058090909090909
-0.12697090909090908
0.09430363636363637
-0.05115818181818182
0.08793454545454545
0.2518872727272727
-0.004314545454545455
0.1216290909090909
0.17936181818181818
0.0008218181818181817
0.10457636363636363
0.00862909090909091
0.00904
0.1623090909090909
0.02527090909090909
-0.08608545454545455
0.11341090909090909
0.10375454545454545
-0.04684363636363636
0.10950727272727273
0.044994545454545454
-0.13539454545454546
0.03307818181818182
0.12532727272727273
-0.04869272727272727
-0.011916363636363636
0.001849090909090909
0.051569090909090905
0.13457272727272726
-0.11731454545454545
0.046432727272727264
0.14381818181818182
-0.13785999999999998
0.11834181818181817
0.17977272727272728
-0.04684363636363636
0.1524472727272727
0.12512181818181817
0.04725454545454546
0.08259272727272728
-0.06697818181818181
0.05608909090909091
0.051569090909090905
-0.11628727272727273
-0.03225636363636363
0.029585454545454543
-0.01705272727272727
0.031229090909090908
0.17402
0.05814363636363636
-0.006574545454545454
0.08485272727272727
-0.025887272727272724
-0.001438181818181818
0.05608909090909091
-0.10026181818181817
0.036776363636363635
0.12121818181818181
-0.0940981818181818
0.031023636363636364
0.11135636363636363
-0.02609272727272727
0.07848363636363635
0.09348181818181817
-0.08916727272727272
-0.0030818181818181817
0.06944363636363636
0.013149090909090907
0.062458181818181815
0.04150181818181818
-0.02486
0.09327636363636364
0.13231272727272728
-0.06738909090909091
0.10149454545454545
0.11238363636363637
-0.04622727272727272
0.07807272727272727
-0.008012727272727272
-0.02362727272727273
0.13642181818181817
0.13107999999999997
-0.01171090909090909
0.1337509090909091
-0.01725818181818182
-0.052390909090909085
0.22661636363636362
-0.08649636363636364
-0.012943636363636362
0.10416545454545453
-0.06841636363636364
0.004930909090909091
0.09656363636363637
-0.12491636363636363
-0.02403818181818182
0.14053090909090907
-0.19538727272727272
-0.0069854545454545456
0.04622727272727272
-0.04437818181818182
0.10848000000000001
0.1329290909090909
0.015614545454545454
0.1524472727272727
0.21038545454545451
-0.003698181818181818
0.16991090909090908
-0.02650363636363636
-0.14874909090909091
0.05608909090909091
-0.06225272727272727
-0.08218181818181818
0.13272363636363635
-0.02116181818181818
0.07232
0.2623654545454545
-0.04458363636363636
0.16189818181818183
0.06451272727272726
-0.08752363636363636
0.05711636363636363
-0.027120000000000002
-0.08567454545454545
-0.0041090909090909095
0.15183090909090907
-0.056705454545454545
0.059787272727272724
0.13539454545454546
0.033694545454545456
0.17052727272727272
0.07149818181818181
-0.04930909090909091
0.05629454545454545
-0.040063636363636364
-0.08896181818181817
0.10272727272727272
-0.08567454545454545
0.012738181818181817
0.09019454545454544
-0.0565
0.00904
0.1148490909090909
0.1257381818181818
0.027736363636363635
0.15963818181818182
0.035954545454545454
0.03657090909090909
0.13806545454545455
0.031023636363636364
0.11464363636363636
0.029996363636363634
-0.1337509090909091
0.013765454545454546
0.04068
-0.16929454545454545
0.027325454545454545
0.13128545454545454
-0.06512909090909091
0.033694545454545456
0.1411472727272727
-0.07047090909090908
0.08197636363636364
0.17114363636363633
-0.1826490909090909
-0.014176363636363636
-0.038419999999999996
-0.12984727272727273
0.11279454545454545
-0.03821454545454545
-0.028147272727272726
0.19127818181818182
0.055061818181818184
0.05608909090909091
0.17402
-0.002876363636363636
-0.004930909090909091
0.08896181818181817
0.008012727272727272
-0.07704545454545454
0.012327272727272727
0.05958181818181818
0.09718
0.12409454545454546
-0.05608909090909091
0.17360909090909088
0.12738181818181818
-0.11279454545454545
0.15183090909090907
0.027941818181818182
-0.1791563636363636
0.09964545454545454
0.12799818181818182
-0.07807272727272727
0.06862181818181817
0.012532727272727272
0.051569090909090905
0.06122545454545455
-0.07375818181818182
0.05218545454545454
0.04109090909090909
0.0020545454545454547
0.01705272727272727
0.1836763636363636
-0.016847272727272728
0.08156545454545455
0.2650363636363636
-0.11813636363636362
0.00452
0.12080727272727272
-0.06327999999999999
-0.03410545454545454
0.05444545454545455
0.008218181818181819
0.1645690909090909
0.06266363636363637
0.0069854545454545456
0.25209272727272725
0.008834545454545454
-0.04787090909090909
0.08649636363636364
-0.04437818181818182
-0.20545454545454545
0.06307454545454545
0.04232363636363636
-0.047665454545454546
0.20483818181818178
-0.0008218181818181817
0.1555290909090909
0.13806545454545455
-0.031845454545454545
0.12697090909090908
-0.0452
-0.1713490909090909
-0.029174545454545453
-0.0727309090909091
-0.19826363636363634
0.10272727272727272
0.08855090909090908
-0.024243636363636363
0.17771818181818183
0.08670181818181817
0.004314545454545455
0.12655999999999998
0.029585454545454543
0.00862909090909091
0.15614545454545453
-0.05711636363636363
0.04951454545454545
0.18860727272727273
-0.05444545454545455
0.04930909090909091
0.11382181818181818
-0.07026545454545453
0.003698181818181818
0.1216290909090909
-0.08814
-0.007807272727272727
0.06451272727272726
-0.07211454545454546
0.07026545454545453
0.06759454545454545
0.007601818181818181
0.11731454545454545
0.08362
-0.029996363636363634
0.08937272727272727
0.09615272727272728
-0.11279454545454545
0.11402727272727273
0.17874545454545454
-0.11341090909090909
0.1325181818181818
0.08896181818181817
-0.05136363636363636
0.05999272727272727
-0.13436727272727272
-0.04314545454545454
0.04437818181818182
-0.0447890909090909
-0.001849090909090909
0.1808
0.11895818181818181
0.07478545454545454
0.2331909090909091
0.053212727272727266
0.06738909090909091
0.16169272727272727
-0.05444545454545455
-0.10087818181818181
-0.025065454545454544
-0.17689636363636363
-0.06225272727272727
0.027736363636363635
-0.08115454545454545
0.10457636363636363
0.07026545454545453
-0.08156545454545455
0.09861818181818181
0.08875636363636363
-0.15039272727272726
0.11895818181818181
0.06143090909090909
-0.14443454545454545
0.15203636363636364
0.1035490909090909
0.007807272727272727
0.15840545454545454
0.061841818181818185
-0.06492363636363636
0.17196545454545456
-0.0069854545454545456
0.0447890909090909
0.2194254545454545
-0.028147272727272726
0.058349090909090906
0.08218181818181818
-0.005341818181818182
-0.10601454545454544
0.09163272727272727
-0.03944727272727273
-0.0805381818181818
0.10293272727272727
-0.1125890909090909
0.13991454545454546
0.11320545454545454
0.005958181818181818
0.21963090909090907
0.15409090909090908
0.015614545454545454
0.12265636363636362
0.008012727272727272
-0.1321072727272727
0.044994545454545454
-0.1076581818181818
-0.11382181818181818
0.04725454545454546
0.08094909090909091
0.06697818181818181
0.15183090909090907
0.09615272727272728
0.0727309090909091
0.1723763636363636
-0.027530909090909092
0.026298181818181814
0.021778181818181818
-0.040063636363636364
-0.03451636363636364
-0.005547272727272727
-0.0008218181818181817
0.008834545454545454
0.09224909090909092
-0.001849090909090909
0.10498727272727272
0.04684363636363636
-0.027941818181818182
0.05691090909090909
0.02218909090909091
-0.07334727272727272
0.027325454545454545
0.044994545454545454
-0.04828181818181818
0.16847272727272727
-0.001849090909090909
-0.03657090909090909
0.07971636363636364
-0.08814
-0.04458363636363636
0.07971636363636364
-0.002876363636363636
-0.031845454545454545
0.12409454545454546
-0.028352727272727273
-0.04622727272727272
0.14279090909090908
0.04129636363636364
-0.06553999999999999
0.14525636363636363
0.03246181818181818
-0.06923818181818181
0.2514763636363636
0.06656727272727272
0.13395636363636362
0.20586545454545455
-0.06759454545454545
0.07786727272727272
0.08505818181818181
-0.02362727272727273
0.0727309090909091
-0.13107999999999997
-0.27366545454545455
0.05691090909090909
-0.04458363636363636
-0.09800181818181818
0.21757636363636362
0.14566727272727273
0.033694545454545456
0.15532363636363636
0.05198
0.020956363636363638
0.1608709090909091
-0.10375454545454545
-0.019723636363636363
0.04211818181818182
-0.19456545454545454
0.07704545454545454
0.22497272727272724
-0.025887272727272724
0.07560727272727272
0.2742818181818182
-0.019107272727272726
0.09348181818181817
0.18347090909090907
-0.02444909090909091
0.09594727272727273
-0.030818181818181814
-0.03903636363636363
0.16703454545454544
-0.027120000000000002
-0.014998181818181817
0.17854
-0.08855090909090908
-0.05711636363636363
0.045816363636363634
-0.06143090909090909
0.07745636363636363
0.0063690909090909084
-0.11813636363636362
0.06882727272727272
0.07478545454545454
-0.07807272727272727
0.1012890909090909
-0.017463636363636362
-0.11628727272727273
0.09081090909090908
0.013149090909090907
0.0447890909090909
0.1292309090909091
0.11464363636363636
0.041912727272727275
0.05732181818181818
0.06821090909090909
0.033694545454545456
0.12738181818181818
-0.02239454545454545
-0.07704545454545454
0.09348181818181817
-0.06451272727272726
-0.02691454545454545
0.12717636363636362
-0.04109090909090909
0.07108727272727272
0.08814
-0.010067272727272725
0.03903636363636363
0.05465090909090909
-0.05937636363636363
-0.06163636363636363
0.06533454545454545
-0.10601454545454544
0.04211818181818182
0.14587272727272727
-0.020956363636363638
0.03821454545454545
0.09430363636363637
0.010067272727272725
0.07149818181818181
0.12265636363636362
-0.0678
0.11176727272727273
0.10827454545454546
-0.03328363636363636
0.17833454545454544
0.07170363636363636
-0.028147272727272726
0.12409454545454546
0.0447890909090909
-0.028763636363636363
0.055061818181818184
-0.08649636363636364
-0.08403090909090909
0.12635454545454544
-0.021778181818181818
0.012738181818181817
0.22867090909090906
-0.02403818181818182
0.09492
0.1836763636363636
-0.08464727272727272
0.0967690909090909
0.0805381818181818
-0.06882727272727272
0.07992181818181819
0.08423636363636364
-0.15799454545454544
0.06677272727272728
0.10971272727272725
-0.22168545454545452
-0.01705272727272727
-0.030612727272727274
-0.14422909090909092
0.09327636363636364
0.0990290909090909
-0.03780363636363636
0.2034
0.11341090909090909
0.06636181818181817
0.30222363636363636
-0.07560727272727272
0.043350909090909086
0.19456545454545454
-0.1723763636363636
-0.09944
0.06143090909090909
-0.031639999999999995
0.054034545454545446
0.15409090909090908
-0.023216363636363632
0.10437090909090908
0.12347818181818182
-0.06471818181818181
0.01766909090909091
0.003698181818181818
-0.14176363636363634
0.031845454545454545
0.054034545454545446
-0.1171090909090909
0.15429636363636362
0.0990290909090909
0.07725090909090909
0.21737090909090906
0.016847272727272728
0.02403818181818182
0.07683999999999999
-0.04746
-0.07581272727272727
0.0034927272727272728
-0.11957454545454545
-0.05177454545454545
0.010889090909090909
-0.08156545454545455
-0.0024654545454545454
0.13087454545454547
0.10950727272727273
0.016025454545454544
0.14073636363636363
0.06327999999999999
0.11115090909090909
0.13683272727272727
0.1012890909090909
0.12635454545454544
-0.005958181818181818
0.05300727272727272
0.04150181818181818
-0.025065454545454544
-0.1610763636363636
-0.028147272727272726
0.09759090909090909
-0.05711636363636363
0.020545454545454544
0.05814363636363636
0.025887272727272724
0.0895781818181818
0.11443818181818181
0.030818181818181814
0.0226
-0.027941818181818182
0.045610909090909084
0.010683636363636364
-0.09594727272727273
0.07725090909090909
0.09861818181818181
0.0447890909090909
0.04437818181818182
0.1686781818181818
0.026298181818181814
0.060609090909090904
0.1415581818181818
-0.10252181818181817
-0.002876363636363636
-0.00041090909090909085
0.00945090909090909
0.05465090909090909
0.03636545454545455
0.029996363636363634
0.1088909090909091
0.07663454545454546
-0.04828181818181818
0.16189818181818183
0.019107272727272726
-0.11998545454545453
0.12121818181818181
0.014176363636363636
-0.11464363636363636
0.12820363636363635
0.043350909090909086
-0.061841818181818185
0.06697818181818181
-0.07971636363636364
-0.006574545454545454
0.035954545454545454
-0.08382545454545455
-0.0024654545454545454
0.05855454545454545
-0.003287272727272727
0.11382181818181818
0.21613818181818178
-0.02342181818181818
0.055678181818181814
0.1419690909090909
-0.09533090909090909
-0.06327999999999999
0.04129636363636364
-0.0470490909090909
0.04294
0.05855454545454545
0.04047454545454546
0.25024363636363633
0.06204727272727273
0.001849090909090909
0.13765454545454545
-0.08978363636363636
-0.06903272727272727
0.07930545454545455
-0.07355272727272727
-0.004725454545454545
0.12635454545454544
-0.005547272727272727
0.16066545454545456
0.15819999999999998
0.00945090909090909
0.16498
0.05300727272727272
-0.05547272727272727
-0.003287272727272727
-0.031845454545454545
-0.0786890909090909
0.011094545454545454
0.0918381818181818
-0.02979090909090909
0.09142727272727272
0.10704181818181817
0.0067800000000000004
0.11895818181818181
0.031023636363636364
-0.005547272727272727
0.10396
0.0678
0.03965272727272728
0.10334363636363636
0.042734545454545456
0.07458
0.10971272727272725
-0.08218181818181818
0.007601818181818181
0.15470727272727272
-0.056705454545454545
-0.030818181818181814
0.03698181818181818
-0.10745272727272726
0.04211818181818182
0.04746
-0.04746
0.07519636363636363
0.006574545454545454
-0.04828181818181818
0.03328363636363636
-0.04910363636363636
-0.07560727272727272
0.08485272727272727
0.06759454545454545
-0.12635454545454544
0.14505090909090906
0.2023727272727273
-0.13190181818181818
0.1957981818181818
0.06862181818181817
-0.24859999999999996
0.08875636363636363
-0.021778181818181818
-0.042529090909090905
0.16970545454545455
0.007190909090909091
0.16066545454545456
0.2664745454545454
0.005341818181818182
0.10437090909090908
0.1321072727272727
-0.043350909090909086
-0.07540181818181818
-0.09533090909090909
-0.17463636363636362
-0.09574181818181818
0.11464363636363636
-0.0039036363636363635
0.09635818181818182
0.13272363636363635
-0.019518181818181816
0.19970181818181817
0.11567090909090909
-0.04622727272727272
0.10663090909090908
-0.0226
-0.06738909090909091
0.18306
-0.04889818181818182
0.04396727272727272
0.25579090909090907
-0.054034545454545446
0.07375818181818182
0.20072909090909088
-0.042529090909090905
0.031845454545454545
0.18162181818181816
-0.06821090909090909
0.03965272727272728
0.13128545454545454
-0.0067800000000000004
0.09471454545454545
-0.02013454545454545
-0.09594727272727273
0.0012327272727272727
0.04068
-0.07232
0.05691090909090909
-0.0016436363636363634
-0.023832727272727273
0.24346363636363635
0.03246181818181818
0.07601818181818182
0.15922727272727272
-0.05198
-0.10786363636363637
-0.029996363636363634
-0.10601454545454544
-0.05218545454545454
0.03554363636363636
-0.10950727272727273
0.08094909090909091
0.11094545454545454
0.0741690909090909
0.18799090909090907
0.11320545454545454
-0.034927272727272723
0.03451636363636364
-0.00226
-0.18963454545454544
0.07458
0.02650363636363636
-0.09348181818181817
0.06985454545454545
0.07560727272727272
0.04376181818181818
0.06307454545454545
0.06759454545454545
0.007396363636363636
0.06327999999999999
-0.06410181818181818
-0.0452
0.08772909090909091
0.04540545454545454
0.05855454545454545
0.11916363636363636
0.035749090909090904
-0.0226
0.16272
-0.00452
-0.013765454545454546
0.06636181818181817
-0.019107272727272726
0.09389272727272728
0.010683636363636364
-0.009656363636363637
0.1012890909090909
0.041912727272727275
-0.06410181818181818
0.11115090909090909
0.16498
-0.07848363636363635
0.020545454545454544
0.10971272727272725
0.06430727272727273
0.15450181818181818
0.09471454545454545
0.04930909090909091
0.14464
0.05341818181818182
-0.0012327272727272727
0.06964909090909091
-0.11916363636363636
-0.1411472727272727
-0.0016436363636363634
-0.14073636363636363
-0.10087818181818181
0.09348181818181817
0.03985818181818182
0.10519272727272726
0.17052727272727272
-0.002670909090909091
0.08875636363636363
0.07992181818181819
-0.12717636363636362
0.01725818181818182
0.031845454545454545
-0.17545818181818182
-0.0008218181818181817
0.09101636363636363
-0.04684363636363636
0.1668290909090909
0.16949999999999998
-0.0008218181818181817
0.15491272727272726
0.07581272727272727
-0.01992909090909091
0.14587272727272727
-0.007807272727272727
-0.02362727272727273
0.17463636363636362
-0.0447890909090909
-0.05896545454545454
0.13827090909090908
-0.01992909090909091
-0.05198
0.06471818181818181
-0.05629454545454545
-0.017463636363636362
0.06225272727272727
0.002876363636363636
0.05198
0.022805454545454542
0.0030818181818181817
0.08567454545454545
0.05937636363636363
-0.09142727272727272
0.027325454545454545
0.03780363636363636
-0.06266363636363637
0.20545454545454545
0.04807636363636364
0.03780363636363636
0.27284363636363634
0.043556363636363636
0.06451272727272726
0.08670181818181817
-0.0010272727272727274
0.06718363636363636
-0.012327272727272727
-0.07355272727272727
-0.02979090909090909
0.03307818181818182
0.022805454545454542
-0.00862909090909091
0.13909272727272726
0.032667272727272725
0.015614545454545454
0.14073636363636363
-0.11361636363636363
0.02979090909090909
0.06841636363636364
-0.1360109090909091
0.06759454545454545
0.040063636363636364
-0.07458
0.06512909090909091
0.08074363636363636
-0.0016436363636363634
0.0990290909090909
0.052390909090909085
-0.08690727272727272
0.06492363636363636
0.12224545454545453
-0.03410545454545454
0.08341454545454545
0.09430363636363637
0.03616
0.17771818181818183
-0.054240000000000003
-0.001438181818181818
0.16415818181818181
-0.0967690909090909
-0.07211454545454546
0.09594727272727273
-0.04437818181818182
-0.027736363636363635
0.19086727272727272
0.013765454545454546
0.03780363636363636
0.12429999999999998
-0.02691454545454545
0.15265272727272727
0.09615272727272728
-0.14258545454545454
0.07314181818181818
0.04068
-0.10087818181818181
0.1555290909090909
-0.00904
-0.10313818181818181
0.0805381818181818
0.04663818181818182
-0.13025818181818183
0.02301090909090909
0.12101272727272726
-0.1296418181818182
0.17032181818181816
0.024243636363636363
0.02157272727272727
0.22887636363636363
0.006574545454545454
0.1397090909090909
0.08896181818181817
-0.12697090909090908
-0.02691454545454545
0.11197272727272727
-0.10272727272727272
0.07766181818181818
0.11382181818181818
-0.027736363636363635
0.1633363636363636
0.18552545454545455
0.02342181818181818
-0.019312727272727273
0.062458181818181815
-0.10909636363636364
0.0339
-0.15676181818181817
-0.09122181818181817
0.18531999999999998
-0.037598181818181815
0.07704545454545454
0.16210363636363637
0.11320545454545454
-0.034927272727272723
0.17422545454545454
0.011094545454545454
-0.15347454545454545
0.04109090909090909
-0.031639999999999995
0.03780363636363636
-0.03780363636363636
-0.011094545454545454
0.0895781818181818
0.15922727272727272
-0.06574545454545455
0.060609090909090904
0.16908909090909088
-0.10375454545454545
0.11977999999999998
0.11916363636363636
0.02486
0.09841272727272728
0.1495709090909091
0.05999272727272727
0.059170909090909087
0.001438181818181818
-0.019312727272727273
0.025476363636363634
-0.1261490909090909
-0.027120000000000002
0.04622727272727272
-0.011505454545454544
-0.08937272727272727
0.22415090909090907
0.10293272727272727
-0.10991818181818182
0.18059454545454545
-0.0565
-0.027941818181818182
0.011094545454545454
-0.08814
0.03143454545454545
0.005136363636363636
-0.0020545454545454547
0.17607454545454546
0.12327272727272726
0.03718727272727273
0.17299272727272727
0.07252545454545453
0.010067272727272725
-0.02013454545454545
0.03657090909090909
-0.13929818181818182
-0.011505454545454544
0.1610763636363636
-0.10067272727272727
0.10683636363636365
0.07026545454545453
0.05218545454545454
0.10457636363636363
-0.06081454545454545
0.011094545454545454
0.08567454545454545
-0.09450909090909092
-0.04828181818181818
0.14874909090909091
-0.038625454545454546
0.07355272727272727
0.1193690909090909
-0.005958181818181818
-0.0039036363636363635
0.04622727272727272
-0.01725818181818182
-0.040885454545454544
0.08382545454545455
-0.03780363636363636
0.13642181818181817
0.08855090909090908
0.014381818181818181
0.20792
0.04869272727272727
-0.05876
0.08896181818181817
0.0020545454545454547
-0.09718
0.10087818181818181
0.031639999999999995
0.02650363636363636
0.13046363636363634
0.16169272727272727
0.16949999999999998
0.09718
-0.05855454545454545
-0.008218181818181819
0.09800181818181818
-0.14566727272727273
-0.017463636363636362
0.0339
-0.08855090909090908
0.15265272727272727
0.1865527272727273
0.043350909090909086
0.09327636363636364
0.08896181818181817
-0.0226
-0.010067272727272725
-0.12286181818181818
-0.05054181818181818
0.0034927272727272728
-0.08649636363636364
0.028763636363636363
0.06553999999999999
0.061841818181818185
0.07149818181818181
0.16292545454545454
0.06204727272727273
-0.03657090909090909
0.04869272727272727
0.03657090909090909
0.021367272727272728
0.005136363636363636
0.03821454545454545
0.11094545454545454
0.04663818181818182
-0.001438181818181818
0.08485272727272727
0.017463636363636362
-0.04211818181818182
0.002876363636363636
-0.05095272727272727
-0.09163272727272727
0.060609090909090904
0.060609090909090904
-0.01890181818181818
0.1454618181818182
-0.001438181818181818
-0.01849090909090909
0.113
-0.04622727272727272
0.0020545454545454547
0.04129636363636364
-0.028558181818181816
0.027120000000000002
0.1631309090909091
0.06964909090909091
0.06738909090909091
0.16908909090909088
-0.04150181818181818
-0.0016436363636363634
0.1356
-0.12409454545454546
-0.018696363636363636
0.22415090909090907
-0.059787272727272724
0.04746
0.23257454545454545
0.053212727272727266
0.15676181818181817
0.22148
-0.05958181818181818
0.021367272727272728
0.03698181818181818
-0.2586672727272727
-0.012943636363636362
-0.04787090909090909
-0.1555290909090909
0.1411472727272727
0.06512909090909091
-0.04930909090909091
0.15758363636363634
0.07889454545454545
-0.06040363636363636
0.15059818181818183
-0.03143454545454545
-0.07540181818181818
0.13765454545454545
-0.016436363636363638
-0.003698181818181818
0.08772909090909091
-0.06369090909090909
0.09861818181818181
0.20792
-0.1261490909090909
0.051569090909090905
0.14731090909090908
-0.10046727272727272
0.08505818181818181
0.07622363636363635
-0.11443818181818181
0.11546545454545454
0.08341454545454545
-0.10149454545454545
0.07375818181818182
-0.06081454545454545
-0.08403090909090909
0.09800181818181818
-0.022805454545454542
-0.05773272727272727
0.19436
0.1586109090909091
0.07601818181818182
0.21696000000000001
0.01808
0.01766909090909091
0.02650363636363636
-0.11526
-0.11320545454545454
-0.028558181818181816
0.0020545454545454547
-0.00904
0.10149454545454545
0.06143090909090909
0.20072909090909088
0.17751272727272727
0.0339
0.1415581818181818
0.06122545454545455
-0.06985454545454545
0.08012727272727273
0.0678
-0.12101272727272726
0.08649636363636364
0.04129636363636364
0.05115818181818182
0.15183090909090907
0.005547272727272727
0.058349090909090906
0.0470490909090909
-0.054240000000000003
-0.07293636363636363
0.06759454545454545
-0.06595090909090909
-0.015614545454545454
0.16970545454545455
-0.014381818181818181
-0.02444909090909091
0.07930545454545455
0.054034545454545446
-0.06862181818181817
0.036776363636363635
-0.03328363636363636
-0.04417272727272727
0.13190181818181818
-0.06122545454545455
0.07704545454545454
0.11649272727272726
-0.1216290909090909
0.08752363636363636
0.052390909090909085
-0.09738545454545454
0.12142363636363637
0.040063636363636364
-0.07211454545454546
0.07930545454545455
0.059787272727272724
0.05465090909090909
0.1871690909090909
0.10334363636363636
-0.07704545454545454
0.09060545454545453
-0.00020545454545454542
-0.13334
0.06944363636363636
-0.17874545454545454
-0.17340363636363634
0.10026181818181817
-0.020545454545454544
0.06964909090909091
0.1984690909090909
0.036776363636363635
0.07334727272727272
0.09019454545454544
-0.06697818181818181
0.07293636363636363
0.06862181818181817
-0.12779272727272725
0.034310909090909086
0.05177454545454545
-0.11176727272727273
0.18285454545454544
0.2023727272727273
0.003287272727272727
0.1682672727272727
0.09286545454545453
0.12039636363636362
0.19251090909090907
0.012327272727272727
0.005752727272727272
0.08156545454545455
0.049925454545454544
0.03020181818181818
0.033694545454545456
-0.08136
0.05013090909090909
0.0967690909090909
-0.12121818181818181
-0.02218909090909091
0.016436363636363638
0.012738181818181817
0.1419690909090909
-0.01705272727272727
-0.06553999999999999
0.07232
0.025887272727272724
0.06204727272727273
0.062458181818181815
-0.10991818181818182
-0.006574545454545454
0.17176
0.014998181818181817
0.053212727272727266
0.14073636363636363
0.008012727272727272
0.13334
0.11156181818181818
-0.07334727272727272
-0.008218181818181819
0.02218909090909091
-0.0024654545454545454
-0.044994545454545454
-0.06738909090909091
-0.01890181818181818
0.07519636363636363
0.12265636363636362
-0.02198363636363636
0.06615636363636364
0.08855090909090908
-0.07232
0.05095272727272727
0.005752727272727272
-0.0904
0.042734545454545456
0.04150181818181818
-0.03718727272727273
0.07088181818181817
-0.04889818181818182
-0.043350909090909086
0.20155090909090906
0.025887272727272724
-0.05896545454545454
0.09019454545454544
0.06492363636363636
-0.007396363636363636
0.18758
0.08197636363636364
0.01992909090909091
0.18388181818181817
-0.010889090909090909
0.06903272727272727
0.1035490909090909
-0.047665454545454546
-0.028969090909090906
0.060609090909090904
-0.12306727272727273
-0.06964909090909091
0.1935381818181818
-0.025476363636363634
0.10827454545454546
0.15059818181818183
-0.10396
0.13005272727272726
0.14566727272727273
-0.05136363636363636
0.17484181818181818
-0.03739272727272727
-0.10498727272727272
0.20833090909090907
-0.019518181818181816
-0.0727309090909091
0.09224909090909092
0.002670909090909091
-0.13929818181818182
0.08033272727272728
-0.03225636363636363
-0.06964909090909091
0.15902181818181815
-0.04068
0.05300727272727272
0.14628363636363637
0.02938
0.08074363636363636
0.2342181818181818
-0.02218909090909091
-0.01992909090909091
0.07622363636363635
-0.09964545454545454
0.12388909090909091
-0.008012727272727272
-0.049925454545454544
0.18840181818181817
0.09101636363636363
-0.01992909090909091
0.17771818181818183
-0.032872727272727276
-0.12121818181818181
0.13087454545454547
-0.10786363636363637
-0.06492363636363636
-0.0030818181818181817
0.012327272727272727
0.07129272727272727
0.10437090909090908
0.021367272727272728
0.08978363636363636
0.21613818181818178
-0.04746
0.0678
0.03472181818181818
-0.10971272727272725
-0.057527272727272726
0.03410545454545454
-0.001438181818181818
-0.031845454545454545
0.02486
-0.012121818181818182
0.14217454545454544
0.01725818181818182
0.02075090909090909
0.1035490909090909
0.07889454545454545
0.06738909090909091
0.11012363636363637
0.07663454545454546
0.004314545454545455
0.16272
-0.031023636363636364
0.020545454545454544
-0.04437818181818182
-0.15409090909090908
0.00862909090909091
-0.020956363636363638
-0.015614545454545454
-0.014998181818181817
0.12717636363636362
0.04746
0.07909999999999999
0.13868181818181818
0.0
0.043350909090909086
0.10437090909090908
-0.06862181818181817
-0.061841818181818185
0.1193690909090909
-0.09081090909090908
0.1329290909090909
0.17484181818181818
-0.055883636363636364
0.14361272727272725
0.07971636363636364
0.028352727272727273
0.10745272727272726
-0.09882363636363636
-0.07375818181818182
0.15183090909090907
-0.11074
-0.00904
0.15265272727272727
0.05300727272727272
0.13929818181818182
0.06410181818181818
0.011916363636363636
-0.00226
0.13025818181818183
-0.022805454545454542
-0.09060545454545453
0.12101272727272726
-0.030407272727272724
0.08382545454545455
0.12080727272727272
-0.11875272727272726
0.13005272727272726
0.07088181818181817
-0.21983636363636364
0.10252181818181817
0.019723636363636363
-0.18306
0.10087818181818181
0.10806909090909089
-0.015203636363636362
0.08629090909090908
0.1224509090909091
0.015819999999999997
0.09492
-0.03328363636363636
-0.08074363636363636
0.12676545454545454
-0.07951090909090908
-0.008423636363636364
0.16724
0.00226
0.12142363636363637
0.18059454545454545
-0.0069854545454545456
-0.02239454545454545
0.02670909090909091
-0.02034
-0.054034545454545446
-0.03205090909090909
-0.09163272727272727
0.0727309090909091
0.13436727272727272
0.0006163636363636364
0.18347090909090907
0.03246181818181818
0.015614545454545454
0.14443454545454545
-0.09882363636363636
-0.047665454545454546
0.0012327272727272727
-0.09800181818181818
0.015409090909090907
0.08362
0.012532727272727272
0.20155090909090906
0.1645690909090909
-0.03780363636363636
0.13334
0.09101636363636363
-0.06512909090909091
0.08279818181818181
0.08074363636363636
-0.09820727272727273
0.1682672727272727
0.11176727272727273
-0.08670181818181817
0.11526
0.02075090909090909
-0.014792727272727272
0.04417272727272727
0.0006163636363636364
-0.04663818181818182
0.09656363636363637
0.005136363636363636
-0.04211818181818182
0.1713490909090909
0.028352727272727273
0.054034545454545446
0.09800181818181818
-0.020956363636363638
-0.07252545454545453
0.07047090909090908
-0.055678181818181814
-0.06410181818181818
0.20114
-0.06821090909090909
0.07149818181818181
0.22312363636363636
-0.022805454545454542
0.00452
-0.002670909090909091
-0.07458
0.00945090909090909
-0.020956363636363638
-0.10724727272727272
0.13477818181818182
0.17689636363636363
-0.010478181818181819
0.10005636363636364
0.18100545454545455
-0.010478181818181819
0.13868181818181818
0.04602181818181818
-0.21737090909090906
-0.028352727272727273
-0.14217454545454544
-0.08916727272727272
0.012327272727272727
-0.0024654545454545454
0.03698181818181818
0.16641818181818183
0.09492
-0.04129636363636364
0.19497636363636361
-0.04068
-0.02568181818181818
0.08300363636363636
-0.05485636363636363
0.04869272727272727
0.10786363636363637
0.05013090909090909
0.12429999999999998
0.1577890909090909
-0.07232
0.13765454545454545
0.06944363636363636
-0.049925454545454544
0.12738181818181818
0.06204727272727273
0.050747272727272724
0.06944363636363636
0.11464363636363636
-0.06163636363636363
-0.002876363636363636
0.050747272727272724
-0.04930909090909091
0.005752727272727272
-0.05896545454545454
-0.005341818181818182
0.12984727272727273
0.05300727272727272
0.09759090909090909
0.18984
0.0069854545454545456
0.14669454545454544
0.046432727272727264
-0.04396727272727272
-0.021778181818181818
-0.1555290909090909
-0.02979090909090909
-0.07786727272727272
0.04396727272727272
0.0727309090909091
0.13498363636363636
0.1374490909090909
0.00945090909090909
0.16025454545454546
0.08937272727272727
-0.0470490909090909
0.02218909090909091
0.0
-0.1499818181818182
-0.00862909090909091
0.04663818181818182
-0.006163636363636363
0.02075090909090909
0.11156181818181818
0.029996363636363634
0.003698181818181818
0.07560727272727272
-0.1088909090909091
0.04417272727272727
-0.09574181818181818
-0.06451272727272726
0.11957454545454545
-0.055061818181818184
0.11197272727272727
0.13046363636363634
-0.015203636363636362
0.031845454545454545
0.09533090909090909
-0.05773272727272727
0.003287272727272727
0.05259636363636363
-0.010272727272727272
0.10930181818181818
0.13642181818181817
0.0
0.08012727272727273
0.12512181818181817
-0.11998545454545453
0.17833454545454544
-0.002876363636363636
-0.1366272727272727
0.24243636363636362
-0.03328363636363636
0.03533818181818182
0.2368890909090909
0.04109090909090909
0.0069854545454545456
0.2210690909090909
0.02116181818181818
-0.08670181818181817
0.06266363636363637
-0.08464727272727272
-0.045610909090909084
-0.06143090909090909
-0.08156545454545455
0.06533454545454545
0.16128181818181817
-0.002876363636363636
0.11916363636363636
0.13046363636363634
-0.1483381818181818
0.10149454545454545
0.0538290909090909
-0.14854363636363635
0.04787090909090909
0.01890181818181818
-0.10704181818181817
0.16292545454545454
0.028763636363636363
0.03246181818181818
0.30859272727272724
-0.05341818181818182
0.05937636363636363
0.2194254545454545
-0.06225272727272727
0.007396363636363636
0.13334
-0.041707272727272725
0.011916363636363636
0.11526
-0.09492
0.06656727272727272
0.035954545454545454
-0.22661636363636362
0.0008218181818181817
0.01992909090909091
-0.14895454545454545
0.07601818181818182
0.06718363636363636
-0.041707272727272725
0.21100181818181818
0.05526727272727273
-0.03944727272727273
0.16148727272727273
0.0041090909090909095
-0.058349090909090906
0.03246181818181818
-0.005341818181818182
0.08423636363636364
0.18306
0.0041090909090909095
0.08074363636363636
0.18531999999999998
0.03718727272727273
0.09204363636363636
0.03965272727272728
-0.02362727272727273
0.05198
-0.038625454545454546
-0.08362
0.05855454545454545
0.012738181818181817
-0.05300727272727272
0.1532690909090909
0.06636181818181817
-0.05485636363636363
0.14505090909090906
-0.00041090909090909085
-0.05054181818181818
0.12450545454545454
-0.02301090909090909
-0.02013454545454545
0.06430727272727273
0.02527090909090909
-0.04294
0.032872727272727276
0.03739272727272727
-0.07047090909090908
0.15347454545454545
-0.05218545454545454
-0.07807272727272727
0.21408363636363634
-0.013765454545454546
0.13025818181818183
0.13765454545454545
-0.03410545454545454
0.1826490909090909
0.12306727272727273
-0.07334727272727272
0.02342181818181818
0.0741690909090909
-0.12224545454545453
-0.02568181818181818
0.03328363636363636
-0.06595090909090909
0.09985090909090909
0.07930545454545455
-0.013765454545454546
0.12286181818181818
-0.029996363636363634
-0.03657090909090909
0.23545090909090907
-0.027530909090909092
-0.09635818181818182
0.11977999999999998
-0.016436363636363638
-0.019518181818181816
0.18737454545454543
-0.0805381818181818
-0.11567090909090909
0.17114363636363633
-0.02403818181818182
0.04869272727272727
0.05773272727272727
-0.00862909090909091
0.17176
0.17484181818181818
-0.02486
0.033694545454545456
0.14443454545454545
-0.11115090909090909
0.07622363636363635
-0.040885454545454544
-0.17771818181818183
0.1532690909090909
0.013970909090909091
-0.00904
0.1686781818181818
0.10231636363636364
0.09697454545454545
0.20874181818181817
0.03554363636363636
-0.010478181818181819
-0.017463636363636362
-0.03636545454545455
0.00945090909090909
-0.06163636363636363
-0.07519636363636363
-0.050747272727272724
0.18162181818181816
-0.02403818181818182
0.04437818181818182
0.14628363636363637
-0.06759454545454545
0.1464890909090909
-0.06225272727272727
-0.08567454545454545
0.025065454545454544
-0.001849090909090909
-0.008834545454545454
0.011916363636363636
0.03225636363636363
-0.031639999999999995
0.17833454545454544
0.034310909090909086
0.04211818181818182
0.1881963636363636
0.02157272727272727
0.04437818181818182
0.12306727272727273
0.04047454545454546
0.03554363636363636
0.09163272727272727
-0.04951454545454545
0.04869272727272727
0.037598181818181815
-0.08094909090909091
-0.02116181818181818
0.03307818181818182
-0.08094909090909091
-0.033694545454545456
0.22312363636363636
-0.07663454545454546
0.09122181818181817
0.2336018181818182
-0.10827454545454546
0.06307454545454545
0.08505818181818181
-0.015819999999999997
0.031229090909090908
-0.059787272727272724
-0.021778181818181818
0.12861454545454545
0.00862909090909091
0.08629090909090908
0.18758
0.08094909090909091
-0.027325454545454545
0.09368727272727272
0.1337509090909091
-0.14566727272727273
0.09964545454545454
0.04458363636363636
-0.1600490909090909
0.0452
0.06903272727272727
0.048487272727272726
0.1088909090909091
0.03636545454545455
0.006574545454545454
0.12943636363636363
-0.1356
0.0678
0.16415818181818181
-0.19066181818181818
0.06718363636363636
0.09348181818181817
-0.07745636363636363
0.005547272727272727
0.06944363636363636
0.0069854545454545456
-0.02403818181818182
-0.07807272727272727
-0.03143454545454545
0.07889454545454545
0.08259272727272728
0.10005636363636364
0.1284090909090909
0.054240000000000003
0.010889090909090909
0.22723272727272725
-0.03451636363636364
-0.1017
0.11669818181818181
-0.05711636363636363
-0.001849090909090909
0.08896181818181817
0.05937636363636363
0.1374490909090909
0.1637472727272727
0.004314545454545455
0.14422909090909092
-0.0226
-0.1633363636363636
0.15450181818181818
-0.13498363636363636
-0.14073636363636363
0.13231272727272728
-0.012532727272727272
0.054240000000000003
0.26072181818181817
0.14977636363636362
0.11094545454545454
0.06574545454545455
-0.001849090909090909
0.05958181818181818
-0.06512909090909091
-0.13334
-0.06143090909090909
0.07930545454545455
-0.15347454545454545
0.028147272727272726
0.2609272727272727
-0.12265636363636362
0.2147
0.16641818181818183
-0.15819999999999998
0.13621636363636364
0.06821090909090909
-0.008423636363636364
0.10519272727272726
0.00226
-0.014381818181818181
0.13087454545454547
0.010067272727272725
-0.08711272727272727
0.14422909090909092
0.03225636363636363
-0.22949272727272724
0.09635818181818182
0.019312727272727273
-0.15450181818181818
0.1171090909090909
0.0
0.038625454545454546
0.09307090909090908
-0.05444545454545455
0.029174545454545453
0.14607818181818183
-0.014998181818181817
-0.02444909090909091
0.13950363636363636
-0.06615636363636364
0.05773272727272727
0.30838727272727273
-0.02239454545454545
0.009656363636363637
0.20422181818181817
-0.15347454545454545
0.013354545454545456
0.06677272727272728
-0.19723636363636363
0.11608181818181817
0.02034
-0.005341818181818182
0.2278490909090909
0.09553636363636364
0.07211454545454546
0.24017636363636363
0.12676545454545454
-0.15142
-0.0113
-0.010889090909090909
-0.16477454545454545
0.03616
-0.05218545454545454
-0.09779636363636364
0.29955272727272725
0.002670909090909091
0.05115818181818182
0.25209272727272725
-0.19045636363636362
0.14176363636363634
0.13046363636363634
-0.14258545454545454
0.06615636363636364
0.06327999999999999
-0.04663818181818182
0.05547272727272727
0.10026181818181817
-0.04828181818181818
0.1608709090909091
0.09081090909090908
-0.09964545454545454
0.11916363636363636
0.038419999999999996
-0.08998909090909091
0.1668290909090909
0.013354545454545456
-0.055678181818181814
0.15388545454545455
-0.09944
0.0069854545454545456
0.051569090909090905
-0.14607818181818183
-0.004725454545454545
0.1216290909090909
-0.02691454545454545
0.03821454545454545
0.19559272727272728
-0.014381818181818181
0.12306727272727273
0.10437090909090908
-0.07293636363636363
0.0024654545454545454
-0.057527272727272726
-0.10745272727272726
0.02486
-0.07745636363636363
-0.027120000000000002
0.2512709090909091
-0.020956363636363638
0.17196545454545456
0.20689272727272728
0.10067272727272727
0.13498363636363636
0.019312727272727273
0.06697818181818181
-0.18758
0.09594727272727273
-0.014381818181818181
-0.10293272727272727
0.13457272727272726
-0.001849090909090909
0.16806181818181817
0.10211090909090909
-0.025887272727272724
0.015203636363636362
0.08444181818181817
-0.07951090909090908
0.02034
0.016025454545454544
-0.03554363636363636
0.1727872727272727
0.021367272727272728
0.0741690909090909
0.05526727272727273
0.08896181818181817
-0.023832727272727273
0.045610909090909084
0.04150181818181818
-0.20401636363636363
0.11916363636363636
0.06512909090909091
-0.018696363636363636
0.07067636363636363
-0.0024654545454545454
-0.02691454545454545
0.20216727272727272
-0.0069854545454545456
-0.04232363636363636
0.1826490909090909
-0.20052363636363635
0.12121818181818181
0.20833090909090907
-0.04684363636363636
0.12820363636363635
0.17525272727272728
-0.032872727272727276
-0.06841636363636364
0.10416545454545453
-0.12758727272727272
-0.08115454545454545
-0.05280181818181818
-0.18922363636363634
-0.02342181818181818
0.04314545454545454
0.01849090909090909
0.21326181818181816
0.13498363636363636
-0.04047454545454546
0.16744545454545454
0.010272727272727272
-0.02670909090909091
0.018285454545454546
-0.11526
-0.07848363636363635
0.02403818181818182
0.03965272727272728
0.012943636363636362
0.2512709090909091
0.08875636363636363
0.08382545454545455
0.2742818181818182
-0.02239454545454545
0.05033636363636364
0.13005272727272726
-0.037598181818181815
0.08485272727272727
0.06800545454545455
-0.0470490909090909
0.14895454545454545
0.03821454545454545
-0.12532727272727273
0.04951454545454545
-0.013765454545454546
-0.10991818181818182
0.00226
0.02650363636363636
-0.007396363636363636
0.11238363636363637
0.029996363636363634
0.028558181818181816
0.12943636363636363
-0.013765454545454546
0.07683999999999999
0.09512545454545453
-0.06081454545454545
0.03821454545454545
0.15183090909090907
0.0447890909090909
0.17032181818181816
0.15183090909090907
-0.08218181818181818
0.12943636363636363
0.05095272727272727
-0.05033636363636364
0.06985454545454545
-0.11074
-0.09430363636363637
0.057527272727272726
-0.001438181818181818
-0.038419999999999996
0.15409090909090908
0.12142363636363637
-0.011916363636363636
0.0895781818181818
0.004314545454545455
-0.026298181818181814
0.07519636363636363
-0.10416545454545453
-0.1261490909090909
0.05732181818181818
-0.06677272727272728
0.021778181818181818
0.11382181818181818
-0.03657090909090909
0.053212727272727266
0.09245454545454544
-0.009861818181818182
-0.03554363636363636
0.10334363636363636
0.011505454545454544
0.0
0.20566
0.08382545454545455
0.09224909090909092
0.14977636363636362
0.03020181818181818
0.1370381818181818
0.060609090909090904
-0.17936181818181818
0.07129272727272727
-0.04211818181818182
-0.15203636363636364
0.14217454545454544
-0.004725454545454545
-0.00020545454545454542
0.11546545454545454
0.07293636363636363
-0.00862909090909091
0.05876
0.07088181818181817
0.02075090909090909
0.0990290909090909
-0.05485636363636363
0.027736363636363635
0.14525636363636363
-0.05526727272727273
-0.010067272727272725
0.1148490909090909
-0.10848000000000001
-0.04889818181818182
0.014176363636363636
-0.08896181818181817
0.11176727272727273
0.10375454545454545
0.06862181818181817
0.15203636363636364
0.10272727272727272
0.016025454545454544
0.1682672727272727
0.007396363636363636
-0.07067636363636363
0.08752363636363636
-0.17073272727272726
0.008218181818181819
0.10622
0.012532727272727272
0.1224509090909091
0.13785999999999998
0.08875636363636363
0.08177090909090909
0.07458
-0.08259272727272728
0.013354545454545456
-0.014792727272727272
-0.09430363636363637
-0.0008218181818181817
-0.06574545454545455
0.03821454545454545
0.24346363636363635
0.06677272727272728
-0.00862909090909091
0.22538363636363634
0.03205090909090909
-0.0895781818181818
0.03985818181818182
-0.08341454545454545
-0.05958181818181818
0.08136
-0.0470490909090909
0.04150181818181818
0.08279818181818181
-0.07725090909090909
0.18552545454545455
0.11587636363636362
-0.021367272727272728
0.11772545454545454
0.11813636363636362
0.055883636363636364
0.07149818181818181
0.13313454545454545
-0.03143454545454545
0.08259272727272728
0.04725454545454546
-0.14751636363636364
-0.04930909090909091
-0.12306727272727273
-0.13724363636363635
0.07683999999999999
-0.02670909090909091
-0.07437454545454546
0.21860363636363636
0.07766181818181818
0.05896545454545454
0.17155454545454543
0.04540545454545454
0.011505454545454544
0.05629454545454545
-0.029996363636363634
-0.10539818181818181
0.10930181818181818
-0.007601818181818181
0.030407272727272724
0.19230545454545456
-0.031639999999999995
0.025887272727272724
0.16025454545454546
0.00452
-0.03636545454545455
0.09944
-0.12532727272727273
-0.09081090909090908
0.10375454545454545
-0.05054181818181818
0.1103290909090909
0.1999072727272727
0.03944727272727273
0.15018727272727272
0.11854727272727272
-0.07786727272727272
0.07108727272727272
0.003698181818181818
-0.010683636363636364
0.06266363636363637
-0.08526363636363636
0.04889818181818182
0.14751636363636364
0.031845454545454545
-0.09142727272727272
0.1148490909090909
0.014587272727272727
-0.16128181818181817
0.15162545454545454
0.0008218181818181817
-0.00904
0.1758690909090909
0.03020181818181818
0.1577890909090909
0.1397090909090909
-0.09697454545454545
0.06451272727272726
0.0967690909090909
-0.13231272727272728
0.045816363636363634
0.10087818181818181
-0.10909636363636364
0.09019454545454544
0.1894290909090909
-0.0113
0.07252545454545453
0.07375818181818182
-0.05773272727272727
0.0452
-0.12101272727272726
-0.06841636363636364
0.06636181818181817
-0.11854727272727272
0.0967690909090909
0.16189818181818183
0.028147272727272726
0.10190545454545454
0.15532363636363636
0.009245454545454545
-0.056705454545454545
0.08855090909090908
-0.08300363636363636
-0.09944
0.02218909090909091
-0.030407272727272724
0.08608545454545455
0.04746
0.031845454545454545
0.17771818181818183
0.07725090909090909
-0.027120000000000002
0.04746
0.027736363636363635
-0.014176363636363636
0.04109090909090909
0.08094909090909091
0.02650363636363636
0.04109090909090909
0.1035490909090909
0.05136363636363636
0.07232
0.04047454545454546
0.00226
0.02342181818181818
-0.04869272727272727
-0.006163636363636363
0.09697454545454545
0.02444909090909091
-0.005547272727272727
0.11012363636363637
0.0
-0.07211454545454546
0.08464727272727272
0.031845454545454545
0.040063636363636364
0.06903272727272727
0.003287272727272727
0.16169272727272727
0.15881636363636362
0.03246181818181818
0.1415581818181818
0.10971272727272725
-0.11074
0.04068
0.0805381818181818
-0.16847272727272727
0.03410545454545454
0.05177454545454545
-0.11238363636363637
0.1374490909090909
0.09471454545454545
0.05958181818181818
0.22435636363636363
-0.02075090909090909
-0.04314545454545454
0.07930545454545455
-0.13354545454545455
-0.23175272727272725
-0.03205090909090909
0.006574545454545454
-0.10108363636363636
0.12080727272727272
0.11505454545454545
0.0805381818181818
0.12224545454545453
-0.02218909090909091
0.12203999999999998
0.0538290909090909
-0.1325181818181818
0.027736363636363635
0.013765454545454546
-0.12019090909090908
0.11156181818181818
0.04787090909090909
-0.04622727272727272
0.22189090909090908
0.031639999999999995
0.0012327272727272727
0.2120290909090909
-0.01808
-0.012121818181818182
0.19107272727272728
-0.08855090909090908
0.01849090909090909
0.18799090909090907
-0.10930181818181818
0.015409090909090907
0.014587272727272727
-0.07766181818181818
0.03718727272727273
0.03451636363636364
-0.04684363636363636
0.06533454545454545
0.23976545454545453
0.00041090909090909085
0.11649272727272726
0.25106545454545454
0.005752727272727272
0.015409090909090907
0.00226
-0.06451272727272726
0.02568181818181818
-0.12224545454545453
-0.055678181818181814
0.2075090909090909
-0.07375818181818182
0.11341090909090909
0.2364781818181818
0.01849090909090909
0.14340727272727272
0.11608181818181817
0.027325454545454545
-0.014792727272727272
0.0024654545454545454
-0.06800545454545455
0.02403818181818182
0.00041090909090909085
-0.09800181818181818
0.12409454545454546
0.12676545454545454
-0.05444545454545455
0.07540181818181818
0.12984727272727273
-0.17319818181818183
-0.02075090909090909
0.04951454545454545
-0.10498727272727272
0.053212727272727266
0.0063690909090909084
-0.03821454545454545
0.13868181818181818
0.032667272727272725
-0.049925454545454544
0.13477818181818182
-0.03780363636363636
-0.03718727272727273
0.1366272727272727
0.008012727272727272
-0.00862909090909091
0.06574545454545455
-0.03225636363636363
-0.00945090909090909
0.10642545454545453
-0.04109090909090909
0.1012890909090909
0.04725454545454546
-0.09512545454545453
0.16148727272727273
0.11402727272727273
0.01705272727272727
0.15491272727272726
0.12039636363636362
-0.047665454545454546
0.13950363636363636
0.10704181818181817
-0.06512909090909091
0.0
-0.14217454545454544
-0.17854
0.03636545454545455
-0.012943636363636362
-0.06327999999999999
0.18922363636363634
0.08546909090909091
0.07581272727272727
0.09142727272727272
-0.04376181818181818
0.11505454545454545
0.06553999999999999
-0.0940981818181818
-0.011094545454545454
0.05465090909090909
-0.08629090909090908
0.17155454545454543
0.23031454545454547
-0.02157272727272727
0.2034
0.20853636363636363
0.00862909090909091
0.07437454545454546
0.07971636363636364
-0.09430363636363637
0.04602181818181818
0.010272727272727272
-0.059787272727272724
0.08300363636363636
-0.015819999999999997
0.027120000000000002
0.05362363636363636
-0.029996363636363634
-0.0904
0.0452
0.00862909090909091
-0.06307454545454545
0.051569090909090905
0.032667272727272725
0.038625454545454546
0.03739272727272727
0.05896545454545454
0.011505454545454544
0.07190909090909091
-0.02527090909090909
-0.02301090909090909
0.1247109090909091
0.043556363636363636
0.12697090909090908
0.03944727272727273
0.05198
0.1682672727272727
0.0447890909090909
0.045816363636363634
0.07683999999999999
-0.02650363636363636
-0.09060545454545453
-0.010478181818181819
-0.035954545454545454
-0.10642545454545453
0.01849090909090909
0.034927272727272723
0.01705272727272727
0.0786890909090909
-0.00041090909090909085
0.055061818181818184
0.10663090909090908
0.019107272727272726
-0.05198
-0.027120000000000002
0.02650363636363636
0.040885454545454544
0.09656363636363637
-0.02034
0.041707272727272725
0.09265999999999999
0.021367272727272728
0.05485636363636363
-0.003698181818181818
0.06122545454545455
0.04068
0.019518181818181816
0.06944363636363636
0.09718
0.05999272727272727
0.06101999999999999
0.19333272727272727
0.0452
-0.06738909090909091
0.03698181818181818
-0.015409090909090907
-0.07745636363636363
0.013765454545454546
0.009656363636363637
0.04828181818181818
0.08855090909090908
-0.01623090909090909
0.05485636363636363
0.1125890909090909
-0.055678181818181814
0.07827818181818182
0.1216290909090909
-0.19929090909090907
0.03698181818181818
0.15347454545454545
-0.05629454545454545
0.07006
0.07129272727272727
-0.06964909090909091
0.03307818181818182
0.04129636363636364
-0.0967690909090909
0.12738181818181818
0.051569090909090905
-0.03944727272727273
0.2533254545454545
0.027941818181818182
-0.047665454545454546
0.29256727272727273
0.06841636363636364
-0.10046727272727272
0.08875636363636363
-0.0805381818181818
-0.06163636363636363
0.048487272727272726
-0.03944727272727273
0.07971636363636364
0.19333272727272727
0.09533090909090909
0.10724727272727272
0.10437090909090908
-0.09492
0.05547272727272727
0.04232363636363636
-0.18696363636363633
-0.043350909090909086
-0.013970909090909091
-0.11567090909090909
0.11382181818181818
0.11423272727272726
0.054240000000000003
0.19703090909090906
0.008012727272727272
0.059170909090909087
0.08731818181818181
-0.06923818181818181
-0.06512909090909091
0.016847272727272728
-0.03883090909090909
-0.05013090909090909
0.11608181818181817
-0.02486
0.02938
0.13888727272727272
0.020956363636363638
0.013354545454545456
0.10416545454545453
0.005752727272727272
0.05177454545454545
0.09122181818181817
-0.046432727272727264
0.13457272727272726
0.016847272727272728
-0.03821454545454545
0.05136363636363636
-0.06369090909090909
-0.1744309090909091
0.043556363636363636
0.07601818181818182
-0.14176363636363634
0.14710545454545454
0.06492363636363636
0.06143090909090909
0.17402
0.044994545454545454
0.07458
0.11074
-0.02979090909090909
-0.05793818181818181
0.17360909090909088
-0.11443818181818181
0.020545454545454544
0.27058363636363636
-0.05896545454545454
0.03698181818181818
0.2206581818181818
0.007807272727272727
0.019518181818181816
0.15059818181818183
-0.18018363636363635
-0.048487272727272726
0.04869272727272727
-0.11115090909090909
0.13498363636363636
0.10272727272727272
-0.011916363636363636
0.20792
0.13169636363636364
-0.07293636363636363
0.21244
0.019107272727272726
-0.15819999999999998
0.08485272727272727
-0.0067800000000000004
-0.04047454545454546
0.09307090909090908
0.03451636363636364
-0.03657090909090909
0.08033272727272728
-0.13991454545454546
-0.0749909090909091
0.10190545454545454
-0.11094545454545454
-0.014381818181818181
0.13046363636363634
-0.0041090909090909095
0.10293272727272727
0.2188090909090909
-0.044994545454545454
0.08711272727272727
0.0904
-0.07704545454545454
0.05937636363636363
-0.04622727272727272
-0.07355272727272727
0.113
0.033694545454545456
-0.02486
0.24572363636363637
0.010067272727272725
-0.10108363636363636
0.11423272727272726
-0.09759090909090909
-0.05341818181818182
0.004930909090909091
-0.06327999999999999
0.06327999999999999
0.11279454545454545
0.05691090909090909
0.25291454545454545
0.2034
-0.024654545454545453
0.07992181818181819
0.012327272727272727
-0.09594727272727273
-0.02486
-0.04068
-0.14566727272727273
0.06862181818181817
0.03780363636363636
0.027736363636363635
0.23134181818181818
0.04109090909090909
0.09594727272727273
0.11690363636363636
-0.014998181818181817
0.045816363636363634
0.06944363636363636
0.035749090909090904
0.10806909090909089
0.07006
-0.025887272727272724
0.11526
0.09163272727272727
-0.03410545454545454
0.029174545454545453
-0.005752727272727272
-0.1551181818181818
-0.002670909090909091
0.031639999999999995
-0.13929818181818182
0.036776363636363635
0.05855454545454545
0.015409090909090907
0.11012363636363637
0.022805454545454542
-0.04930909090909091
0.04889818181818182
0.07437454545454546
-0.06143090909090909
0.10991818181818182
0.09718
-0.02691454545454545
0.2307254545454545
0.046432727272727264
-0.051569090909090905
0.15265272727272727
-0.09738545454545454
-0.034310909090909086
0.0538290909090909
-0.1469
0.027736363636363635
0.1292309090909091
0.018285454545454546
0.007807272727272727
0.21901454545454546
0.11998545454545453
0.02979090909090909
0.14094181818181817
-0.17710181818181817
-0.10745272727272726
-0.013560000000000001
-0.19888
0.059170909090909087
0.03616
-0.06348545454545454
0.2792127272727273
0.17936181818181818
-0.001849090909090909
0.23442363636363636
0.12101272727272726
-0.08485272727272727
0.033694545454545456
-0.04294
-0.027530909090909092
0.10704181818181817
-0.05054181818181818
0.0741690909090909
0.1292309090909091
-0.021367272727272728
0.06738909090909091
0.17997818181818181
0.0
-0.05259636363636363
0.18347090909090907
-0.044994545454545454
0.03636545454545455
0.12409454545454546
-0.0741690909090909
0.09820727272727273
0.03451636363636364
-0.08711272727272727
0.045816363636363634
0.03739272727272727
-0.07725090909090909
0.08690727272727272
0.018285454545454546
-0.03883090909090909
0.15039272727272726
0.07232
-0.022805454545454542
0.009656363636363637
-0.019723636363636363
-0.09368727272727272
-0.0041090909090909095
-0.12820363636363635
-0.07683999999999999
0.0764290909090909
0.04417272727272727
0.15922727272727272
0.15614545454545453
0.13827090909090908
0.09492
0.12861454545454545
0.036776363636363635
-0.029174545454545453
-0.012738181818181817
-0.08629090909090908
-0.07889454545454545
-0.030612727272727274
-0.012327272727272727
0.0006163636363636364
0.16046
-0.011094545454545454
0.10149454545454545
0.09533090909090909
-0.08855090909090908
0.11053454545454545
-0.04663818181818182
0.03472181818181818
0.027325454545454545
-0.02486
0.07725090909090909
0.15614545454545453
0.12286181818181818
-0.08177090909090909
0.13457272727272726
0.07396363636363636
-0.05814363636363636
0.05095272727272727
0.05218545454545454
0.011505454545454544
0.09204363636363636
0.06944363636363636
-0.0067800000000000004
0.11135636363636363
-0.05341818181818182
0.07458
0.09533090909090909
-0.06040363636363636
0.08012727272727273
0.05896545454545454
0.028969090909090906
0.14628363636363637
0.11813636363636362
-0.057527272727272726
0.16066545454545456
0.0678
-0.07026545454545453
0.08362
-0.04930909090909091
-0.21059090909090908
-0.11587636363636362
-0.02568181818181818
-0.1012890909090909
0.12429999999999998
0.01992909090909091
0.05608909090909091
0.24428545454545453
-0.04211818181818182
0.06327999999999999
0.13477818181818182
-0.16929454545454545
-0.07314181818181818
0.12655999999999998
-0.19148363636363636
-0.03800909090909091
0.17751272727272727
-0.01664181818181818
0.16148727272727273
0.20360545454545456
0.06122545454545455
0.14217454545454544
0.09697454545454545
-0.06225272727272727
0.12286181818181818
-0.011505454545454544
-0.09265999999999999
0.14237999999999998
-0.10375454545454545
-0.09820727272727273
0.09800181818181818
0.002670909090909091
-0.06821090909090909
0.003287272727272727
-0.023216363636363632
0.0
0.08300363636363636
0.02691454545454545
0.1791563636363636
0.07190909090909091
-0.06656727272727272
0.22148
0.08629090909090908
-0.13477818181818182
0.1296418181818182
0.06574545454545455
-0.05629454545454545
0.09615272727272728
0.06307454545454545
0.13313454545454545
0.1035490909090909
0.04725454545454546
0.07909999999999999
0.04109090909090909
0.00226
-0.03739272727272727
0.04828181818181818
-0.13087454545454547
-0.06697818181818181
0.18531999999999998
-0.008423636363636364
0.035954545454545454
0.12738181818181818
0.08279818181818181
0.10868545454545453
0.0012327272727272727
-0.040063636363636364
0.004930909090909091
-0.047665454545454546
-0.09533090909090909
0.0113
-0.02609272727272727
-0.09841272727272728
0.1356
0.10457636363636363
-0.08012727272727273
0.11094545454545454
0.10519272727272726
0.01725818181818182
0.11793090909090909
0.005547272727272727
0.05465090909090909
0.13025818181818183
0.06389636363636363
0.08485272727272727
0.061841818181818185
-0.03636545454545455
-0.03410545454545454
0.11464363636363636
-0.11361636363636363
-0.18429272727272727
0.06040363636363636
-0.057527272727272726
0.017874545454545452
0.16210363636363637
-0.055061818181818184
0.06081454545454545
0.1999072727272727
0.04417272727272727
0.09081090909090908
-0.014998181818181817
-0.03657090909090909
0.04910363636363636
0.02650363636363636
-0.05444545454545455
0.012532727272727272
0.11998545454545453
-0.11875272727272726
0.1668290909090909
0.032872727272727276
-0.1826490909090909
0.19127818181818182
0.0
-0.062458181818181815
0.07108727272727272
0.03965272727272728
0.09697454545454545
0.22168545454545452
-0.007396363636363636
-0.007601818181818181
0.14443454545454545
-0.01849090909090909
0.036776363636363635
0.08690727272727272
-0.13436727272727272
0.0034927272727272728
0.2888690909090909
-0.007807272727272727
0.10560363636363636
0.08855090909090908
-0.004314545454545455
0.10067272727272727
-0.14464
-0.08403090909090909
0.02075090909090909
-0.02527090909090909
-0.09800181818181818
0.16518545454545455
0.0039036363636363635
0.02670909090909091
0.3227690909090909
0.04150181818181818
0.06266363636363637
-0.027530909090909092
-0.04150181818181818
-0.010067272727272725
0.02075090909090909
-0.11998545454545453
-0.027325454545454545
0.17628
-0.05876
0.10930181818181818
0.09718
0.02198363636363636
0.06348545454545454
0.11012363636363637
-0.04458363636363636
0.017463636363636362
0.07396363636363636
-0.005136363636363636
0.13128545454545454
-0.006163636363636363
0.07334727272727272
-0.025887272727272724
0.03533818181818182
-0.10416545454545453
-0.07088181818181817
0.015409090909090907
-0.20566
0.12758727272727272
0.011505454545454544
0.08752363636363636
0.12594363636363634
0.04417272727272727
0.1341618181818182
0.1058090909090909
-0.05300727272727272
-0.08690727272727272
0.11402727272727273
-0.11279454545454545
-0.06471818181818181
0.07601818181818182
0.05259636363636363
0.058349090909090906
0.2839381818181818
0.034310909090909086
-0.02301090909090909
0.2642145454545454
-0.16641818181818183
0.03554363636363636
0.026298181818181814
-0.12717636363636362
0.05855454545454545
0.022805454545454542
0.011094545454545454
0.09841272727272728
0.12655999999999998
-0.014792727272727272
0.1555290909090909
-0.00452
-0.09964545454545454
-0.012738181818181817
-0.0012327272727272727
0.008012727272727272
0.05937636363636363
0.08423636363636364
-0.020956363636363638
0.14566727272727273
-0.0008218181818181817
0.09265999999999999
0.05999272727272727
-0.14402363636363635
0.09122181818181817
0.1148490909090909
-0.05608909090909091
0.11608181818181817
0.24531272727272724
-0.04807636363636364
0.16354181818181818
0.045610909090909084
-0.0904
0.11505454545454545
-0.03800909090909091
-0.011094545454545454
0.009245454545454545
0.007190909090909091
0.0764290909090909
0.23853272727272726
0.04951454545454545
-0.038625454545454546
0.10231636363636364
-0.09492
-0.07334727272727272
-0.029174545454545453
-0.11074
-0.04314545454545454
0.015203636363636362
0.01171090909090909
0.23955999999999997
0.13128545454545454
0.07601818181818182
0.2545581818181818
0.010683636363636364
-0.04622727272727272
-0.03472181818181818
-0.026298181818181814
-0.12943636363636363
-0.028558181818181816
-0.005341818181818182
-0.08690727272727272
0.20997454545454544
0.06101999999999999
0.07437454545454546
0.12388909090909091
-0.09882363636363636
0.053212727272727266
0.036776363636363635
-0.12019090909090908
0.08649636363636364
0.08752363636363636
-0.0069854545454545456
0.10868545454545453
0.02116181818181818
-0.005547272727272727
0.11731454545454545
0.10149454545454545
-0.12080727272727272
0.01171090909090909
0.07334727272727272
-0.15532363636363636
0.09635818181818182
0.06553999999999999
-0.06307454545454545
0.113
0.013970909090909091
-0.07622363636363635
0.10601454545454544
0.028558181818181816
-0.07088181818181817
0.18388181818181817
0.07992181818181819
0.023216363636363632
0.2732545454545454
0.1524472727272727
0.027325454545454545
0.14874909090909091
-0.06759454545454545
-0.06040363636363636
0.1464890909090909
-0.1551181818181818
-0.058349090909090906
0.14710545454545454
-0.06923818181818181
0.11834181818181817
0.21757636363636362
0.014176363636363636
0.20689272727272728
0.12368363636363637
-0.11793090909090909
0.03985818181818182
-0.042529090909090905
-0.2025781818181818
0.028147272727272726
0.030407272727272724
-0.15943272727272728
0.15840545454545454
0.15367999999999998
-0.002876363636363636
0.17628
-0.004725454545454545
-0.03698181818181818
0.15347454545454545
-0.09224909090909092
-0.13539454545454546
0.1623090909090909
-0.05876
-0.0024654545454545454
0.16292545454545454
-0.06759454545454545
0.06410181818181818
0.12286181818181818
-0.027941818181818182
-0.009245454545454545
0.058349090909090906
-0.07211454545454546
0.08033272727272728
0.09533090909090909
-0.09820727272727273
0.1103290909090909
0.029585454545454543
-0.06081454545454545
0.04807636363636364
-0.07786727272727272
-0.11895818181818181
0.1247109090909091
0.0010272727272727274
-0.041707272727272725
0.19271636363636363
0.08362
0.10806909090909089
0.16518545454545455
0.03780363636363636
-0.07745636363636363
0.03965272727272728
-0.07232
-0.07971636363636364
0.06348545454545454
-0.1356
0.11669818181818181
0.18490909090909088
0.05855454545454545
0.18326545454545454
0.1826490909090909
0.1012890909090909
0.08731818181818181
0.06615636363636364
-0.05444545454545455
-0.008834545454545454
-0.001438181818181818
-0.01766909090909091
0.028969090909090906
0.028352727272727273
0.012121818181818182
0.11854727272727272
0.038419999999999996
-0.02362727272727273
0.08464727272727272
-0.08115454545454545
-0.024654545454545453
0.07375818181818182
0.046432727272727264
-0.00945090909090909
0.07766181818181818
0.14874909090909091
0.015819999999999997
0.10560363636363636
-0.029585454545454543
0.013560000000000001
0.10560363636363636
-0.12265636363636362
0.028969090909090906
0.07047090909090908
-0.031229090909090908
0.05896545454545454
0.03225636363636363
-0.07848363636363635
-0.03451636363636364
0.09594727272727273
-0.04972
-0.013354545454545456
0.0402690909090909
-0.09224909090909092
0.17792363636363634
0.10930181818181818
0.04828181818181818
0.2183981818181818
-0.013560000000000001
0.04211818181818182
0.1103290909090909
-0.05937636363636363
-0.11012363636363637
-0.09820727272727273
-0.11197272727272727
-0.1148490909090909
0.03020181818181818
-0.004314545454545455
0.02691454545454545
0.23401272727272723
0.015819999999999997
-0.01705272727272727
0.1871690909090909
-0.06574545454545455
0.08546909090909091
0.15532363636363636
-0.19374363636363634
0.07149818181818181
0.08074363636363636
-0.022805454545454542
0.18285454545454544
0.1479272727272727
0.09861818181818181
0.14464
0.1058090909090909
0.006574545454545454
0.1329290909090909
0.011094545454545454
-0.033694545454545456
0.10313818181818181
-0.08362
-0.034927272727272723
0.061841818181818185
0.01890181818181818
0.012327272727272727
-0.035954545454545454
-0.06040363636363636
-0.030818181818181814
0.05711636363636363
0.02979090909090909
0.04951454545454545
0.15018727272727272
-0.05198
0.09492
0.16806181818181817
-0.08382545454545455
0.11998545454545453
0.021778181818181818
-0.02979090909090909
0.09492
-0.04972
0.11505454545454545
0.21120727272727272
0.00862909090909091
-0.008423636363636364
0.07190909090909091
-0.00862909090909091
0.043556363636363636
0.008218181818181819
-0.12101272727272726
-0.02938
-0.0024654545454545454
0.011505454545454544
0.009245454545454545
0.05526727272727273
0.03410545454545454
0.024243636363636363
0.08937272727272727
-0.033694545454545456
0.05485636363636363
0.07396363636363636
-0.10478181818181817
0.07827818181818182
0.015614545454545454
-0.19456545454545454
0.10848000000000001
0.08444181818181817
-0.05732181818181818
0.16991090909090908
-0.05937636363636363
-0.015203636363636362
0.30427818181818184
0.00945090909090909
0.03225636363636363
0.18141636363636363
0.014176363636363636
0.044994545454545454
0.1727872727272727
-0.02670909090909091
-0.009861818181818182
0.20175636363636362
-0.12553272727272727
-0.1329290909090909
0.06471818181818181
-0.15450181818181818
-0.003698181818181818
0.20319454545454546
-0.11115090909090909
0.04684363636363636
0.12799818181818182
-0.0402690909090909
0.226
0.06718363636363636
-0.15347454545454545
0.10046727272727272
0.11341090909090909
-0.13087454545454547
0.20648181818181818
0.10601454545454544
-0.15429636363636362
0.19538727272727272
-0.06656727272727272
-0.08670181818181817
0.07704545454545454
-0.04211818181818182
0.03205090909090909
0.059170909090909087
-0.0786890909090909
0.05444545454545455
0.2603109090909091
-0.043556363636363636
0.08896181818181817
0.1321072727272727
-0.06882727272727272
0.05341818181818182
0.13457272727272726
0.005752727272727272
-0.03554363636363636
0.2023727272727273
-0.05054181818181818
0.1325181818181818
0.17730727272727273
-0.1325181818181818
0.19518181818181818
-0.05198
-0.19230545454545456
0.10786363636363637
-0.09635818181818182
-0.11423272727272726
0.06327999999999999
-0.08094909090909091
0.10724727272727272
0.11382181818181818
0.007396363636363636
0.2527090909090909
0.07827818181818182
-0.001849090909090909
0.05198
0.02486
-0.06903272727272727
-0.02403818181818182
0.06636181818181817
-0.06821090909090909
0.11115090909090909
0.04930909090909091
-0.04972
0.16189818181818183
0.07786727272727272
-0.06533454545454545
0.1216290909090909
0.013149090909090907
-0.13128545454545454
0.17114363636363633
-0.014587272727272727
-0.032872727272727276
0.13847636363636362
-0.04910363636363636
-0.055678181818181814
0.0226
-0.04540545454545454
-0.10930181818181818
0.055061818181818184
0.013149090909090907
0.024243636363636363
0.11916363636363636
0.045816363636363634
0.11012363636363637
0.10724727272727272
0.014792727272727272
0.030818181818181814
0.05814363636363636
-0.032667272727272725
0.03698181818181818
0.045816363636363634
-0.08567454545454545
0.11895818181818181
0.16744545454545454
-0.047665454545454546
0.12224545454545453
0.0990290909090909
-0.038625454545454546
0.11012363636363637
-0.045816363636363634
-0.07129272727272727
0.04376181818181818
0.02116181818181818
0.06841636363636364
0.09450909090909092
0.10519272727272726
0.10724727272727272
0.16662363636363633
0.02218909090909091
-0.04294
0.09163272727272727
-0.07211454545454546
-0.043556363636363636
0.06451272727272726
-0.06738909090909091
-0.0016436363636363634
0.07334727272727272
0.010272727272727272
0.057527272727272726
0.02527090909090909
-0.06923818181818181
0.09615272727272728
0.055678181818181814
-0.08772909090909091
0.1781290909090909
0.07170363636363636
0.005752727272727272
0.25311999999999996
-0.005341818181818182
0.007601818181818181
0.1397090909090909
-0.09656363636363637
-0.023216363636363632
0.010889090909090909
-0.12553272727272727
0.028969090909090906
0.09101636363636363
0.019312727272727273
0.09492
0.06985454545454545
-0.06821090909090909
0.0006163636363636364
-0.003698181818181818
-0.12409454545454546
-0.0010272727272727274
-0.03328363636363636
0.02301090909090909
0.21264545454545453
0.059170909090909087
0.09594727272727273
0.22620545454545452
0.014176363636363636
0.020545454545454544
0.09718
-0.20668727272727272
-0.08772909090909091
0.08588
-0.15491272727272726
0.008834545454545454
0.13827090909090908
0.03965272727272728
0.14874909090909091
0.13231272727272728
0.023216363636363632
0.1088909090909091
0.06369090909090909
-0.03205090909090909
0.03718727272727273
0.026298181818181814
0.01890181818181818
0.11875272727272726
0.09204363636363636
-0.07067636363636363
0.11854727272727272
0.08279818181818181
-0.10026181818181817
0.07992181818181819
-0.033694545454545456
-0.08485272727272727
0.016847272727272728
0.013765454545454546
0.028969090909090906
0.07581272727272727
0.0447890909090909
0.05465090909090909
0.1296418181818182
-0.04211818181818182
-0.02670909090909091
0.16395272727272728
0.003287272727272727
-0.057527272727272726
0.18573090909090906
0.06327999999999999
0.004930909090909091
0.20442727272727274
-0.008834545454545454
-0.08485272727272727
0.042734545454545456
-0.06944363636363636
-0.07581272727272727
-0.03328363636363636
-0.06081454545454545
0.06738909090909091
0.11813636363636362
0.05876
0.22887636363636363
0.1984690909090909
-0.04602181818181818
0.08197636363636364
0.005136363636363636
-0.29832
-0.07252545454545453
-0.0339
-0.11772545454545454
0.08916727272727272
0.020956363636363638
0.06738909090909091
0.2432581818181818
0.06800545454545455
0.03821454545454545
0.19497636363636361
-0.02444909090909091
-0.06697818181818181
0.10046727272727272
-0.08526363636363636
-0.00862909090909091
0.15470727272727272
-0.06410181818181818
0.07786727272727272
0.11628727272727273
-0.04150181818181818
0.17895090909090908
0.10087818181818181
-0.04376181818181818
0.15347454545454545
0.06882727272727272
-0.14710545454545454
0.18614181818181816
0.09820727272727273
-0.14012
0.17032181818181816
-0.09081090909090908
-0.13334
0.113
-0.07190909090909091
0.04396727272727272
0.1678563636363636
-0.017874545454545452
0.07622363636363635
0.28866363636363634
0.00226
-0.030407272727272724
0.14443454545454545
-0.1686781818181818
-0.1411472727272727
0.027120000000000002
-0.13457272727272726
0.045816363636363634
0.15717272727272727
0.0024654545454545454
0.16046
0.17052727272727272
0.1012890909090909
0.09697454545454545
0.0012327272727272727
-0.07170363636363636
-0.03698181818181818
-0.062458181818181815
-0.19744181818181816
0.07478545454545454
-0.0030818181818181817
-0.05526727272727273
0.20915272727272727
-0.032667272727272725
0.046432727272727264
0.15532363636363636
-0.08238727272727273
-0.04437818181818182
0.02198363636363636
-0.09368727272727272
0.010683636363636364
0.11669818181818181
0.01725818181818182
0.09019454545454544
0.15470727272727272
0.00945090909090909
0.005752727272727272
0.14361272727272725
-0.05526727272727273
0.014176363636363636
0.09327636363636364
-0.12060181818181817
0.1495709090909091
0.10601454545454544
-0.03513272727272727
0.13477818181818182
0.001438181818181818
0.014792727272727272
0.15840545454545454
-0.013560000000000001
-0.03821454545454545
0.0918381818181818
-0.005136363636363636
0.13580545454545453
0.2278490909090909
0.054034545454545446
0.05855454545454545
0.17402
0.0339
-0.1216290909090909
0.017874545454545452
-0.16415818181818181
-0.12676545454545454
-0.003698181818181818
-0.16991090909090908
0.11115090909090909
0.16354181818181818
0.002876363636363636
0.18182727272727273
0.06964909090909091
-0.10272727272727272
0.08752363636363636
0.06553999999999999
-0.055061818181818184
0.0041090909090909095
0.013149090909090907
-0.026298181818181814
0.08423636363636364
0.11834181818181817
0.07992181818181819
0.21963090909090907
0.05177454545454545
0.02342181818181818
0.16272
-0.14012
-0.005958181818181818
0.10560363636363636
-0.16128181818181817
0.015409090909090907
-0.02527090909090909
-0.07170363636363636
0.08855090909090908
-0.041707272727272725
-0.10190545454545454
-0.035749090909090904
-0.0226
-0.03513272727272727
0.14731090909090908
0.1257381818181818
0.00904
0.14669454545454544
0.10745272727272726
0.08074363636363636
0.09081090909090908
-0.005547272727272727
0.008218181818181819
-0.008012727272727272
-0.08916727272727272
0.11443818181818181
0.1171090909090909
0.04930909090909091
0.17997818181818181
0.028969090909090906
0.008834545454545454
0.06101999999999999
0.06492363636363636
0.010272727272727272
0.003698181818181818
-0.0805381818181818
-0.09923454545454545
0.15080363636363636
-0.015614545454545454
0.014792727272727272
0.14443454545454545
0.0034927272727272728
0.05773272727272727
0.06451272727272726
-0.06841636363636364
0.00452
0.09553636363636364
-0.052390909090909085
-0.03513272727272727
0.02301090909090909
0.038419999999999996
0.015203636363636362
0.09286545454545453
0.033489090909090906
-0.05999272727272727
0.09985090909090909
-0.015819999999999997
0.054034545454545446
0.12799818181818182
0.05773272727272727
0.1577890909090909
0.14977636363636362
-0.004930909090909091
0.05691090909090909
0.10868545454545453
-0.08177090909090909
-0.013354545454545456
-0.07622363636363635
-0.17402
-0.06019818181818181
0.017463636363636362
0.019518181818181816
0.13025818181818183
0.04889818181818182
-0.05054181818181818
0.26154363636363637
0.033489090909090906
-0.04972
0.14053090909090907
-0.026298181818181814
-0.05280181818181818
0.032667272727272725
0.05814363636363636
-0.01849090909090909
0.08670181818181817
0.001849090909090909
-0.03821454545454545
0.08731818181818181
-0.09265999999999999
0.07848363636363635
0.15203636363636364
-0.15594
0.13827090909090908
0.20586545454545455
-0.05876
0.19867454545454544
0.06903272727272727
-0.1411472727272727
0.04376181818181818
0.032667272727272725
-0.031845454545454545
0.06595090909090909
0.01623090909090909
0.02342181818181818
0.2138781818181818
0.10231636363636364
0.04376181818181818
0.1766909090909091
0.019723636363636363
-0.1284090909090909
0.05814363636363636
-0.19826363636363634
-0.13847636363636362
0.13272363636363635
-0.16970545454545455
0.03307818181818182
0.11690363636363636
0.06800545454545455
0.1524472727272727
0.11854727272727272
0.06800545454545455
0.027941818181818182
0.0020545454545454547
-0.06821090909090909
0.055678181818181814
-0.05033636363636364
-0.05115818181818182
0.12717636363636362
0.10457636363636363
-0.05773272727272727
0.08546909090909091
0.14217454545454544
-0.08238727272727273
0.13498363636363636
0.01171090909090909
-0.03965272727272728
0.06636181818181817
0.0039036363636363635
0.043556363636363636
0.02691454545454545
-0.005136363636363636
-0.031845454545454545
0.09574181818181818
-0.08814
-0.06821090909090909
0.07232
-0.04437818181818182
0.03718727272727273
0.1356
0.061841818181818185
0.08875636363636363
0.16169272727272727
-0.03513272727272727
0.11731454545454545
0.001438181818181818
-0.13231272727272728
0.11546545454545454
-0.05341818181818182
-0.08896181818181817
0.11423272727272726
0.13991454545454546
-0.026298181818181814
0.17176
0.09820727272727273
-0.059170909090909087
0.19107272727272728
-0.05054181818181818
-0.04458363636363636
0.10067272727272727
-0.1329290909090909
0.004314545454545455
0.18737454545454543
-0.10149454545454545
0.08444181818181817
0.2206581818181818
-0.11074
0.1193690909090909
0.04396727272727272
-0.17155454545454543
0.04951454545454545
0.053212727272727266
-0.08238727272727273
0.02938
0.09101636363636363
-0.0727309090909091
0.07478545454545454
0.009861818181818182
-0.12080727272727272
0.1633363636363636
0.0041090909090909095
-0.12388909090909091
0.23236909090909091
0.08526363636363636
-0.006574545454545454
0.3079763636363636
0.07601818181818182
-0.04232363636363636
0.15573454545454543
-0.049925454545454544
-0.09759090909090909
0.09512545454545453
-0.06204727272727273
0.0010272727272727274
0.11279454545454545
-0.04602181818181818
0.22456181818181817
0.1637472727272727
-0.0967690909090909
0.0805381818181818
-0.018285454545454546
-0.16210363636363637
0.019518181818181816
0.0008218181818181817
-0.10930181818181818
0.10437090909090908
0.12347818181818182
0.11669818181818181
0.22230181818181818
0.11156181818181818
0.08382545454545455
0.0895781818181818
-0.054034545454545446
-0.07725090909090909
-0.0063690909090909084
-0.18429272727272727
-0.012738181818181817
0.11197272727272727
-0.14217454545454544
0.1076581818181818
0.18018363636363635
0.025065454545454544
0.10149454545454545
0.027325454545454545
-0.04622727272727272
0.07088181818181817
0.019312727272727273
-0.02670909090909091
0.08238727272727273
-0.02650363636363636
-0.01766909090909091
0.1148490909090909
0.010272727272727272
-0.051569090909090905
0.07519636363636363
-0.02116181818181818
-0.11916363636363636
0.008834545454545454
-0.047665454545454546
-0.00904
0.11628727272727273
-0.029174545454545453
0.005752727272727272
0.08814
0.04930909090909091
0.0895781818181818
0.08752363636363636
0.017463636363636362
0.01171090909090909
0.16970545454545455
0.1366272727272727
0.0990290909090909
0.0918381818181818
-0.05608909090909091
0.08012727272727273
0.0039036363636363635
-0.17093818181818182
0.02301090909090909
-0.0039036363636363635
-0.09718
0.04828181818181818
0.06553999999999999
0.031023636363636364
0.24880545454545452
0.17052727272727272
0.04951454545454545
0.1723763636363636
-0.08156545454545455
-0.03205090909090909
0.11423272727272726
-0.19415454545454544
-0.06923818181818181
0.15162545454545454
0.05033636363636364
0.04807636363636364
0.20627636363636362
0.09101636363636363
-0.013970909090909091
0.18799090909090907
-0.09615272727272728
-0.09081090909090908
0.07047090909090908
-0.12635454545454544
0.038625454545454546
0.022805454545454542
-0.05629454545454545
0.16580181818181816
0.13046363636363634
-0.055883636363636364
0.17011636363636362
0.055883636363636364
-0.009245454545454545
0.16929454545454545
-0.11834181818181817
0.01623090909090909
0.08875636363636363
-0.04972
0.018285454545454546
0.06451272727272726
-0.1337509090909091
-0.05937636363636363
0.11320545454545454
-0.1836763636363636
0.023216363636363632
0.019518181818181816
-0.05177454545454545
0.15984363636363638
0.10272727272727272
0.015819999999999997
0.08814
0.09122181818181817
-0.12635454545454544
0.02239454545454545
-0.03780363636363636
-0.0940981818181818
0.04930909090909091
0.09635818181818182
0.08567454545454545
0.1454618181818182
0.1569672727272727
0.05711636363636363
0.24510727272727273
-0.02403818181818182
-0.035954545454545454
0.03410545454545454
-0.07683999999999999
0.004314545454545455
-0.15080363636363636
0.02609272727272727
0.11217818181818182
0.028763636363636363
-0.001438181818181818
0.12799818181818182
0.10046727272727272
-0.06040363636363636
0.09697454545454545
0.08012727272727273
-0.10642545454545453
-0.06225272727272727
0.18429272727272727
0.01992909090909091
0.05814363636363636
0.1808
0.0041090909090909095
0.12943636363636363
0.015203636363636362
-0.05999272727272727
0.1495709090909091
0.05341818181818182
-0.05362363636363636
0.10375454545454545
-0.03636545454545455
-0.08259272727272728
0.11690363636363636
0.01623090909090909
-0.023216363636363632
0.015203636363636362
0.052390909090909085
0.013149090909090907
0.048487272727272726
0.04725454545454546
0.059170909090909087
0.22949272727272724
-0.017874545454545452
-0.008012727272727272
0.12306727272727273
-0.14320181818181818
0.00452
0.02486
-0.23606727272727274
-0.09820727272727273
-0.11279454545454545
-0.07375818181818182
0.1808
0.07601818181818182
0.04109090909090909
0.20648181818181818
0.0940981818181818
-0.09348181818181817
0.13785999999999998
0.025476363636363634
-0.20216727272727272
0.10211090909090909
-0.01705272727272727
-0.06451272727272726
0.10437090909090908
0.058349090909090906
0.20792
0.20381090909090907
-0.015614545454545454
0.10416545454545453
0.16888363636363635
-0.10683636363636365
0.010478181818181819
0.045610909090909084
-0.1306690909090909
0.06225272727272727
0.05937636363636363
-0.05341818181818182
0.07827818181818182
0.015409090909090907
-0.04930909090909091
0.08341454545454545
-0.020956363636363638
-0.02301090909090909
0.09450909090909092
-0.005547272727272727
-0.001438181818181818
0.13231272727272728
0.03143454545454545
0.028969090909090906
0.19312727272727273
-0.014176363636363636
0.02218909090909091
0.08526363636363636
0.012943636363636362
0.20812545454545453
0.08649636363636364
0.015203636363636362
0.1577890909090909
0.06553999999999999
0.019723636363636363
0.07211454545454546
-0.045816363636363634
-0.07211454545454546
0.0006163636363636364
-0.10601454545454544
-0.1366272727272727
0.04746
0.12060181818181817
0.06389636363636363
0.08362
-0.02034
0.06944363636363636
0.11115090909090909
-0.08444181818181817
0.00452
-0.027941818181818182
-0.06903272727272727
-0.007807272727272727
0.06944363636363636
-0.032872727272727276
-0.03965272727272728
0.17114363636363633
-0.019518181818181816
0.059787272727272724
0.07170363636363636
-0.048487272727272726
0.1292309090909091
0.06615636363636364
0.020545454545454544
0.09656363636363637
0.0452
0.055061818181818184
0.22353454545454546
0.02938
-0.04622727272727272
0.10806909090909089
0.047665454545454546
-0.08834545454545455
-0.11341090909090909
-0.015614545454545454
-0.0895781818181818
0.1454618181818182
-0.0012327272727272727
-0.06821090909090909
0.14710545454545454
-0.051569090909090905
0.1076581818181818
0.11895818181818181
-0.07006
-0.02444909090909091
0.19312727272727273
-0.06985454545454545
-0.035954545454545454
0.18162181818181816
-0.08916727272727272
0.03985818181818182
0.0764290909090909
-0.001849090909090909
-0.03718727272727273
0.014587272727272727
0.013560000000000001
0.18449818181818184
0.05526727272727273
-0.09779636363636364
0.2993472727272727
0.11279454545454545
-0.07067636363636363
0.045610909090909084
0.07190909090909091
-0.14299636363636362
-0.009656363636363637
0.08608545454545455
-0.04972
0.15984363636363638
0.08752363636363636
0.17360909090909088
0.12450545454545454
-0.08998909090909091
0.04232363636363636
0.11094545454545454
-0.1682672727272727
-0.1017
0.06553999999999999
-0.1397090909090909
0.01766909090909091
0.09594727272727273
0.09820727272727273
0.11197272727272727
0.1337509090909091
0.12450545454545454
0.13847636363636362
0.03451636363636364
-0.07704545454545454
0.09861818181818181
-0.08485272727272727
-0.056705454545454545
0.044994545454545454
0.014176363636363636
0.001849090909090909
0.0786890909090909
0.08444181818181817
-0.039241818181818176
0.12060181818181817
0.0016436363636363634
0.04376181818181818
0.060609090909090904
-0.020956363636363638
0.07560727272727272
0.012532727272727272
0.04417272727272727
0.04787090909090909
-0.05115818181818182
-0.0727309090909091
-0.018696363636363636
-0.052390909090909085
-0.029174545454545453
0.007601818181818181
0.09060545454545453
-0.0039036363636363635
0.08136
0.19066181818181818
-0.0538290909090909
0.13395636363636362
0.038419999999999996
-0.07951090909090908
0.03205090909090909
-0.09019454545454544
-0.04068
0.05999272727272727
0.038625454545454546
0.031229090909090908
0.19764727272727273
0.05013090909090909
-0.028352727272727273
0.1727872727272727
0.03698181818181818
-0.11382181818181818
0.05095272727272727
-0.017463636363636362
-0.10539818181818181
0.1366272727272727
0.019518181818181816
0.11731454545454545
0.19025090909090905
-0.02362727272727273
0.0967690909090909
0.10087818181818181
-0.09718
0.0016436363636363634
0.1125890909090909
-0.17155454545454543
0.0020545454545454547
0.10211090909090909
-0.07827818181818182
0.0749909090909091
0.07458
0.0339
0.09389272727272728
-0.004930909090909091
-0.03513272727272727
0.14135272727272727
0.05444545454545455
0.07190909090909091
0.2023727272727273
0.06656727272727272
0.05095272727272727
0.15963818181818182
0.016847272727272728
-0.032872727272727276
0.08136
-0.1125890909090909
-0.031229090909090908
0.03472181818181818
-0.02691454545454545
0.13642181818181817
0.05115818181818182
-0.03205090909090909
0.011916363636363636
-0.01664181818181818
-0.10231636363636364
-0.005958181818181818
-0.021778181818181818
-0.09553636363636364
0.0940981818181818
0.09389272727272728
0.10211090909090909
0.22990363636363634
0.09368727272727272
0.08136
0.1551181818181818
-0.11341090909090909
-0.045610909090909084
0.003698181818181818
-0.1721709090909091
-0.08731818181818181
-0.06348545454545454
-0.00452
0.09718
0.16806181818181817
0.06122545454545455
0.07601818181818182
0.050747272727272724
-0.06677272727272728
0.11977999999999998
-0.005958181818181818
-0.02218909090909091
0.11608181818181817
-0.012738181818181817
-0.004725454545454545
0.10622
0.029174545454545453
-0.0041090909090909095
0.17771818181818183
-0.049925454545454544
-0.11546545454545454
0.1528581818181818
-0.07683999999999999
-0.02013454545454545
0.15943272727272728
-0.06923818181818181
0.025065454545454544
0.08526363636363636
0.03328363636363636
0.13909272727272726
0.06553999999999999
-0.054034545454545446
0.06553999999999999
0.1600490909090909
-0.017874545454545452
0.12183454545454545
0.2525036363636364
-0.07848363636363635
0.04211818181818182
0.10663090909090908
-0.22024727272727274
0.028969090909090906
0.00945090909090909
-0.15224181818181817
0.06204727272727273
-0.0628690909090909
0.06553999999999999
0.2545581818181818
0.10231636363636364
0.09101636363636363
0.18306
0.013149090909090907
-0.07355272727272727
0.08916727272727272
-0.17319818181818183
-0.15984363636363638
0.04828181818181818
-0.1483381818181818
0.044994545454545454
0.14916
-0.09635818181818182
0.17052727272727272
0.20730363636363636
-0.08238727272727273
0.1257381818181818
0.03472181818181818
-0.11115090909090909
0.031639999999999995
0.027325454545454545
-0.08588
0.04068
0.15532363636363636
-0.05814363636363636
0.17422545454545454
0.05958181818181818
-0.07211454545454546
0.26174909090909093
-0.001849090909090909
-0.05218545454545454
0.18552545454545455
-0.030612727272727274
-0.04437818181818182
0.08567454545454545
-0.09553636363636364
0.0041090909090909095
-0.021778181818181818
-0.08382545454545455
0.10806909090909089
-0.034927272727272723
-0.029585454545454543
0.2025781818181818
0.1483381818181818
-0.0226
0.17607454545454546
0.11053454545454545
-0.06451272727272726
0.09327636363636364
-0.06574545454545455
-0.10396
0.06821090909090909
-0.03513272727272727
0.010478181818181819
0.23113636363636364
0.02444909090909091
0.08444181818181817
0.2336018181818182
0.041912727272727275
0.0020545454545454547
-0.035749090909090904
-0.0226
-0.09142727272727272
-0.05793818181818181
-0.040063636363636364
-0.042734545454545456
0.007396363636363636
0.01171090909090909
0.12101272727272726
0.07683999999999999
0.016847272727272728
0.06369090909090909
0.05547272727272727
-0.06512909090909091
0.05547272727272727
-0.013765454545454546
-0.03533818181818182
0.10272727272727272
0.003287272727272727
0.08033272727272728
0.01849090909090909
0.09553636363636364
-0.0113
0.00452
0.05013090909090909
-0.12142363636363637
0.0940981818181818
-0.029996363636363634
-0.0067800000000000004
0.13313454545454545
-0.02979090909090909
-0.00904
0.15758363636363634
-0.05115818181818182
0.027736363636363635
0.21757636363636362
-0.09882363636363636
0.0452
0.13765454545454545
0.12347818181818182
0.07560727272727272
0.07190909090909091
0.05958181818181818
0.017463636363636362
0.06574545454545455
-0.16929454545454545
0.0
-0.10950727272727273
-0.2142890909090909
0.08177090909090909
0.005341818181818182
-0.06512909090909091
0.20072909090909088
0.19271636363636363
-0.032872727272727276
0.1840872727272727
0.0063690909090909084
0.009245454545454545
0.14854363636363635
-0.10211090909090909
0.005958181818181818
0.06677272727272728
-0.06595090909090909
0.06738909090909091
0.25702363636363634
0.02650363636363636
0.09327636363636364
0.17936181818181818
0.03513272727272727
0.059787272727272724
-0.015203636363636362
-0.08156545454545455
-0.02301090909090909
0.06040363636363636
-0.12491636363636363
-0.0113
0.02116181818181818
-0.08444181818181817
0.14217454545454544
-0.055678181818181814
-0.13642181818181817
0.08978363636363636
0.007807272727272727
0.02670909090909091
0.12286181818181818
0.0
0.09861818181818181
0.08423636363636364
-0.0024654545454545454
0.08464727272727272
0.00041090909090909085
-0.011505454545454544
0.027325454545454545
0.02301090909090909
-0.02650363636363636
0.11197272727272727
0.16436363636363635
0.02198363636363636
0.10149454545454545
0.03985818181818182
-0.021778181818181818
0.07314181818181818
-0.03657090909090909
-0.06143090909090909
0.027736363636363635
-0.08526363636363636
-0.02013454545454545
0.09430363636363637
-0.0010272727272727274
-0.02301090909090909
0.10457636363636363
0.08998909090909091
-0.038419999999999996
-0.00904
-0.02362727272727273
0.04417272727272727
0.07971636363636364
-0.061841818181818185
0.010683636363636364
0.11094545454545454
0.03472181818181818
0.06307454545454545
0.1329290909090909
0.028352727272727273
0.06019818181818181
0.13334
-0.015409090909090907
0.10231636363636364
0.08731818181818181
-0.029996363636363634
0.15614545454545453
0.02342181818181818
-0.06019818181818181
0.10950727272727273
-0.0030818181818181817
-0.16498
0.03739272727272727
-0.04869272727272727
-0.23524545454545454
0.1483381818181818
0.10827454545454546
-0.017874545454545452
0.18141636363636363
-0.011505454545454544
0.07088181818181817
0.2613381818181818
-0.11012363636363637
-0.02444909090909091
0.12594363636363634
-0.18347090909090907
0.052390909090909085
0.09327636363636364
-0.0786890909090909
0.0764290909090909
0.028558181818181816
-0.062458181818181815
-0.007601818181818181
0.01725818181818182
-0.03513272727272727
0.14731090909090908
0.08896181818181817
-0.06574545454545455
0.13683272727272727
0.11793090909090909
0.08711272727272727
0.17689636363636363
-0.04047454545454546
-0.07601818181818182
0.11341090909090909
-0.10108363636363636
-0.028352727272727273
0.13334
-0.06081454545454545
0.08998909090909091
0.1555290909090909
-0.003698181818181818
0.10868545454545453
0.07786727272727272
-0.07725090909090909
0.0447890909090909
-0.08814
-0.14464
0.043350909090909086
-0.018285454545454546
0.06718363636363636
0.10909636363636364
0.09759090909090909
0.1193690909090909
0.15573454545454543
0.07560727272727272
-0.01992909090909091
0.08546909090909091
-0.07601818181818182
-0.07047090909090908
-0.00041090909090909085
-0.07807272727272727
0.05465090909090909
0.10724727272727272
-0.09800181818181818
0.06040363636363636
0.2116181818181818
-0.08978363636363636
0.08731818181818181
0.06307454545454545
-0.06471818181818181
0.12142363636363637
-0.023832727272727273
-0.022805454545454542
0.12635454545454544
0.027120000000000002
-0.09430363636363637
0.0006163636363636364
-0.031845454545454545
-0.07704545454545454
0.058349090909090906
0.03883090909090909
-0.0452
0.13107999999999997
0.10046727272727272
0.02342181818181818
0.2116181818181818
-0.0447890909090909
-0.0339
0.10704181818181817
-0.1171090909090909
-0.054034545454545446
0.11115090909090909
-0.010478181818181819
0.014792727272727272
0.20586545454545455
-0.02609272727272727
0.11135636363636363
0.19127818181818182
-0.042529090909090905
0.1397090909090909
0.01623090909090909
-0.17196545454545456
0.08978363636363636
0.06512909090909091
-0.12717636363636362
0.11793090909090909
0.14422909090909092
-0.004930909090909091
0.02609272727272727
0.08320909090909091
-0.013560000000000001
-0.04889818181818182
0.035954545454545454
-0.13991454545454546
0.06451272727272726
0.06122545454545455
-0.06101999999999999
0.18901818181818184
-0.03965272727272728
-0.003698181818181818
0.16806181818181817
-0.05547272727272727
0.03410545454545454
0.09019454545454544
-0.10930181818181818
0.1415581818181818
0.18429272727272727
-0.001849090909090909
0.15984363636363638
0.09964545454545454
-0.0024654545454545454
0.007807272727272727
0.031845454545454545
-0.11669818181818181
-0.02403818181818182
-0.01705272727272727
-0.20483818181818178
0.12943636363636363
0.11916363636363636
0.018696363636363636
0.21264545454545453
0.012121818181818182
-0.14669454545454544
0.09594727272727273
-0.04602181818181818
-0.12779272727272725
0.02568181818181818
-0.05691090909090909
0.11382181818181818
0.19970181818181817
0.13190181818181818
0.16148727272727273
0.19723636363636363
0.08279818181818181
0.04807636363636364
0.06163636363636363
-0.1366272727272727
-0.030407272727272724
-0.009656363636363637
-0.11731454545454545
-0.02198363636363636
0.045816363636363634
0.11464363636363636
0.07334727272727272
0.03739272727272727
0.038419999999999996
0.08218181818181818
-0.007601818181818181
-0.025887272727272724
0.11567090909090909
-0.016025454545454544
-0.04396727272727272
0.12491636363636363
0.07930545454545455
-0.02034
0.0786890909090909
-0.018696363636363636
0.013354545454545456
0.031229090909090908
-0.11094545454545454
-0.00020545454545454542
0.0016436363636363634
0.008218181818181819
0.02362727272727273
0.06307454545454545
-0.05711636363636363
0.03410545454545454
0.1483381818181818
-0.08033272727272728
0.028969090909090906
0.07992181818181819
0.03533818181818182
0.08526363636363636
0.13313454545454545
0.03985818181818182
0.07930545454545455
0.09656363636363637
-0.11916363636363636
0.03985818181818182
-0.04951454545454545
-0.16251454545454544
0.03821454545454545
-0.014381818181818181
-0.10478181818181817
0.13847636363636362
0.15819999999999998
0.05054181818181818
0.2808563636363636
-0.005752727272727272
-0.00041090909090909085
0.1125890909090909
-0.15121454545454543
-0.05033636363636364
-0.009245454545454545
-0.028969090909090906
0.019518181818181816
0.10396
0.04294
0.15409090909090908
0.1653909090909091
-0.007396363636363636
0.13128545454545454
0.08362
-0.08978363636363636
0.031229090909090908
0.07334727272727272
-0.10396
0.14505090909090906
0.029585454545454543
-0.07663454545454546
0.24079272727272724
-0.005341818181818182
0.09718
0.16908909090909088
-0.05793818181818181
0.08341454545454545
0.07601818181818182
-0.08115454545454545
0.07889454545454545
0.13354545454545455
-0.11526
-0.022805454545454542
-0.013560000000000001
-0.08115454545454545
-0.015203636363636362
-0.03472181818181818
-0.003698181818181818
0.10457636363636363
0.030818181818181814
0.004725454545454545
0.31639999999999996
0.03020181818181818
-0.12060181818181817
0.12080727272727272
-0.09656363636363637
-0.12265636363636362
0.032667272727272725
-0.061841818181818185
-0.07149818181818181
0.10642545454545453
0.061841818181818185
0.10971272727272725
0.16189818181818183
0.06122545454545455
0.12532727272727273
0.10149454545454545
-0.14073636363636363
-0.03205090909090909
0.05629454545454545
-0.23935454545454546
0.012943636363636362
0.018285454545454546
-0.12306727272727273
0.16703454545454544
0.0226
0.019723636363636363
0.13621636363636364
-0.016847272727272728
0.012532727272727272
0.05608909090909091
-0.015614545454545454
-0.004314545454545455
0.10724727272727272
0.05855454545454545
-0.004930909090909091
0.21696000000000001
0.0034927272727272728
-0.056705454545454545
0.2738709090909091
-0.04540545454545454
0.011094545454545454
0.12861454545454545
-0.08320909090909091
0.09224909090909092
0.0918381818181818
-0.08444181818181817
0.017874545454545452
0.12019090909090908
-0.08033272727272728
0.10067272727272727
0.09718
-0.12121818181818181
0.1623090909090909
0.17360909090909088
-0.019312727272727273
0.12019090909090908
0.1653909090909091
0.02486
0.14279090909090908
-0.06677272727272728
-0.11895818181818181
0.06451272727272726
-0.21983636363636364
-0.17545818181818182
0.043350909090909086
-0.16128181818181817
-0.05259636363636363
0.27859636363636364
0.015819999999999997
0.05341818181818182
0.20504363636363634
0.1012890909090909
0.07540181818181818
0.014587272727272727
-0.02157272727272727
-0.03698181818181818
0.06492363636363636
-0.13991454545454546
0.043350909090909086
0.09471454545454545
-0.08916727272727272
0.3468072727272727
0.09574181818181818
-0.14813272727272728
0.15676181818181817
0.01664181818181818
-0.08300363636363636
0.03328363636363636
-0.07951090909090908
-0.0470490909090909
-0.005547272727272727
-0.013765454545454546
0.06492363636363636
-0.005958181818181818
-0.0339
0.013149090909090907
0.10293272727272727
-0.07437454545454546
0.03410545454545454
0.19662
-0.06040363636363636
0.13169636363636364
0.12943636363636363
-0.06307454545454545
0.07951090909090908
0.07951090909090908
-0.010683636363636364
0.042529090909090905
0.00226
0.05896545454545454
0.24880545454545452
0.0
0.041707272727272725
0.24284727272727274
-0.019312727272727273
0.018285454545454546
0.14443454545454545
-0.14402363636363635
-0.16436363636363635
0.016847272727272728
-0.07047090909090908
-0.040063636363636364
0.020956363636363638
0.032872727272727276
0.10868545454545453
0.1125890909090909
0.048487272727272726
0.0967690909090909
0.09759090909090909
-0.03985818181818182
0.00945090909090909
0.029174545454545453
-0.1483381818181818
0.001849090909090909
0.15183090909090907
-0.04109090909090909
0.03739272727272727
0.024243636363636363
0.05547272727272727
0.18758
-0.021367272727272728
-0.03513272727272727
0.07766181818181818
0.05444545454545455
0.01725818181818182
0.12594363636363634
0.045816363636363634
-0.021367272727272728
0.17648545454545456
-0.011916363636363636
-0.17422545454545454
0.02527090909090909
-0.062458181818181815
-0.09738545454545454
0.11526
-0.09430363636363637
-0.002876363636363636
0.22682181818181818
0.03205090909090909
0.07827818181818182
0.17997818181818181
-0.019723636363636363
0.006574545454545454
0.14422909090909092
-0.15532363636363636
-0.014998181818181817
0.061841818181818185
-0.09245454545454544
0.05608909090909091
0.033489090909090906
-0.07232
0.018285454545454546
0.06348545454545454
-0.07807272727272727
0.12758727272727272
-0.07889454545454545
0.03780363636363636
0.2650363636363636
-0.10026181818181817
0.10108363636363636
0.1962090909090909
0.010889090909090909
0.01849090909090909
0.12265636363636362
-0.06636181818181817
-0.04417272727272727
0.10991818181818182
0.043350909090909086
0.05115818181818182
0.07088181818181817
-0.007807272727272727
0.09553636363636364
0.10663090909090908
-0.25106545454545454
0.17402
-0.03718727272727273
-0.2742818181818182
0.1551181818181818
-0.08300363636363636
-0.0024654545454545454
0.10560363636363636
0.21244
0.21244
0.13313454545454545
0.08177090909090909
0.09430363636363637
0.08814
-0.10313818181818181
-0.018696363636363636
-0.008218181818181819
-0.0741690909090909
-0.043350909090909086
0.11669818181818181
-0.0749909090909091
0.07252545454545453
0.16477454545454545
-0.05958181818181818
0.07314181818181818
-0.012738181818181817
0.052390909090909085
0.07314181818181818
0.10375454545454545
-0.02157272727272727
0.07807272727272727
0.12532727272727273
-0.08629090909090908
0.10950727272727273
-0.05773272727272727
-0.08814
-0.010272727272727272
-0.07067636363636363
-0.07149818181818181
0.07725090909090909
-0.013354545454545456
-0.032872727272727276
0.2387381818181818
0.02362727272727273
0.005547272727272727
0.09574181818181818
0.05054181818181818
-0.05177454545454545
-0.004314545454545455
-0.03698181818181818
-0.010889090909090909
0.12655999999999998
-0.02486
0.14977636363636362
0.10087818181818181
-0.013354545454545456
0.1610763636363636
0.05095272727272727
-0.18449818181818184
0.05691090909090909
0.031023636363636364
-0.1894290909090909
0.12820363636363635
0.011916363636363636
0.015409090909090907
0.16662363636363633
0.039241818181818176
0.03225636363636363
0.14731090909090908
-0.015203636363636362
-0.11382181818181818
0.09368727272727272
-0.09245454545454544
-0.031845454545454545
0.10519272727272726
-0.02403818181818182
0.01705272727272727
0.15059818181818183
-0.010478181818181819
0.06800545454545455
0.09533090909090909
-0.12019090909090908
0.21346727272727273
0.12347818181818182
0.028763636363636363
0.2409981818181818
0.14340727272727272
0.02444909090909091
0.11320545454545454
0.050747272727272724
-0.18059454545454545
0.04746
-0.005547272727272727
-0.13190181818181818
0.11423272727272726
-0.03513272727272727
0.04109090909090909
0.27633636363636366
-0.06615636363636364
-0.048487272727272726
0.10334363636363636
-0.1292309090909091
-0.0041090909090909095
0.001849090909090909
-0.14422909090909092
0.03225636363636363
0.21305636363636363
0.10375454545454545
0.11834181818181817
0.23236909090909091
0.032872727272727276
0.15224181818181817
0.05608909090909091
-0.13046363636363634
0.02609272727272727
-0.15429636363636362
-0.1351890909090909
0.10827454545454546
-0.07519636363636363
-0.018285454545454546
0.21346727272727273
-0.043350909090909086
0.03246181818181818
0.12450545454545454
-0.08711272727272727
0.03821454545454545
0.07088181818181817
-0.10293272727272727
0.016847272727272728
0.05814363636363636
-0.041912727272727275
0.12286181818181818
0.02979090909090909
-0.14402363636363635
0.07827818181818182
0.14053090909090907
-0.13580545454545453
-0.007601818181818181
0.14012
-0.08485272727272727
0.12039636363636362
0.11074
-0.001849090909090909
0.1551181818181818
0.007396363636363636
0.041707272727272725
0.04787090909090909
-0.02691454545454545
-0.00904
0.04930909090909091
0.12655999999999998
0.006163636363636363
0.15963818181818182
0.11875272727272726
-0.042529090909090905
0.15203636363636364
-0.03225636363636363
-0.1017
0.0008218181818181817
-0.055883636363636364
0.08855090909090908
0.05732181818181818
-0.01725818181818182
0.11669818181818181
0.1836763636363636
0.10457636363636363
0.07560727272727272
0.11423272727272726
-0.0727309090909091
-0.07108727272727272
0.005958181818181818
-0.19744181818181816
-0.0041090909090909095
0.10868545454545453
0.001438181818181818
0.14279090909090908
0.07478545454545454
0.0741690909090909
0.14895454545454545
-0.0069854545454545456
-0.055678181818181814
0.06821090909090909
-0.05033636363636364
-0.10991818181818182
0.1012890909090909
0.008834545454545454
-0.033489090909090906
0.1088909090909091
0.012943636363636362
0.043350909090909086
0.12532727272727273
-0.014587272727272727
0.06718363636363636
0.05711636363636363
-0.06040363636363636
0.09533090909090909
0.011505454545454544
-0.08649636363636364
0.14731090909090908
0.04437818181818182
-0.1723763636363636
0.04211818181818182
-0.02075090909090909
-0.06759454545454545
0.060609090909090904
-0.07334727272727272
0.08300363636363636
0.18901818181818184
0.027941818181818182
0.11731454545454545
0.18182727272727273
-0.0741690909090909
-0.014176363636363636
0.09759090909090909
-0.11957454545454545
0.0008218181818181817
0.14361272727272725
0.038419999999999996
0.08670181818181817
0.1727872727272727
0.07622363636363635
0.10478181818181817
0.053212727272727266
-0.025476363636363634
0.06369090909090909
-0.09430363636363637
-0.11115090909090909
0.07478545454545454
0.004930909090909091
-0.11998545454545453
0.11382181818181818
0.1469
-0.02157272727272727
0.12450545454545454
0.07129272727272727
-0.004725454545454545
0.03800909090909091
-0.05054181818181818
0.01725818181818182
0.05177454545454545
-0.0628690909090909
0.08279818181818181
0.10806909090909089
-0.061841818181818185
0.06800545454545455
0.10601454545454544
-0.06451272727272726
-0.007807272727272727
0.1125890909090909
-0.03472181818181818
0.010889090909090909
0.13477818181818182
-0.04725454545454546
0.06122545454545455
0.043556363636363636
-0.10396
0.14977636363636362
0.04746
-0.12080727272727272
0.11053454545454545
0.04047454545454546
-0.11115090909090909
0.13477818181818182
0.10827454545454546
-0.0786890909090909
0.15162545454545454
0.04725454545454546
-0.10231636363636364
0.06677272727272728
-0.13785999999999998
-0.07560727272727272
0.03698181818181818
-0.26010545454545453
0.005752727272727272
0.2541472727272727
-0.008834545454545454
0.12820363636363635
0.2025781818181818
-0.0024654545454545454
0.09081090909090908
0.1397090909090909
-0.020545454545454544
-0.009861818181818182
0.06862181818181817
-0.07396363636363636
0.06697818181818181
0.07786727272727272
0.0008218181818181817
0.2740763636363636
0.046432727272727264
0.048487272727272726
0.25538
-0.06738909090909091
-0.04622727272727272
0.19497636363636361
-0.09286545454545453
-0.14813272727272728
0.12861454545454545
-0.05711636363636363
-0.020956363636363638
0.05855454545454545
-0.05218545454545454
0.027941818181818182
-0.030612727272727274
-0.01725818181818182
0.11402727272727273
0.04211818181818182
-0.047665454545454546
0.15265272727272727
0.14874909090909091
-0.04869272727272727
0.06081454545454545
0.10971272727272725
-0.02013454545454545
0.02609272727272727
0.06348545454545454
-0.012532727272727272
0.09163272727272727
0.015409090909090907
0.05999272727272727
0.1012890909090909
-0.04396727272727272
0.11176727272727273
0.04889818181818182
-0.02157272727272727
-0.05958181818181818
-0.06204727272727273
-0.038625454545454546
-0.04150181818181818
0.04417272727272727
-0.051569090909090905
0.07314181818181818
0.048487272727272726
-0.008218181818181819
0.12039636363636362
0.002670909090909091
-0.024243636363636363
0.08629090909090908
-0.031845454545454545
-0.07704545454545454
0.1686781818181818
-0.004930909090909091
0.009245454545454545
0.13005272727272726
-0.012532727272727272
0.06266363636363637
0.10601454545454544
0.09450909090909092
-0.006163636363636363
0.1193690909090909
-0.00904
0.027941818181818182
0.18388181818181817
-0.08094909090909091
0.09019454545454544
0.13169636363636364
-0.014176363636363636
-0.04232363636363636
0.046432727272727264
-0.04602181818181818
-0.12758727272727272
0.03225636363636363
-0.06800545454545455
0.04869272727272727
0.07108727272727272
0.0069854545454545456
0.18984
0.10190545454545454
-0.03554363636363636
0.09553636363636364
0.07581272727272727
-0.07314181818181818
-0.0016436363636363634
-0.0010272727272727274
-0.05793818181818181
0.0764290909090909
0.05485636363636363
-0.038625454545454546
0.10026181818181817
-0.003698181818181818
0.01171090909090909
0.10724727272727272
-0.08916727272727272
-0.003287272727272727
0.1148490909090909
0.023216363636363632
0.05177454545454545
0.1193690909090909
0.055678181818181814
0.09163272727272727
0.08403090909090909
-0.03246181818181818
-0.008423636363636364
-0.02670909090909091
-0.09122181818181817
0.13395636363636362
0.09430363636363637
-0.07889454545454545
0.21757636363636362
0.08485272727272727
-0.023832727272727273
0.10683636363636365
-0.06307454545454545
-0.01992909090909091
-0.0447890909090909
-0.07663454545454546
0.003698181818181818
-0.017463636363636362
0.06512909090909091
0.12142363636363637
0.1397090909090909
0.06327999999999999
0.14731090909090908
0.21018
-0.047665454545454546
0.03451636363636364
-0.00945090909090909
-0.1366272727272727
0.06143090909090909
-0.010683636363636364
-0.025476363636363634
0.0727309090909091
0.019107272727272726
0.08136
0.0678
-0.055883636363636364
0.03965272727272728
0.11197272727272727
-0.04437818181818182
-0.03800909090909091
0.10005636363636364
-0.005752727272727272
0.015409090909090907
0.14710545454545454
-0.0940981818181818
-0.07129272727272727
0.12676545454545454
-0.07129272727272727
-0.028147272727272726
0.07047090909090908
-0.03554363636363636
0.06677272727272728
0.11854727272727272
-0.017463636363636362
0.07170363636363636
0.1261490909090909
-0.14464
-0.010067272727272725
0.10868545454545453
-0.14607818181818183
-0.014381818181818181
0.12224545454545453
0.0226
0.09101636363636363
0.17956727272727271
0.07930545454545455
0.12265636363636362
0.07375818181818182
-0.06451272727272726
0.13190181818181818
-0.05855454545454545
-0.10313818181818181
0.20011272727272728
-0.045816363636363634
-0.09081090909090908
0.19744181818181816
0.06327999999999999
-0.08464727272727272
0.09697454545454545
0.010889090909090909
-0.11464363636363636
0.02157272727272727
-0.016025454545454544
-0.02342181818181818
0.10745272727272726
-0.007396363636363636
0.0741690909090909
0.21983636363636364
-0.08444181818181817
0.08711272727272727
0.16148727272727273
-0.1125890909090909
0.06574545454545455
0.07540181818181818
0.014381818181818181
0.061841818181818185
0.12635454545454544
0.09779636363636364
0.08711272727272727
0.06040363636363636
-0.05999272727272727
0.06800545454545455
-0.10930181818181818
-0.12429999999999998
0.08115454545454545
-0.11115090909090909
0.00862909090909091
0.1916890909090909
-0.01992909090909091
0.043350909090909086
0.12532727272727273
-0.10478181818181817
-0.00904
-0.015409090909090907
-0.09985090909090909
0.027325454545454545
0.03307818181818182
0.04910363636363636
0.18388181818181817
0.19025090909090905
0.055678181818181814
0.21079636363636362
0.1035490909090909
-0.059787272727272724
0.07601818181818182
-0.07067636363636363
-0.10909636363636364
-0.018696363636363636
-0.07786727272727272
0.035749090909090904
0.09841272727272728
0.0024654545454545454
0.11094545454545454
0.1374490909090909
-0.01623090909090909
0.028969090909090906
0.07560727272727272
-0.1035490909090909
0.03410545454545454
0.10375454545454545
-0.031845454545454545
0.10498727272727272
0.006163636363636363
-0.047665454545454546
0.06101999999999999
0.025065454545454544
-0.003287272727272727
0.07108727272727272
-0.004725454545454545
-0.08978363636363636
0.14217454545454544
0.06143090909090909
-0.03780363636363636
0.15717272727272727
0.08218181818181818
0.010683636363636364
0.11382181818181818
0.038419999999999996
-0.03554363636363636
0.06903272727272727
-0.005958181818181818
-0.02691454545454545
0.12121818181818181
0.016436363636363638
-0.02568181818181818
0.1257381818181818
-0.11608181818181817
-0.11834181818181817
0.07909999999999999
-0.16148727272727273
0.013149090909090907
0.05814363636363636
-0.0918381818181818
0.1532690909090909
0.21798727272727272
0.10683636363636365
0.19025090909090905
0.10375454545454545
-0.049925454545454544
0.07930545454545455
-0.09697454545454545
-0.19148363636363636
-0.006163636363636363
-0.05732181818181818
-0.1415581818181818
0.14073636363636363
0.05013090909090909
-0.002876363636363636
0.2798290909090909
-0.02650363636363636
0.05136363636363636
0.14587272727272727
-0.09656363636363637
0.03965272727272728
0.13929818181818182
-0.07211454545454546
0.06225272727272727
0.22168545454545452
-0.07766181818181818
0.15840545454545454
0.16662363636363633
-0.01705272727272727
0.13107999999999997
0.01849090909090909
-0.04396727272727272
0.043556363636363636
-0.06327999999999999
-0.013560000000000001
0.15840545454545454
-0.13334
-0.01849090909090909
0.06841636363636364
-0.07334727272727272
0.02157272727272727
0.12286181818181818
0.02342181818181818
-0.012121818181818182
0.24161454545454544
-0.01664181818181818
0.17525272727272728
0.12347818181818182
-0.13642181818181817
0.19929090909090907
-0.032667272727272725
-0.2183981818181818
-0.031023636363636364
-0.0024654545454545454
-0.0940981818181818
0.12203999999999998
0.06553999999999999
0.057527272727272726
0.22230181818181818
0.14422909090909092
0.06143090909090909
0.012327272727272727
-0.023216363636363632
-0.18758
0.016025454545454544
-0.10745272727272726
-0.1411472727272727
0.028147272727272726
-0.02609272727272727
0.10046727272727272
0.04129636363636364
0.02486
0.032667272727272725
0.11320545454545454
-0.02075090909090909
-0.05444545454545455
0.019723636363636363
-0.055061818181818184
0.03821454545454545
0.12019090909090908
-0.0010272727272727274
0.053212727272727266
0.24058727272727273
-0.06369090909090909
0.16354181818181818
0.05855454545454545
-0.09861818181818181
0.18675818181818182
-0.11197272727272727
0.01992909090909091
0.08444181818181817
0.032667272727272725
-0.034927272727272723
0.08341454545454545
0.1682672727272727
-0.07458
0.09718
0.08505818181818181
-0.012121818181818182
0.07786727272727272
0.0918381818181818
0.017874545454545452
0.19189454545454546
-0.027530909090909092
-0.041912727272727275
0.1999072727272727
-0.13929818181818182
-0.04376181818181818
-0.05259636363636363
-0.1419690909090909
-0.09635818181818182
0.02527090909090909
0.12635454545454544
0.11895818181818181
0.14916
0.10416545454545453
0.20011272727272728
0.08814
0.02218909090909091
0.07745636363636363
0.031639999999999995
-0.16929454545454545
-0.030407272727272724
0.04972
-0.05855454545454545
0.1962090909090909
0.04129636363636364
0.019723636363636363
0.12491636363636363
-0.06862181818181817
-0.01992909090909091
0.09923454545454545
-0.09718
-0.10026181818181817
0.09492
-0.07745636363636363
0.02568181818181818
0.14505090909090906
-0.06451272727272726
-0.04746
0.06143090909090909
-0.10478181818181817
-0.004314545454545455
0.08403090909090909
-0.13107999999999997
0.16210363636363637
0.08793454545454545
-0.027736363636363635
0.19785272727272726
0.06800545454545455
0.06821090909090909
0.06841636363636364
-0.04828181818181818
-0.01664181818181818
0.10601454545454544
0.025476363636363634
0.025065454545454544
0.17073272727272726
0.006574545454545454
0.045816363636363634
0.2183981818181818
-0.025476363636363634
-0.03143454545454545
0.02013454545454545
-0.1528581818181818
-0.03410545454545454
-0.03657090909090909
-0.028763636363636363
0.0786890909090909
0.040063636363636364
0.09492
0.15491272727272726
0.053212727272727266
-0.02527090909090909
0.19004545454545455
0.03020181818181818
-0.2165490909090909
0.029996363636363634
0.02979090909090909
-0.01623090909090909
0.0940981818181818
0.037598181818181815
0.07396363636363636
0.12286181818181818
0.014176363636363636
0.036776363636363635
0.07334727272727272
-0.02218909090909091
0.06163636363636363
0.16436363636363635
-0.07807272727272727
-0.0041090909090909095
0.27161090909090907
-0.02157272727272727
0.027736363636363635
0.1284090909090909
-0.19826363636363634
-0.02691454545454545
-0.0008218181818181817
-0.14772181818181818
-0.01766909090909091
-0.01705272727272727
0.01623090909090909
0.13785999999999998
0.04684363636363636
0.01171090909090909
0.24531272727272724
0.09163272727272727
-0.054034545454545446
0.11546545454545454
-0.037598181818181815
-0.113
0.1374490909090909
0.02979090909090909
-0.09348181818181817
0.08793454545454545
-0.06533454545454545
0.04889818181818182
0.15758363636363634
-0.1569672727272727
0.02198363636363636
0.1744309090909091
-0.030612727272727274
0.060609090909090904
0.16272
-0.00226
0.10950727272727273
0.07478545454545454
-0.0678
0.05136363636363636
-0.014792727272727272
-0.06410181818181818
0.05013090909090909
0.039241818181818176
-0.0034927272727272728
0.22127454545454545
0.040885454545454544
0.0402690909090909
0.19764727272727273
-0.14854363636363635
-0.040885454545454544
0.016025454545454544
-0.18018363636363635
-0.05526727272727273
0.07622363636363635
-0.03143454545454545
0.12450545454545454
0.15573454545454543
0.09697454545454545
0.2681181818181818
0.05855454545454545
-0.02034
0.09060545454545453
-0.00041090909090909085
-0.19662
0.04047454545454546
0.019312727272727273
-0.15409090909090908
0.14525636363636363
0.03246181818181818
0.05300727272727272
0.09163272727272727
0.02670909090909091
0.1678563636363636
0.06553999999999999
-0.08649636363636364
0.09512545454545453
0.09245454545454544
-0.08218181818181818
0.08279818181818181
0.059170909090909087
-0.042529090909090905
-0.05608909090909091
0.05629454545454545
-0.015614545454545454
-0.07848363636363635
0.01766909090909091
-0.08937272727272727
0.13642181818181817
0.09368727272727272
-0.008423636363636364
0.21634363636363635
0.06903272727272727
-0.023832727272727273
0.13909272727272726
0.006574545454545454
-0.10909636363636364
0.047665454545454546
0.001438181818181818
-0.027120000000000002
0.0678
0.07992181818181819
0.07149818181818181
0.19785272727272726
0.034927272727272723
-0.04458363636363636
0.16046
-0.1076581818181818
-0.06533454545454545
0.06964909090909091
-0.14484545454545456
-0.0113
0.13477818181818182
-0.006574545454545454
0.06471818181818181
0.12655999999999998
-0.04684363636363636
0.015409090909090907
0.01623090909090909
-0.12409454545454546
0.012738181818181817
0.11916363636363636
-0.07889454545454545
0.06266363636363637
0.08937272727272727
-0.08608545454545455
0.17607454545454546
0.08834545454545455
-0.02013454545454545
0.08814
0.01725818181818182
0.0339
0.16888363636363635
0.10930181818181818
0.06718363636363636
0.14443454545454545
0.018285454545454546
0.001849090909090909
0.002670909090909091
-0.0402690909090909
-0.05526727272727273
-0.06307454545454545
-0.09430363636363637
0.0069854545454545456
0.10930181818181818
0.06266363636363637
0.19107272727272728
0.08546909090909091
-0.02218909090909091
0.0940981818181818
-0.05218545454545454
-0.0918381818181818
0.06964909090909091
-0.06841636363636364
0.010067272727272725
0.19107272727272728
0.03513272727272727
0.21346727272727273
0.2527090909090909
0.05300727272727272
0.10786363636363637
0.036776363636363635
-0.07211454545454546
0.012327272727272727
0.0069854545454545456
-0.15367999999999998
0.012738181818181817
0.038419999999999996
-0.055883636363636364
0.11690363636363636
0.045816363636363634
0.04787090909090909
0.0628690909090909
-0.02670909090909091
-0.061841818181818185
-0.010067272727272725
0.025887272727272724
-0.012327272727272727
0.11608181818181817
-0.00020545454545454542
-0.09450909090909092
0.0918381818181818
0.04787090909090909
-0.051569090909090905
0.01992909090909091
-0.04417272727272727
0.02691454545454545
0.07211454545454546
-0.0565
0.10375454545454545
0.08875636363636363
-0.014792727272727272
0.07827818181818182
0.09512545454545453
-0.06615636363636364
-0.013149090909090907
0.21737090909090906
-0.036776363636363635
-0.055678181818181814
0.1637472727272727
0.023216363636363632
0.07170363636363636
0.12532727272727273
-0.06266363636363637
-0.027736363636363635
0.09759090909090909
-0.13395636363636362
-0.015614545454545454
0.06512909090909091
-0.13107999999999997
0.19641454545454545
0.11012363636363637
-0.04622727272727272
0.24962727272727273
0.1296418181818182
-0.0024654545454545454
0.1653909090909091
0.00452
-0.17751272727272727
0.035954545454545454
0.04068
-0.10519272727272726
0.12388909090909091
0.08711272727272727
0.03718727272727273
0.2516818181818182
-0.0764290909090909
0.027120000000000002
0.18511454545454545
-0.11443818181818181
0.04211818181818182
0.05033636363636364
-0.14525636363636363
0.03739272727272727
0.16621272727272726
-0.06081454545454545
0.08115454545454545
0.14936545454545455
0.00226
0.18634727272727272
0.05937636363636363
-0.10848000000000001
0.09964545454545454
-0.002876363636363636
-0.12738181818181818
0.15265272727272727
-0.05444545454545455
-0.07622363636363635
0.12121818181818181
-0.13107999999999997
-0.05300727272727272
-0.02116181818181818
-0.031845454545454545
0.08505818181818181
0.05999272727272727
0.0447890909090909
0.13868181818181818
0.17895090909090908
0.02362727272727273
0.049925454545454544
0.06862181818181817
-0.12039636363636362
0.01171090909090909
0.07088181818181817
-0.12347818181818182
0.07766181818181818
-0.005341818181818182
0.0063690909090909084
0.21141272727272728
-0.02609272727272727
0.08197636363636364
0.13724363636363635
-0.04951454545454545
-0.08444181818181817
0.031023636363636364
-0.032872727272727276
-0.1012890909090909
0.08772909090909091
0.02691454545454545
0.05198
0.16724
0.06143090909090909
0.07108727272727272
0.1370381818181818
-0.08711272727272727
-0.02239454545454545
0.07232
-0.11361636363636363
0.03020181818181818
0.031639999999999995
-0.03657090909090909
0.11998545454545453
0.09615272727272728
-0.014381818181818181
0.1577890909090909
0.10827454545454546
-0.038625454545454546
0.15491272727272726
0.06081454545454545
-0.11279454545454545
0.06122545454545455
0.07314181818181818
-0.1171090909090909
0.08711272727272727
0.07190909090909091
-0.04869272727272727
0.15470727272727272
-0.0226
-0.0339
0.1411472727272727
-0.006574545454545454
0.03410545454545454
0.09635818181818182
-0.03328363636363636
0.007396363636363636
0.028763636363636363
-0.04622727272727272
-0.043556363636363636
-0.05876
-0.15984363636363638
-0.05362363636363636
0.08814
-0.040885454545454544
0.10005636363636364
0.16477454545454545
0.08855090909090908
0.1600490909090909
0.045816363636363634
0.027325454545454545
0.09204363636363636
-0.0039036363636363635
-0.07170363636363636
0.007396363636363636
-0.10806909090909089
-0.012327272727272727
0.24243636363636362
0.01623090909090909
0.08772909090909091
0.24613454545454547
0.017874545454545452
0.06369090909090909
0.045816363636363634
-0.11279454545454545
0.0
-0.008218181818181819
-0.014381818181818181
-0.0024654545454545454
0.0063690909090909084
0.06225272727272727
0.05732181818181818
0.09224909090909092
-0.08218181818181818
0.016436363636363638
0.05711636363636363
-0.03739272727272727
0.11156181818181818
-0.07601818181818182
0.10005636363636364
0.18511454545454545
-0.04910363636363636
0.15491272727272726
0.09245454545454544
0.00945090909090909
0.08136
0.06040363636363636
0.039241818181818176
-0.0006163636363636364
0.07314181818181818
0.05855454545454545
0.0786890909090909
0.0538290909090909
-0.03718727272727273
0.04458363636363636
-0.06841636363636364
-0.15203636363636364
0.028969090909090906
-0.11608181818181817
-0.11074
0.16847272727272727
0.0069854545454545456
0.0339
0.1193690909090909
0.03554363636363636
0.08567454545454545
0.05526727272727273
0.03225636363636363
-0.03739272727272727
-0.002876363636363636
0.00945090909090909
0.007190909090909091
0.05485636363636363
-0.008012727272727272
0.07519636363636363
0.1284090909090909
-0.026298181818181814
-0.0039036363636363635
0.10930181818181818
-0.05855454545454545
0.02691454545454545
0.07683999999999999
-0.027530909090909092
0.07581272727272727
0.13190181818181818
0.10231636363636364
0.06903272727272727
0.14237999999999998
-0.02670909090909091
0.07581272727272727
-0.006163636363636363
-0.20915272727272727
0.08136
0.008218181818181819
-0.02013454545454545
0.0678
-0.001438181818181818
-0.013560000000000001
0.20072909090909088
0.02444909090909091
-0.057527272727272726
0.16046
-0.08731818181818181
-0.05198
0.08978363636363636
-0.05341818181818182
-0.06040363636363636
0.1836763636363636
-0.029174545454545453
0.015409090909090907
0.16046
-0.1076581818181818
0.1216290909090909
0.059170909090909087
-0.05280181818181818
0.17114363636363633
0.06738909090909091
-0.06923818181818181
0.23298545454545452
0.031845454545454545
-0.1727872727272727
0.12902545454545453
-0.044994545454545454
-0.07437454545454546
0.010683636363636364
-0.0030818181818181817
-0.003287272727272727
0.17566363636363633
0.07704545454545454
0.019518181818181816
0.20894727272727273
-0.11587636363636362
0.031023636363636364
0.08526363636363636
-0.19559272727272728
-0.06759454545454545
0.055678181818181814
-0.04232363636363636
0.04828181818181818
0.15203636363636364
0.018696363636363636
0.23935454545454546
0.22271272727272726
0.012121818181818182
0.07766181818181818
0.023216363636363632
-0.1623090909090909
0.05814363636363636
0.047665454545454546
-0.19230545454545456
0.14874909090909091
0.015409090909090907
-0.01890181818181818
0.15799454545454544
0.011916363636363636
0.05937636363636363
0.07848363636363635
0.0339
-0.01849090909090909
0.07478545454545454
0.012121818181818182
0.03307818181818182
0.13498363636363636
-0.08156545454545455
-0.04540545454545454
0.11669818181818181
-0.10334363636363636
-0.06327999999999999
0.07992181818181819
-0.14217454545454544
0.06225272727272727
0.08423636363636364
-0.036776363636363635
0.14751636363636364
0.046432727272727264
0.02239454545454545
0.05115818181818182
0.007396363636363636
-0.02342181818181818
-0.0041090909090909095
-0.01808
-0.055061818181818184
0.14361272727272725
0.12594363636363634
0.011094545454545454
0.19456545454545454
0.09081090909090908
-0.0565
0.10601454545454544
-0.05732181818181818
-0.07437454545454546
0.033694545454545456
-0.1224509090909091
-0.016847272727272728
0.06266363636363637
-0.039241818181818176
0.12676545454545454
0.18059454545454545
-0.08341454545454545
0.058349090909090906
0.06677272727272728
-0.08403090909090909
0.05444545454545455
0.025887272727272724
-0.04150181818181818
0.04396727272727272
0.09245454545454544
-0.0016436363636363634
0.14895454545454545
0.10190545454545454
-0.045610909090909084
0.17011636363636362
0.03328363636363636
-0.062458181818181815
0.1999072727272727
0.021778181818181818
-0.0063690909090909084
0.23134181818181818
-0.04109090909090909
0.052390909090909085
0.10190545454545454
-0.15306363636363635
0.05629454545454545
-0.014998181818181817
-0.15902181818181815
0.05691090909090909
0.061841818181818185
-0.03739272727272727
0.16272
0.05033636363636364
-0.046432727272727264
0.18244363636363634
-0.0678
-0.13498363636363636
0.11402727272727273
-0.07006
-0.1366272727272727
0.20319454545454546
0.061841818181818185
0.052390909090909085
0.29606
0.0678
0.10005636363636364
0.12347818181818182
-0.07622363636363635
0.01890181818181818
0.00452
-0.2409981818181818
0.02527090909090909
0.060609090909090904
-0.1224509090909091
0.19723636363636363
0.10704181818181817
-0.011505454545454544
0.06040363636363636
0.031845454545454545
0.02198363636363636
0.0447890909090909
-0.06738909090909091
-0.06019818181818181
0.11813636363636362
-0.054240000000000003
0.057527272727272726
0.09533090909090909
-0.06512909090909091
0.07006
0.10498727272727272
-0.028969090909090906
-0.010067272727272725
0.09697454545454545
-0.00041090909090909085
0.035954545454545454
0.12491636363636363
0.05465090909090909
0.042529090909090905
0.1419690909090909
0.006574545454545454
0.04889818181818182
0.09759090909090909
-0.10909636363636364
0.11135636363636363
0.057527272727272726
-0.08916727272727272
0.18285454545454544
0.09224909090909092
-0.12902545454545453
0.035954545454545454
-0.03513272727272727
-0.12491636363636363
0.06677272727272728
-0.029174545454545453
-0.07663454545454546
0.09204363636363636
0.08115454545454545
0.01890181818181818
0.24572363636363637
0.15532363636363636
-0.001438181818181818
0.21572727272727274
-0.07581272727272727
-0.15491272727272726
0.059787272727272724
-0.2251781818181818
-0.1325181818181818
0.07889454545454545
-0.09081090909090908
0.050747272727272724
0.16662363636363633
0.08711272727272727
0.10827454545454546
0.1341618181818182
-0.015409090909090907
0.007190909090909091
0.12635454545454544
-0.11916363636363636
0.08423636363636364
0.02034
-0.12039636363636362
0.21408363636363634
0.017874545454545452
-0.013970909090909091
0.12532727272727273
0.06574545454545455
0.04972
0.10868545454545453
-0.024654545454545453
-0.05136363636363636
0.1341618181818182
-0.036776363636363635
-0.038625454545454546
0.07766181818181818
-0.02527090909090909
-0.059787272727272724
0.11382181818181818
-0.014792727272727272
-0.031639999999999995
0.17854
0.03985818181818182
0.1723763636363636
0.12265636363636362
0.05259636363636363
0.1577890909090909
0.014176363636363636
0.014587272727272727
-0.034310909090909086
-0.06204727272727273
-0.02239454545454545
-0.04930909090909091
0.04437818181818182
0.045816363636363634
0.06636181818181817
0.1881963636363636
0.08711272727272727
0.10745272727272726
0.05177454545454545
-0.005752727272727272
0.09389272727272728
-0.1528581818181818
-0.1370381818181818
-0.005136363636363636
-0.12655999999999998
-0.031845454545454545
0.06738909090909091
0.004725454545454545
0.11115090909090909
0.1261490909090909
-0.02157272727272727
0.04869272727272727
0.033489090909090906
-0.09492
0.00041090909090909085
0.0749909090909091
-0.10683636363636365
0.09265999999999999
0.16354181818181818
-0.07149818181818181
0.12882
0.07314181818181818
-0.022805454545454542
0.03225636363636363
0.02116181818181818
0.06759454545454545
0.03985818181818182
-0.04314545454545454
0.006574545454545454
0.10437090909090908
-0.08608545454545455
0.027325454545454545
0.17360909090909088
-0.06019818181818181
0.015203636363636362
0.1247109090909091
-0.08711272727272727
0.11320545454545454
0.1524472727272727
-0.1366272727272727
0.15676181818181817
0.06862181818181817
-0.055678181818181814
0.11977999999999998
-0.05896545454545454
-0.11669818181818181
0.010272727272727272
-0.09204363636363636
-0.16251454545454544
0.19600363636363635
0.1360109090909091
0.04972
0.25764
0.10313818181818181
0.04211818181818182
0.22230181818181818
0.10334363636363636
-0.05814363636363636
0.0749909090909091
-0.16169272727272727
-0.06040363636363636
0.15039272727272726
-0.12676545454545454
0.10478181818181817
0.18429272727272727
-0.025887272727272724
0.20134545454545455
0.1088909090909091
-0.12306727272727273
0.11895818181818181
0.004725454545454545
-0.13087454545454547
0.02342181818181818
-0.07519636363636363
-0.015819999999999997
0.1600490909090909
-0.026298181818181814
-0.0967690909090909
0.14320181818181818
-0.0020545454545454547
-0.027120000000000002
0.14669454545454544
-0.07190909090909091
-0.039241818181818176
0.17751272727272727
0.03410545454545454
0.0470490909090909
0.12265636363636362
-0.06512909090909091
0.0895781818181818
0.07375818181818182
-0.15881636363636362
0.12532727272727273
0.11895818181818181
-0.11567090909090909
0.15676181818181817
0.08731818181818181
-0.01766909090909091
0.19333272727272727
-0.028969090909090906
-0.06369090909090909
0.005752727272727272
-0.14176363636363634
-0.10971272727272725
0.027120000000000002
-0.05937636363636363
-0.02568181818181818
0.13785999999999998
0.012532727272727272
0.1411472727272727
0.19045636363636362
-0.010478181818181819
0.019107272727272726
0.10087818181818181
-0.08772909090909091
-0.028352727272727273
0.09081090909090908
-0.11505454545454545
0.17176
0.12799818181818182
-0.06410181818181818
0.14607818181818183
0.10005636363636364
0.003698181818181818
0.06430727272727273
0.03225636363636363
-0.09348181818181817
0.11341090909090909
0.03883090909090909
-0.020956363636363638
0.18531999999999998
0.08012727272727273
0.00226
0.0904
-0.028352727272727273
-0.13539454545454546
-0.0041090909090909095
-0.09430363636363637
0.06636181818181817
0.1012890909090909
-0.05115818181818182
0.14176363636363634
0.19723636363636363
0.05136363636363636
0.020545454545454544
0.18573090909090906
-0.06595090909090909
-0.08382545454545455
0.04787090909090909
-0.18901818181818184
0.06122545454545455
0.06081454545454545
-0.1321072727272727
0.13107999999999997
0.05547272727272727
-0.06944363636363636
0.20833090909090907
0.10293272727272727
-0.0678
0.16641818181818183
0.024243636363636363
-0.02444909090909091
0.22538363636363634
0.10868545454545453
0.010683636363636364
0.03944727272727273
-0.07581272727272727
-0.057527272727272726
0.024243636363636363
-0.17648545454545456
-0.001438181818181818
0.10786363636363637
-0.0764290909090909
0.13272363636363635
0.1586109090909091
0.015819999999999997
0.020956363636363638
0.13025818181818183
-0.10252181818181817
0.03636545454545455
0.05013090909090909
-0.2825
0.26688545454545454
0.01992909090909091
0.014792727272727272
0.2603109090909091
0.08444181818181817
0.17340363636363634
0.034927272727272723
0.08403090909090909
-0.1721709090909091
0.10991818181818182
-0.11361636363636363
-0.21059090909090908
0.05711636363636363
-0.12553272727272727
0.06553999999999999
-0.012327272727272727
0.1608709090909091
0.060609090909090904
0.12902545454545453
0.08012727272727273
0.045816363636363634
0.01992909090909091
-0.002876363636363636
0.13724363636363635
-0.10704181818181817
0.08896181818181817
0.002876363636363636
0.09594727272727273
-0.055061818181818184
-0.015614545454545454
0.02444909090909091
-0.19703090909090906
0.06204727272727273
-0.12368363636363637
0.1608709090909091
0.12224545454545453
0.08341454545454545
0.14279090909090908
0.11156181818181818
0.044994545454545454
-0.1296418181818182
0.21408363636363634
-0.00945090909090909
-0.05855454545454545
0.11649272727272726
0.10457636363636363
-0.0010272727272727274
0.12101272727272726
0.10971272727272725
0.01171090909090909
0.15840545454545454
-0.05198
0.05711636363636363
-0.06307454545454545
-0.1921
-0.027120000000000002
0.02609272727272727
-0.07458
0.013149090909090907
0.2075090909090909
-0.0020545454545454547
0.12368363636363637
0.07909999999999999
-0.05115818181818182
0.0034927272727272728
-0.030612727272727274
-0.03780363636363636
0.08896181818181817
0.06019818181818181
-0.031845454545454545
0.21798727272727272
-0.033489090909090906
-0.02486
0.16477454545454545
-0.05629454545454545
-0.04869272727272727
0.0339
0.034310909090909086
0.05814363636363636
0.16354181818181818
0.027530909090909092
0.04047454545454546
0.06307454545454545
-0.062458181818181815
0.060609090909090904
0.05054181818181818
-0.11752
-0.09512545454545453
-0.002670909090909091
-0.057527272727272726
0.16908909090909088
0.12347818181818182
0.04417272727272727
0.21696000000000001
-0.13087454545454547
-0.060609090909090904
0.1577890909090909
-0.17155454545454543
-0.09882363636363636
0.12882
-0.10745272727272726
0.11382181818181818
0.2613381818181818
0.12183454545454545
0.32400181818181817
0.10724727272727272
-0.055678181818181814
0.12388909090909091
0.03985818181818182
-0.11053454545454545
0.024243636363636363
0.02650363636363636
-0.1374490909090909
0.07170363636363636
0.05444545454545455
-0.07560727272727272
0.10950727272727273
0.041912727272727275
-0.012532727272727272
0.08690727272727272
0.013765454545454546
-0.05341818181818182
0.12676545454545454
0.013149090909090907
0.02979090909090909
0.1292309090909091
-0.11977999999999998
0.06964909090909091
0.09718
-0.06040363636363636
0.031639999999999995
-0.027120000000000002
-0.06553999999999999
0.14032545454545453
0.06903272727272727
-0.05054181818181818
0.11320545454545454
0.09060545454545453
-0.07704545454545454
0.0020545454545454547
0.05732181818181818
-0.1744309090909091
0.05793818181818181
0.06944363636363636
-0.0967690909090909
0.21408363636363634
0.11895818181818181
-0.031229090909090908
0.14381818181818182
0.02116181818181818
-0.20114
0.10046727272727272
-0.03328363636363636
-0.17299272727272727
0.11690363636363636
-0.08320909090909091
-0.029585454545454543
0.1781290909090909
0.0226
0.17011636363636362
0.3079763636363636
-0.07745636363636363
-0.06492363636363636
0.043556363636363636
-0.06225272727272727
-0.15819999999999998
0.16189818181818183
-0.10539818181818181
-0.05177454545454545
0.37125636363636366
-0.23380727272727272
0.4612454545454545
0.06225272727272727
-0.05937636363636363
0.30427818181818184
-0.16354181818181818
-0.0069854545454545456
-0.030612727272727274
0.27695272727272724
-0.2500381818181818
0.18162181818181816
0.015203636363636362
-0.11361636363636363
0.27243272727272727
-0.09019454545454544
0.08711272727272727
0.02034
0.17032181818181816
-0.2364781818181818
0.3716672727272727
-0.10149454545454545
-0.07848363636363635
0.39118545454545456
-0.3424927272727272
0.07334727272727272
-0.11998545454545453
0.07930545454545455
-0.11423272727272726
0.09286545454545453
-0.05485636363636363
0.08238727272727273
0.20771454545454546
-0.08711272727272727
0.3215363636363636
-0.16970545454545455
0.21757636363636362
-0.019312727272727273
-0.009656363636363637
-0.06636181818181817
-0.007601818181818181
-0.019518181818181816
-0.15532363636363636
0.24428545454545453
-0.18634727272727272
0.2771581818181818
0.08485272727272727
0.03780363636363636
-0.041912727272727275
0.08690727272727272
-0.05526727272727273
-0.16210363636363637
0.2097690909090909
-0.2901018181818181
0.16128181818181817
-0.09923454545454545
0.05793818181818181
0.044994545454545454
0.009861818181818182
0.08259272727272728
-0.05896545454545454
0.15922727272727272
-0.16621272727272726
0.1631309090909091
-0.06512909090909091
0.14710545454545454
0.04787090909090909
0.02034
0.12224545454545453
0.00041090909090909085
0.2177818181818182
-0.13724363636363635
0.17751272727272727
0.041707272727272725
0.02403818181818182
0.047665454545454546
-0.007807272727272727
0.10663090909090908
0.031229090909090908
0.012943636363636362
0.06718363636363636
0.15635090909090907
-0.18121090909090906
0.07478545454545454
0.07478545454545454
-0.06163636363636363
0.05629454545454545
0.07951090909090908
-0.016847272727272728
0.02527090909090909
0.1610763636363636
-0.14176363636363634
0.06882727272727272
-0.022805454545454542
-0.029996363636363634
-0.05485636363636363
-0.08629090909090908
-0.034927272727272723
-0.0067800000000000004
0.22764363636363635
-0.08998909090909091
0.28599272727272723
0.11834181818181817
0.019518181818181816
0.18922363636363634
-0.05814363636363636
0.07108727272727272
-0.01808
-0.0727309090909091
-0.0447890909090909
-0.03225636363636363
-0.13642181818181817
0.2136727272727273
0.05444545454545455
0.03410545454545454
0.1415581818181818
-0.04437818181818182
0.08218181818181818
-0.08094909090909091
0.06656727272727272
-0.07334727272727272
0.06800545454545455
0.010889090909090909
-0.11156181818181818
0.23545090909090907
-0.04314545454545454
0.00041090909090909085
0.13457272727272726
-0.08772909090909091
-0.07149818181818181
0.13087454545454547
-0.030407272727272724
0.052390909090909085
0.07006
-0.04787090909090909
0.18614181818181816
0.06492363636363636
0.10416545454545453
0.09615272727272728
0.045816363636363634
0.06738909090909091
0.059787272727272724
0.03657090909090909
0.0113
0.10806909090909089
0.03616
0.038419999999999996
0.06266363636363637
0.03944727272727273
-0.06677272727272728
0.07047090909090908
-0.1224509090909091
-0.19292181818181817
0.08341454545454545
-0.1411472727272727
0.06410181818181818
0.09307090909090908
-0.05855454545454545
0.15984363636363638
0.1296418181818182
0.00945090909090909
0.09779636363636364
0.058349090909090906
-0.09122181818181817
0.029174545454545453
0.13128545454545454
-0.11443818181818181
-0.06944363636363636
0.09265999999999999
-0.008834545454545454
0.13642181818181817
0.05608909090909091
0.06636181818181817
0.14874909090909091
0.009656363636363637
-0.11977999999999998
0.13025818181818183
0.054034545454545446
-0.14854363636363635
0.25394181818181816
-0.04930909090909091
-0.039241818181818176
0.14340727272727272
0.001849090909090909
0.008012727272727272
-0.005958181818181818
-0.13888727272727272
-0.07232
0.1871690909090909
-0.15429636363636362
0.19415454545454544
0.1826490909090909
-0.010683636363636364
0.19230545454545456
0.0339
-0.06718363636363636
-0.13868181818181818
0.18840181818181817
-0.14279090909090908
0.022805454545454542
0.06512909090909091
-0.19662
0.24839454545454545
0.06081454545454545
-0.049925454545454544
0.0749909090909091
0.10211090909090909
-0.011505454545454544
0.16436363636363635
0.03636545454545455
0.029585454545454543
0.17648545454545456
-0.05711636363636363
0.05054181818181818
0.04458363636363636
-0.027325454545454545
-0.08526363636363636
0.15367999999999998
-0.09820727272727273
-0.07930545454545455
0.11526
-0.11793090909090909
0.19703090909090906
0.11341090909090909
0.012327272727272727
0.08136
0.04211818181818182
-0.07889454545454545
0.030407272727272724
-0.0012327272727272727
-0.17176
0.09348181818181817
0.03225636363636363
0.029585454545454543
0.17854
0.08814
0.11977999999999998
0.22867090909090906
-0.009245454545454545
-0.01849090909090909
0.11053454545454545
-0.1678563636363636
-0.06081454545454545
0.09101636363636363
-0.19312727272727273
0.018285454545454546
0.12512181818181817
0.03205090909090909
0.10416545454545453
0.05115818181818182
0.11135636363636363
0.03451636363636364
0.06553999999999999
-0.08834545454545455
0.22086363636363635
0.007807272727272727
-0.11916363636363636
0.2816781818181818
-0.09450909090909092
-0.0010272727272727274
0.02218909090909091
0.10313818181818181
-0.2958545454545454
-0.0069854545454545456
0.061841818181818185
-0.1296418181818182
0.2825
-0.17093818181818182
0.30530545454545455
0.031639999999999995
-0.0447890909090909
0.15902181818181815
-0.11690363636363636
0.16744545454545454
-0.10272727272727272
0.06738909090909091
0.03246181818181818
0.03985818181818182
0.2346290909090909
0.06512909090909091
-0.04889818181818182
0.14361272727272725
-0.06019818181818181
-0.03944727272727273
0.14279090909090908
-0.26976181818181816
0.17895090909090908
-0.20545454545454545
-0.10601454545454544
0.18799090909090907
-0.14012
0.1532690909090909
0.09122181818181817
0.10950727272727273
-0.08259272727272728
0.10519272727272726
0.01725818181818182
-0.06471818181818181
0.08259272727272728
-0.09122181818181817
0.016847272727272728
0.1555290909090909
0.10396
0.01849090909090909
0.23093090909090908
-0.11115090909090909
-0.006163636363636363
0.1921
-0.08382545454545455
0.1058090909090909
0.13272363636363635
0.04437818181818182
0.05691090909090909
0.06101999999999999
-0.03451636363636364
0.14505090909090906
-0.04437818181818182
-0.10087818181818181
0.08115454545454545
-0.10683636363636365
0.012532727272727272
0.07930545454545455
0.09245454545454544
0.06369090909090909
0.13642181818181817
-0.04972
-0.013354545454545456
0.0990290909090909
-0.09718
0.04540545454545454
-0.09060545454545453
-0.003698181818181818
0.16662363636363633
0.14053090909090907
0.17196545454545456
0.18778545454545456
0.14874909090909091
0.02486
0.05218545454545454
0.0008218181818181817
-0.03944727272727273
-0.07704545454545454
-0.02444909090909091
-0.04787090909090909
-0.02362727272727273
-0.040063636363636364
0.07252545454545453
0.10457636363636363
-0.11012363636363637
0.1808
-0.08546909090909091
-0.12080727272727272
0.18121090909090906
-0.014381818181818181
-0.042734545454545456
0.05547272727272727
0.07047090909090908
0.019107272727272726
0.009656363636363637
-0.03965272727272728
0.04294
0.1337509090909091
0.03307818181818182
-0.05218545454545454
0.024243636363636363
0.037598181818181815
0.03225636363636363
0.12224545454545453
0.036776363636363635
-0.054240000000000003
0.17956727272727271
0.08793454545454545
-0.11854727272727272
0.15532363636363636
0.02444909090909091
-0.13046363636363634
0.13827090909090908
-0.011916363636363636
0.08341454545454545
0.18429272727272727
-0.06040363636363636
0.030818181818181814
0.031639999999999995
-0.09738545454545454
-0.17073272727272726
0.15758363636363634
0.1012890909090909
-0.10293272727272727
0.18922363636363634
-0.005752727272727272
0.1510090909090909
0.3174272727272727
-0.05300727272727272
0.07827818181818182
0.06574545454545455
-0.18100545454545455
0.04746
-0.027941818181818182
-0.16559636363636362
0.12676545454545454
0.07047090909090908
0.013560000000000001
0.11382181818181818
0.03657090909090909
0.015819999999999997
0.14505090909090906
0.00862909090909091
-0.045610909090909084
0.11382181818181818
-0.09800181818181818
-0.019312727272727273
0.17751272727272727
-0.08896181818181817
-0.05198
0.21305636363636363
-0.07889454545454545
-0.00904
0.10457636363636363
-0.1125890909090909
0.13909272727272726
0.07314181818181818
-0.1088909090909091
0.07026545454545453
0.07519636363636363
-0.09800181818181818
0.17648545454545456
-0.03246181818181818
-0.15532363636363636
0.20771454545454546
-0.05773272727272727
0.033694545454545456
0.04437818181818182
0.08074363636363636
0.1994963636363636
0.08136
0.001438181818181818
0.016436363636363638
0.19908545454545457
-0.1744309090909091
0.02527090909090909
0.21716545454545452
-0.34783454545454545
0.0470490909090909
0.23257454545454545
-0.13621636363636364
0.14032545454545453
0.21038545454545451
0.038419999999999996
0.1836763636363636
0.0628690909090909
-0.09450909090909092
0.1296418181818182
-0.009861818181818182
-0.19456545454545454
0.10375454545454545
0.057527272727272726
-0.11998545454545453
0.17381454545454544
0.06636181818181817
-0.07067636363636363
0.028352727272727273
0.036776363636363635
0.06451272727272726
-0.09553636363636364
-0.04068
0.011505454545454544
0.12717636363636362
-0.02075090909090909
-0.015203636363636362
0.226
-0.07992181818181819
0.08300363636363636
0.22250727272727272
-0.013560000000000001
-0.0008218181818181817
0.055061818181818184
-0.0024654545454545454
0.0020545454545454547
-0.05896545454545454
-0.06636181818181817
0.1337509090909091
0.019518181818181816
-0.09204363636363636
0.0628690909090909
0.055678181818181814
-0.1610763636363636
0.06266363636363637
0.09964545454545454
-0.10930181818181818
0.08978363636363636
0.06040363636363636
0.027120000000000002
0.03780363636363636
-0.0012327272727272727
-0.029585454545454543
0.06677272727272728
-0.054034545454545446
-0.16703454545454544
0.06019818181818181
0.021367272727272728
0.01992909090909091
0.18244363636363634
0.0895781818181818
0.08937272727272727
0.21511090909090907
-0.0067800000000000004
0.15470727272727272
0.014998181818181817
-0.05485636363636363
0.10848000000000001
-0.1360109090909091
-0.01725818181818182
-0.05896545454545454
0.14484545454545456
0.06122545454545455
0.08834545454545455
0.17936181818181818
-0.027941818181818182
0.2120290909090909
-0.11587636363636362
0.04602181818181818
0.06081454545454545
-0.05958181818181818
0.1569672727272727
-0.07006
0.0678
-0.03780363636363636
-0.0024654545454545454
0.04828181818181818
0.03821454545454545
0.014176363636363636
-0.11217818181818182
0.12388909090909091
0.0764290909090909
0.009861818181818182
0.1088909090909091
0.08136
0.11916363636363636
0.17504727272727272
-0.07745636363636363
0.09389272727272728
0.0016436363636363634
-0.0918381818181818
0.19107272727272728
-0.11834181818181817
-0.008218181818181819
0.0565
0.12142363636363637
-0.025476363636363634
-0.04972
0.08279818181818181
-0.15306363636363635
0.09019454545454544
-0.14422909090909092
-0.09204363636363636
0.05218545454545454
-0.11012363636363637
0.10991818181818182
0.1499818181818182
0.057527272727272726
-0.0041090909090909095
0.15491272727272726
0.08136
-0.05855454545454545
0.02609272727272727
-0.005547272727272727
-0.041707272727272725
-0.00226
0.0041090909090909095
-0.013970909090909091
0.09574181818181818
0.10724727272727272
0.08978363636363636
0.06595090909090909
-0.05341818181818182
0.041912727272727275
0.16621272727272726
0.005752727272727272
-0.02486
0.19374363636363634
0.035749090909090904
0.002670909090909091
0.15676181818181817
0.09615272727272728
-0.07704545454545454
0.04232363636363636
-0.04889818181818182
-0.1939490909090909
-0.02979090909090909
-0.12902545454545453
0.20792
-0.03328363636363636
0.031229090909090908
0.08238727272727273
0.2572290909090909
0.07683999999999999
-0.04129636363636364
0.34516363636363634
-0.39303454545454547
0.2753090909090909
-0.20566
0.12799818181818182
0.014792727272727272
-0.1193690909090909
0.4824072727272727
-0.35091636363636364
0.27284363636363634
-0.39673272727272724
0.5085
-0.18490909090909088
-0.14258545454545454
0.5165127272727272
-0.5522618181818182
0.47994181818181814
-0.22045272727272727
0.32605636363636364
-0.1374490909090909
-0.07663454545454546
0.11772545454545454
-0.2120290909090909
0.2677072727272727
-0.2919509090909091
0.3607781818181818
0.042734545454545456
0.08033272727272728
-0.05773272727272727
0.22764363636363635
-0.1573781818181818
0.06327999999999999
0.19908545454545457
-0.3770090909090909
0.2732545454545454
-0.4856945454545455
0.3455745454545454
-0.025065454545454544
0.04232363636363636
0.23380727272727272
0.05547272727272727
0.3087981818181818
-0.19045636363636362
0.33201454545454545
-0.3168109090909091
0.08814
-0.036776363636363635
-0.06595090909090909
-0.006163636363636363
-0.07170363636363636
0.12532727272727273
0.019312727272727273
0.25291454545454545
-0.2970872727272727
0.30633272727272726
-0.005341818181818182
0.03965272727272728
0.04437818181818182
-0.09265999999999999
0.0805381818181818
-0.07211454545454546
0.20566
-0.2609272727272727
0.24202545454545452
-0.0895781818181818
-0.049925454545454544
0.12142363636363637
-0.16025454545454546
0.01705272727272727
-0.014381818181818181
0.17093818181818182
0.010067272727272725
0.26462545454545455
-0.1088909090909091
0.1939490909090909
0.17545818181818182
-0.1610763636363636
0.12265636363636362
-0.08115454545454545
0.056705454545454545
-0.008834545454545454
0.1415581818181818
-0.02362727272727273
0.07149818181818181
0.1744309090909091
-0.038625454545454546
0.11834181818181817
0.07601818181818182
-0.13087454545454547
0.05444545454545455
-0.048487272727272726
-0.24695636363636364
0.22579454545454544
-0.07375818181818182
0.08937272727272727
0.12347818181818182
-0.03554363636363636
0.1058090909090909
0.10087818181818181
0.07170363636363636
-0.15902181818181815
0.1631309090909091
-0.2183981818181818
0.014587272727272727
0.21408363636363634
-0.07437454545454546
0.15306363636363635
0.1524472727272727
0.02444909090909091
-0.055061818181818184
0.19559272727272728
-0.1017
0.07047090909090908
0.031639999999999995
-0.12594363636363634
0.17545818181818182
-0.054034545454545446
-0.021367272727272728
0.15819999999999998
0.030407272727272724
-0.20607090909090908
0.10375454545454545
-0.035954545454545454
-0.10827454545454546
0.10848000000000001
-0.026298181818181814
0.15409090909090908
0.02650363636363636
-0.021778181818181818
0.12553272727272727
0.060609090909090904
-0.10848000000000001
0.07006
0.02218909090909091
-0.21675454545454545
0.10991818181818182
0.12943636363636363
0.03020181818181818
0.15819999999999998
0.16580181818181816
0.07683999999999999
0.17956727272727271
0.00041090909090909085
-0.00226
0.1464890909090909
-0.19600363636363635
-0.027120000000000002
0.12368363636363637
-0.11526
0.018696363636363636
0.18881272727272727
-0.007601818181818181
0.05547272727272727
0.07683999999999999
-0.04047454545454546
0.04314545454545454
-0.05793818181818181
0.002670909090909091
0.06410181818181818
0.02116181818181818
-0.033489090909090906
0.10909636363636364
0.06369090909090909
-0.08485272727272727
0.24449090909090906
0.05280181818181818
-0.010683636363636364
0.13190181818181818
-0.010067272727272725
0.052390909090909085
-0.012943636363636362
0.10622
0.06348545454545454
0.023832727272727273
-0.008218181818181819
-0.023216363636363632
0.17463636363636362
-0.1397090909090909
0.0538290909090909
0.1415581818181818
-0.13272363636363635
0.025065454545454544
0.12984727272727273
-0.014176363636363636
-0.07725090909090909
0.1360109090909091
-0.18696363636363633
-0.005958181818181818
0.14032545454545453
-0.20627636363636362
0.03616
0.05300727272727272
-0.012532727272727272
0.13724363636363635
0.18429272727272727
-0.06821090909090909
0.19703090909090906
0.21141272727272728
-0.26072181818181817
-0.0339
-0.015819999999999997
-0.1721709090909091
0.018285454545454546
0.03533818181818182
-0.044994545454545454
0.20792
0.10868545454545453
0.1370381818181818
0.17771818181818183
-0.007807272727272727
0.1370381818181818
0.0764290909090909
-0.08567454545454545
-0.07519636363636363
0.08690727272727272
-0.15758363636363634
-0.00226
0.18347090909090907
-0.04889818181818182
0.12409454545454546
0.07704545454545454
0.10334363636363636
0.20792
-0.028558181818181816
-0.043350909090909086
0.14279090909090908
-0.10539818181818181
-0.09389272727272728
0.13580545454545453
-0.04437818181818182
-0.07807272727272727
0.11402727272727273
0.027736363636363635
-0.012943636363636362
0.19415454545454544
0.07725090909090909
0.15080363636363636
0.08279818181818181
0.014176363636363636
0.1668290909090909
0.014381818181818181
-0.0452
-0.004725454545454545
0.00904
-0.11752
-0.004930909090909091
0.06122545454545455
-0.02075090909090909
0.04972
0.09450909090909092
0.0470490909090909
0.13313454545454545
0.06492363636363636
-0.054240000000000003
0.15717272727272727
-0.13827090909090908
-0.12039636363636362
0.040063636363636364
-0.04109090909090909
-0.1370381818181818
0.008218181818181819
0.1653909090909091
-0.09861818181818181
0.19415454545454544
0.01171090909090909
-0.01849090909090909
0.06122545454545455
-0.1148490909090909
0.022805454545454542
0.010889090909090909
0.012943636363636362
-0.034310909090909086
0.23113636363636364
-0.0039036363636363635
-0.05177454545454545
0.29832
-0.02403818181818182
0.03225636363636363
0.15573454545454543
-0.113
0.11895818181818181
0.1524472727272727
-0.16703454545454544
0.13107999999999997
0.05855454545454545
-0.10539818181818181
0.06862181818181817
0.05773272727272727
0.01890181818181818
0.07396363636363636
0.02938
-0.11053454545454545
0.23832727272727272
-0.02218909090909091
-0.08546909090909091
0.18531999999999998
-0.019518181818181816
0.01705272727272727
0.07930545454545455
-0.030612727272727274
-0.2255890909090909
0.09245454545454544
-0.028147272727272726
-0.11567090909090909
0.27777454545454544
0.08074363636363636
0.11012363636363637
0.3277
0.0020545454545454547
0.1125890909090909
0.19189454545454546
-0.2592836363636364
0.057527272727272726
-0.028969090909090906
-0.19107272727272728
0.10868545454545453
0.038625454545454546
0.03718727272727273
0.10519272727272726
0.09245454545454544
-0.040063636363636364
0.17771818181818183
0.007807272727272727
-0.15532363636363636
0.08875636363636363
-0.08177090909090909
-0.05773272727272727
0.021778181818181818
-0.06697818181818181
0.13806545454545455
0.1881963636363636
-0.15142
0.09841272727272728
0.07478545454545454
-0.11053454545454545
0.17648545454545456
-0.01849090909090909
-0.10149454545454545
0.10498727272727272
0.13128545454545454
0.01808
0.1836763636363636
-0.029996363636363634
-0.0039036363636363635
0.11546545454545454
-0.1306690909090909
0.12758727272727272
-0.02609272727272727
0.09265999999999999
0.10622
0.08382545454545455
0.08526363636363636
0.05300727272727272
0.09923454545454545
-0.0010272727272727274
0.021778181818181818
-0.16888363636363635
-0.003698181818181818
-0.19518181818181818
0.1454618181818182
-0.08608545454545455
-0.11115090909090909
0.2740763636363636
-0.18881272727272727
0.2993472727272727
0.08711272727272727
0.08279818181818181
-0.008012727272727272
0.007601818181818181
0.12655999999999998
-0.16600727272727273
0.13888727272727272
-0.1148490909090909
0.14977636363636362
-0.005136363636363636
-0.009861818181818182
0.13642181818181817
0.02609272727272727
0.005752727272727272
-0.06225272727272727
0.13539454545454546
-0.15491272727272726
0.1881963636363636
0.0749909090909091
0.05280181818181818
0.17422545454545454
0.025065454545454544
0.08136
0.06553999999999999
-0.019312727272727273
-0.12861454545454545
0.03985818181818182
-0.25106545454545454
0.14587272727272727
0.021367272727272728
-0.17381454545454544
0.17011636363636362
0.05526727272727273
0.12450545454545454
0.10087818181818181
0.0447890909090909
-0.09265999999999999
0.10786363636363637
-0.056705454545454545
-0.010067272727272725
0.06471818181818181
-0.05362363636363636
0.20833090909090907
0.1341618181818182
0.02527090909090909
0.05054181818181818
0.19929090909090907
-0.03616
0.015203636363636362
0.09944
-0.11197272727272727
0.08341454545454545
0.1125890909090909
-0.06327999999999999
0.028969090909090906
-0.024654545454545453
-0.12224545454545453
0.11834181818181817
-0.09286545454545453
-0.11423272727272726
0.22209636363636362
0.09820727272727273
-0.08279818181818181
0.3106472727272727
0.05136363636363636
-0.09985090909090909
0.22764363636363635
-0.18552545454545455
0.0786890909090909
-0.01890181818181818
-0.16498
0.03513272727272727
0.11176727272727273
-0.06307454545454545
-0.024243636363636363
0.4665872727272727
-0.08444181818181817
0.12101272727272726
0.13785999999999998
-0.11135636363636363
-0.0678
-0.10971272727272725
0.07334727272727272
-0.20607090909090908
-0.010272727272727272
0.003287272727272727
0.23750545454545452
0.061841818181818185
0.005341818181818182
0.32317999999999997
0.02568181818181818
-0.07149818181818181
0.010478181818181819
0.09820727272727273
-0.22928727272727273
0.12532727272727273
0.04725454545454546
-0.052390909090909085
0.04417272727272727
-0.07540181818181818
0.1881963636363636
-0.05300727272727272
-0.06636181818181817
0.027941818181818182
0.19086727272727272
-0.07067636363636363
-0.006163636363636363
0.2664745454545454
0.08875636363636363
0.035749090909090904
0.07704545454545454
0.1325181818181818
-0.08464727272727272
0.1148490909090909
-0.0749909090909091
0.019518181818181816
0.09594727272727273
-0.1247109090909091
0.23236909090909091
0.09574181818181818
-0.02362727272727273
0.10622
0.08731818181818181
-0.14402363636363635
0.04684363636363636
-0.08772909090909091
-0.15491272727272726
0.1012890909090909
-0.08711272727272727
0.10539818181818181
0.06738909090909091
0.027120000000000002
0.059170909090909087
0.16292545454545454
-0.017463636363636362
-0.08711272727272727
0.20812545454545453
-0.11526
-0.05033636363636364
0.08588
-0.017874545454545452
0.08978363636363636
0.07601818181818182
-0.07992181818181819
0.10971272727272725
0.14566727272727273
-0.09492
0.07601818181818182
0.04972
-0.028558181818181816
0.11854727272727272
0.06512909090909091
-0.05526727272727273
0.20319454545454546
-0.01171090909090909
-0.10601454545454544
0.16189818181818183
-0.19230545454545456
0.04725454545454546
0.056705454545454545
-0.11053454545454545
0.10087818181818181
0.09718
0.08526363636363636
0.07889454545454545
0.06944363636363636
-0.08012727272727273
0.016025454545454544
-0.07540181818181818
-0.08218181818181818
0.05629454545454545
0.07088181818181817
0.0012327272727272727
0.25579090909090907
0.3870763636363636
0.005958181818181818
0.23380727272727272
0.02979090909090909
-0.008423636363636364
0.14073636363636363
-0.2455181818181818
-0.07026545454545453
0.05300727272727272
-0.1881963636363636
-0.052390909090909085
0.1577890909090909
-0.0402690909090909
0.09615272727272728
0.17114363636363633
-0.06903272727272727
-0.05732181818181818
0.07683999999999999
0.056705454545454545
0.013560000000000001
-0.012532727272727272
-0.08012727272727273
0.14566727272727273
-0.03944727272727273
-0.09471454545454545
0.15409090909090908
0.010272727272727272
-0.08156545454545455
0.03225636363636363
0.11238363636363637
-0.0008218181818181817
0.13806545454545455
0.10519272727272726
0.006574545454545454
0.14094181818181817
-0.011916363636363636
-0.034927272727272723
0.1865527272727273
-0.06841636363636364
-0.0063690909090909084
0.19066181818181818
-0.19682545454545455
0.12368363636363637
0.17114363636363633
-0.16395272727272728
0.052390909090909085
0.041912727272727275
-0.04930909090909091
-0.08074363636363636
-0.058349090909090906
-0.027530909090909092
0.055678181818181814
0.07458
-0.037598181818181815
0.16641818181818183
0.20812545454545453
0.04109090909090909
0.20093454545454545
0.1125890909090909
-0.00452
0.16046
-0.11505454545454545
-0.21963090909090907
0.08546909090909091
-0.013354545454545456
-0.005136363636363636
0.2391490909090909
-0.01890181818181818
0.14217454545454544
0.12347818181818182
-0.16128181818181817
0.21285090909090906
-0.02075090909090909
-0.055061818181818184
0.02034
-0.04540545454545454
-0.05793818181818181
-0.019107272727272726
0.23483454545454546
-0.10416545454545453
0.10396
0.1411472727272727
-0.09656363636363637
0.1623090909090909
0.06369090909090909
0.06574545454545455
0.13683272727272727
-0.1610763636363636
-0.07951090909090908
0.13477818181818182
-0.20894727272727273
-0.07622363636363635
0.01849090909090909
0.010683636363636364
-0.010067272727272725
0.00452
0.13950363636363636
0.00904
0.22456181818181817
0.0067800000000000004
0.13724363636363635
0.1257381818181818
-0.08998909090909091
0.22867090909090906
0.0113
-0.1088909090909091
0.008012727272727272
0.016436363636363638
-0.11361636363636363
0.08629090909090908
-0.003287272727272727
0.02198363636363636
0.21100181818181818
0.02116181818181818
0.16744545454545454
0.042529090909090905
-0.009861818181818182
-0.03616
0.07622363636363635
-0.05136363636363636
-0.1808
0.09574181818181818
0.005136363636363636
0.10806909090909089
0.07971636363636364
0.0069854545454545456
0.11341090909090909
0.15388545454545455
-0.06759454545454545
0.046432727272727264
0.06225272727272727
-0.14402363636363635
0.13107999999999997
0.015614545454545454
-0.03410545454545454
0.08197636363636364
0.1555290909090909
0.006163636363636363
0.0565
0.19970181818181817
0.01171090909090909
0.07663454545454546
0.031229090909090908
-0.032872727272727276
-0.012738181818181817
-0.040063636363636364
-0.07581272727272727
0.07581272727272727
0.006574545454545454
-0.06985454545454545
0.09923454545454545
-0.03780363636363636
-0.08423636363636364
0.1676509090909091
0.007807272727272727
-0.20216727272727272
0.20545454545454545
-0.07129272727272727
-0.06081454545454545
0.16251454545454544
-0.10930181818181818
0.18223818181818183
-0.08320909090909091
-0.09389272727272728
0.1370381818181818
-0.011505454545454544
0.014176363636363636
0.13272363636363635
0.21141272727272728
-0.012532727272727272
0.14710545454545454
0.20134545454545455
-0.059787272727272724
-0.02075090909090909
-0.0565
-0.20175636363636362
0.030612727272727274
-0.13107999999999997
-0.12224545454545453
0.2880472727272727
-0.008423636363636364
0.17751272727272727
0.28948545454545455
-0.04437818181818182
0.07683999999999999
0.1495709090909091
-0.09923454545454545
-0.041707272727272725
0.12306727272727273
-0.08855090909090908
0.10950727272727273
0.016436363636363638
-0.10252181818181817
0.18141636363636363
-0.010478181818181819
-0.030407272727272724
0.10272727272727272
-0.0113
-0.03800909090909091
0.13580545454545453
0.08423636363636364
-0.008423636363636364
0.1360109090909091
0.15203636363636364
0.11402727272727273
0.12655999999999998
-0.013765454545454546
0.007807272727272727
0.09265999999999999
-0.12984727272727273
0.07601818181818182
0.07026545454545453
-0.15532363636363636
0.12327272727272726
0.06553999999999999
-0.06656727272727272
0.02218909090909091
-0.012738181818181817
-0.05033636363636364
-0.0063690909090909084
-0.06574545454545455
-0.013765454545454546
0.08731818181818181
0.05732181818181818
0.08855090909090908
0.14135272727272727
0.04376181818181818
-0.06471818181818181
0.17648545454545456
0.028147272727272726
-0.20072909090909088
0.14587272727272727
-0.17011636363636362
-0.18244363636363634
0.33694545454545455
-0.1623090909090909
-0.010272727272727272
0.3778309090909091
-0.028969090909090906
-0.07293636363636363
0.1577890909090909
0.003287272727272727
-0.07190909090909091
0.1758690909090909
-0.06821090909090909
0.21983636363636364
0.05013090909090909
-0.2590781818181818
0.5226763636363636
0.12943636363636363
-0.4725454545454545
-0.031023636363636364
0.2342181818181818
-0.23483454545454546
-0.13272363636363635
0.13683272727272727
-0.026298181818181814
0.1573781818181818
-0.09081090909090908
0.10149454545454545
0.27859636363636364
-0.07355272727272727
0.019723636363636363
0.35954545454545456
-0.11587636363636362
-0.23997090909090907
0.30530545454545455
-0.17381454545454544
0.0918381818181818
0.2023727272727273
-0.08916727272727272
0.07026545454545453
0.030612727272727274
0.07314181818181818
0.08156545454545455
-0.08588
-0.13457272727272726
0.3408490909090909
-0.047665454545454546
-0.21285090909090906
0.2455181818181818
0.19641454545454545
-0.12327272727272726
-0.11957454545454545
0.07745636363636363
-0.09841272727272728
0.08875636363636363
-0.11998545454545453
0.11012363636363637
0.31434545454545454
-0.14053090909090907
0.15080363636363636
0.24572363636363637
-0.07786727272727272
-0.04746
0.12799818181818182
-0.08711272727272727
-0.01705272727272727
-0.10457636363636363
-0.10046727272727272
0.22949272727272724
0.04869272727272727
0.10642545454545453
0.2494218181818182
0.09101636363636363
-0.06595090909090909
0.11567090909090909
-0.06964909090909091
-0.22476727272727273
0.07047090909090908
0.013354545454545456
-0.061841818181818185
0.08259272727272728
-0.008012727272727272
0.047665454545454546
0.3743381818181818
-0.08629090909090908
0.05095272727272727
0.19908545454545457
-0.17155454545454543
0.08115454545454545
0.026298181818181814
-0.0805381818181818
-0.0113
0.05485636363636363
-0.11279454545454545
-0.0024654545454545454
-0.023216363636363632
-0.10519272727272726
0.17299272727272727
-0.02157272727272727
-0.0628690909090909
0.1686781818181818
0.08033272727272728
0.001849090909090909
0.29626545454545455
0.07745636363636363
-0.02034
0.09327636363636364
-0.05629454545454545
-0.0030818181818181817
-0.01725818181818182
-0.019107272727272726
0.006574545454545454
0.22764363636363635
-0.12121818181818181
-0.07211454545454546
0.3102363636363636
-0.04622727272727272
0.03616
0.05773272727272727
-0.12286181818181818
-0.07601818181818182
-0.00020545454545454542
-0.04746
0.09471454545454545
0.08259272727272728
-0.016025454545454544
0.14936545454545455
0.0895781818181818
0.07067636363636363
0.07170363636363636
0.1088909090909091
-0.049925454545454544
0.00862909090909091
0.009861818181818182
-0.08403090909090909
0.18634727272727272
0.08320909090909091
0.034927272727272723
0.07992181818181819
0.040063636363636364
0.026298181818181814
0.19333272727272727
0.01890181818181818
-0.06471818181818181
0.12368363636363637
-0.09450909090909092
0.07314181818181818
0.06204727272727273
-0.07375818181818182
0.061841818181818185
0.0041090909090909095
-0.11464363636363636
0.05115818181818182
0.12224545454545453
-0.08218181818181818
0.0538290909090909
0.07232
-0.010683636363636364
0.11608181818181817
0.04417272727272727
-0.04602181818181818
0.03965272727272728
-0.03718727272727273
-0.008423636363636364
-0.05937636363636363
-0.15655636363636363
0.3443418181818182
0.19785272727272726
-0.07232
0.12265636363636362
0.15347454545454545
0.23504
-0.17484181818181818
0.08505818181818181
0.23812181818181818
-0.2025781818181818
-0.3455745454545454
-0.12060181818181817
0.4513836363636364
-0.20401636363636363
-0.17422545454545454
0.32235818181818177
-0.04109090909090909
0.06430727272727273
-0.09697454545454545
0.1939490909090909
0.29277272727272724
-0.35399818181818177
-0.06040363636363636
0.14012
-0.028558181818181816
0.0020545454545454547
0.15614545454545453
0.08423636363636364
-0.18203272727272726
0.22764363636363635
0.28106181818181813
-0.1193690909090909
0.010889090909090909
0.18490909090909088
0.07786727272727272
-0.06266363636363637
-0.04869272727272727
0.2455181818181818
0.02527090909090909
-0.19086727272727272
0.06451272727272726
0.18182727272727273
0.08690727272727272
-0.20627636363636362
0.2609272727272727
0.21059090909090908
-0.17258181818181817
0.10848000000000001
0.09615272727272728
0.006574545454545454
-0.028558181818181816
-0.004725454545454545
-0.07786727272727272
-0.017463636363636362
-0.10334363636363636
-0.02013454545454545
0.19970181818181817
-0.0727309090909091
0.02527090909090909
0.27284363636363634
0.09101636363636363
-0.02013454545454545
0.13785999999999998
0.007396363636363636
-0.10293272727272727
-0.08711272727272727
-0.17052727272727272
0.03246181818181818
0.13498363636363636
-0.1499818181818182
0.08218181818181818
0.2635981818181818
-0.19785272727272726
0.16148727272727273
0.1894290909090909
-0.04787090909090909
0.1836763636363636
-0.04828181818181818
-0.0727309090909091
-0.08300363636363636
0.06553999999999999
-0.04828181818181818
0.045816363636363634
0.12676545454545454
-0.17895090909090908
0.3106472727272727
-0.11361636363636363
0.009861818181818182
0.28948545454545455
-0.07437454545454546
0.031639999999999995
-0.06985454545454545
0.12265636363636362
-0.18901818181818184
0.1464890909090909
-0.06081454545454545
-0.0402690909090909
0.3129072727272727
-0.27962363636363635
0.28948545454545455
0.15676181818181817
0.052390909090909085
0.26277636363636364
0.038625454545454546
0.06122545454545455
0.08875636363636363
0.018285454545454546
-0.08115454545454545
0.06985454545454545
-0.040063636363636364
-0.14484545454545456
0.0016436363636363634
0.08012727272727273
-0.10087818181818181
0.19312727272727273
0.15943272727272728
0.0113
0.2387381818181818
-0.09964545454545454
0.17484181818181818
0.01890181818181818
-0.18203272727272726
0.10149454545454545
-0.014381818181818181
-0.10519272727272726
-0.06389636363636363
0.1686781818181818
-0.09081090909090908
-0.04396727272727272
0.12594363636363634
-0.062458181818181815
0.015409090909090907
0.059787272727272724
-0.05280181818181818
0.17628
0.033489090909090906
-0.13457272727272726
0.3268781818181818
-0.05218545454545454
-0.06985454545454545
0.19888
0.015203636363636362
0.044994545454545454
0.023216363636363632
-0.003287272727272727
-0.05341818181818182
0.07786727272727272
-0.031845454545454545
-0.05280181818181818
0.0339
-0.10149454545454545
0.04232363636363636
0.15039272727272726
-0.13847636363636362
0.016847272727272728
0.22928727272727273
-0.13580545454545453
0.15162545454545454
0.20894727272727273
-0.03698181818181818
0.12655999999999998
0.06800545454545455
0.011094545454545454
0.00452
-0.10108363636363636
-0.02670909090909091
0.11156181818181818
-0.17093818181818182
-0.11505454545454545
0.23812181818181818
0.15080363636363636
-0.02403818181818182
0.16272
0.16703454545454544
-0.014792727272727272
0.17155454545454543
0.05280181818181818
-0.04602181818181818
0.0226
-0.13642181818181817
0.046432727272727264
0.09163272727272727
-0.09019454545454544
0.18449818181818184
0.22723272727272725
-0.04109090909090909
0.002876363636363636
0.09718
-0.04047454545454546
0.08115454545454545
-0.01849090909090909
-0.1721709090909091
0.14587272727272727
-0.09594727272727273
0.006163636363636363
0.19086727272727272
-0.09574181818181818
0.01890181818181818
0.05896545454545454
-0.039241818181818176
0.01664181818181818
0.06595090909090909
0.032667272727272725
0.16662363636363633
0.02938
-0.05465090909090909
0.1532690909090909
0.14443454545454545
-0.0010272727272727274
0.07108727272727272
0.08444181818181817
-0.17956727272727271
0.09286545454545453
0.0741690909090909
-0.001438181818181818
0.0895781818181818
-0.10396
0.09985090909090909
0.10991818181818182
-0.12553272727272727
-0.07334727272727272
0.08752363636363636
-0.07047090909090908
-0.09615272727272728
0.007601818181818181
-0.04437818181818182
0.04889818181818182
0.18778545454545456
0.13005272727272726
0.06636181818181817
0.05855454545454545
-0.014792727272727272
0.16806181818181817
0.00226
-0.0967690909090909
0.06019818181818181
-0.013765454545454546
0.005136363636363636
0.0016436363636363634
0.14094181818181817
0.028352727272727273
0.04930909090909091
0.1586109090909091
-0.1261490909090909
0.029174545454545453
0.08916727272727272
-0.040063636363636364
0.2147
0.03143454545454545
-0.11115090909090909
0.22086363636363635
0.05773272727272727
0.04458363636363636
0.0904
-0.16600727272727273
-0.07992181818181819
0.028969090909090906
-0.0470490909090909
-0.04684363636363636
0.08916727272727272
-0.034310909090909086
0.05526727272727273
0.23545090909090907
-0.028969090909090906
0.07026545454545453
0.19538727272727272
-0.04889818181818182
-0.041912727272727275
0.03246181818181818
-0.009656363636363637
0.14731090909090908
0.07232
-0.12738181818181818
0.14422909090909092
0.04889818181818182
-0.08197636363636364
0.2120290909090909
-0.016436363636363638
-0.06163636363636363
0.08855090909090908
-0.011916363636363636
0.09286545454545453
0.09738545454545454
-0.02218909090909091
0.04211818181818182
0.13539454545454546
-0.11752
-0.06081454545454545
0.13005272727272726
-0.03965272727272728
0.06040363636363636
0.10067272727272727
-0.02034
0.0895781818181818
0.17463636363636362
0.02403818181818182
0.03739272727272727
0.02403818181818182
-0.07930545454545455
-0.001849090909090909
-0.10622
-0.06595090909090909
0.09861818181818181
0.10149454545454545
0.10313818181818181
0.20812545454545453
0.10663090909090908
0.010272727272727272
0.2075090909090909
-0.01992909090909091
-0.1171090909090909
-0.04787090909090909
-0.10026181818181817
-0.016847272727272728
0.0
-0.01725818181818182
0.03698181818181818
0.16251454545454544
0.0020545454545454547
0.06862181818181817
0.13169636363636364
-0.027530909090909092
0.05341818181818182
0.04417272727272727
-0.05218545454545454
-0.028763636363636363
0.07909999999999999
-0.07149818181818181
0.027120000000000002
0.06040363636363636
-0.12019090909090908
0.06307454545454545
-0.013560000000000001
-0.015409090909090907
0.08156545454545455
-0.00226
0.08814
0.21901454545454546
0.10827454545454546
0.05855454545454545
0.15963818181818182
-0.00226
0.05629454545454545
0.10478181818181817
-0.07560727272727272
0.003698181818181818
0.11854727272727272
0.00452
-0.014792727272727272
0.18182727272727273
-0.010272727272727272
0.06348545454545454
0.11464363636363636
-0.14237999999999998
0.050747272727272724
-0.017463636363636362
-0.13827090909090908
0.021778181818181818
0.0628690909090909
0.014176363636363636
0.06512909090909091
0.1088909090909091
0.14587272727272727
0.20175636363636362
-0.0727309090909091
-0.032667272727272725
0.30284
-0.06492363636363636
-0.2896909090909091
0.10437090909090908
0.18306
0.02342181818181818
-0.10745272727272726
-0.02157272727272727
0.24469636363636363
0.09697454545454545
-0.14936545454545455
-0.00862909090909091
0.2623654545454545
-0.019312727272727273
-0.06307454545454545
0.16415818181818181
-0.10827454545454546
0.05341818181818182
0.10457636363636363
-0.15963818181818182
-0.006574545454545454
-0.03410545454545454
-0.16662363636363633
0.09882363636363636
0.07108727272727272
-0.01890181818181818
0.17114363636363633
0.04458363636363636
0.0067800000000000004
0.042734545454545456
-0.03636545454545455
0.003698181818181818
0.0904
0.07704545454545454
-0.07232
0.07396363636363636
0.1321072727272727
0.21018
0.22374
-0.03451636363636364
0.14566727272727273
0.13785999999999998
-0.013765454545454546
0.00020545454545454542
-0.007396363636363636
-0.08690727272727272
-0.07334727272727272
-0.09348181818181817
-0.05526727272727273
0.02342181818181818
-0.038625454545454546
0.22579454545454544
0.1296418181818182
-0.021367272727272728
0.05814363636363636
0.1088909090909091
0.09635818181818182
0.03307818181818182
0.046432727272727264
-0.015819999999999997
0.11977999999999998
0.009245454545454545
-0.09224909090909092
0.09019454545454544
0.08711272727272727
-0.0030818181818181817
-0.017874545454545452
0.012327272727272727
0.045816363636363634
-0.004725454545454545
0.019312727272727273
-0.0904
0.09512545454545453
0.14279090909090908
-0.21511090909090907
0.29647090909090906
-0.10416545454545453
-0.02034
0.2987309090909091
-0.15183090909090907
0.2414090909090909
0.07725090909090909
0.13847636363636362
-0.10642545454545453
-0.02198363636363636
0.08300363636363636
-0.19312727272727273
0.04417272727272727
-0.16662363636363633
-0.04746
-0.08074363636363636
0.03307818181818182
0.05198
0.23257454545454545
0.07108727272727272
0.02362727272727273
0.39118545454545456
-0.21572727272727274
0.11977999999999998
0.08875636363636363
-0.15039272727272726
0.01808
-0.09224909090909092
0.08279818181818181
0.18963454545454544
0.09964545454545454
0.06574545454545455
0.2149054545454545
0.05855454545454545
0.11341090909090909
0.02198363636363636
0.013560000000000001
-0.06677272727272728
-0.07355272727272727
0.029585454545454543
-0.15203636363636364
0.10950727272727273
0.012532727272727272
-0.0008218181818181817
0.11977999999999998
0.002876363636363636
0.059787272727272724
0.2194254545454545
-0.05013090909090909
0.0008218181818181817
0.20586545454545455
-0.12019090909090908
0.14094181818181817
0.04930909090909091
-0.01705272727272727
0.08341454545454545
-0.06595090909090909
-0.06985454545454545
0.07848363636363635
0.04314545454545454
-0.08629090909090908
0.25209272727272725
0.02670909090909091
0.010683636363636364
0.13025818181818183
-0.06410181818181818
0.02486
0.05465090909090909
-0.04232363636363636
-0.14607818181818183
-0.024243636363636363
0.056705454545454545
0.027736363636363635
0.11916363636363636
0.07108727272727272
0.06019818181818181
0.15388545454545455
-0.08444181818181817
0.1257381818181818
0.0940981818181818
-0.19251090909090907
-0.018285454545454546
-0.04458363636363636
-0.06122545454545455
-0.11197272727272727
0.11834181818181817
-0.03451636363636364
0.10827454545454546
0.12758727272727272
-0.16477454545454545
0.3924181818181818
-0.03965272727272728
-0.06327999999999999
0.18449818181818184
-0.08998909090909091
0.04068
0.20607090909090908
0.09492
-0.1479272727272727
0.2822945454545454
0.011505454545454544
0.014998181818181817
0.15922727272727272
-0.08197636363636364
0.15922727272727272
0.03328363636363636
-0.043556363636363636
-0.0016436363636363634
0.18449818181818184
-0.10950727272727273
0.01623090909090909
0.11115090909090909
-0.3055109090909091
0.04725454545454546
0.16498
-0.07683999999999999
0.031023636363636364
0.1645690909090909
-0.05033636363636364
0.18121090909090906
-0.012327272727272727
0.005547272727272727
0.3057163636363636
-0.23894363636363636
-0.04602181818181818
0.10642545454545453
-0.1341618181818182
-0.0402690909090909
0.13169636363636364
0.07848363636363635
0.03205090909090909
0.07252545454545453
0.06800545454545455
0.09265999999999999
0.08074363636363636
0.06595090909090909
-0.06040363636363636
0.04746
-0.15943272727272728
-0.04622727272727272
0.09081090909090908
-0.1713490909090909
0.16272
0.1284090909090909
-0.06019818181818181
0.1360109090909091
0.1577890909090909
-0.012738181818181817
0.07334727272727272
-0.04232363636363636
-0.06697818181818181
0.10498727272727272
-0.1758690909090909
0.010272727272727272
0.1808
-0.08875636363636363
0.04889818181818182
0.15306363636363635
-0.02568181818181818
0.020956363636363638
0.15491272727272726
0.06964909090909091
0.029585454545454543
0.1419690909090909
0.06533454545454545
0.10005636363636364
0.027120000000000002
0.007601818181818181
0.17176
-0.027530909090909092
-0.16662363636363633
0.06040363636363636
0.28681454545454543
-0.16724
0.11669818181818181
0.13087454545454547
-0.05341818181818182
0.2675018181818182
-0.4357690909090909
0.23565636363636364
0.12717636363636362
-0.33797272727272726
0.17607454545454546
-0.2025781818181818
0.1415581818181818
-0.022805454545454542
0.07108727272727272
0.17258181818181817
0.002876363636363636
0.2136727272727273
-0.014176363636363636
0.1397090909090909
0.06451272727272726
-0.07108727272727272
0.09163272727272727
-0.03020181818181818
-0.25085999999999997
0.18388181818181817
-0.007396363636363636
-0.10724727272727272
0.19127818181818182
0.0538290909090909
0.09718
-0.15819999999999998
0.09019454545454544
0.06101999999999999
0.1483381818181818
0.012943636363636362
-0.12635454545454544
0.30448363636363635
-0.027736363636363635
0.03410545454545454
0.12450545454545454
-0.012532727272727272
-0.12388909090909091
0.00904
-0.21860363636363636
-0.08998909090909091
0.17648545454545456
-0.12080727272727272
0.16949999999999998
0.09533090909090909
0.06821090909090909
0.08156545454545455
0.2512709090909091
0.0034927272727272728
-0.08136
0.1645690909090909
-0.20792
0.00862909090909091
0.10601454545454544
0.03472181818181818
0.0904
0.11793090909090909
-0.03944727272727273
0.18737454545454543
0.028147272727272726
-0.13354545454545455
0.29852545454545454
-0.09224909090909092
-0.02075090909090909
0.07458
-0.005958181818181818
0.09081090909090908
0.01725818181818182
0.003698181818181818
-0.05876
0.05115818181818182
-0.001849090909090909
0.06718363636363636
0.09081090909090908
-0.17360909090909088
0.22250727272727272
0.1532690909090909
-0.14402363636363635
0.16128181818181817
0.0016436363636363634
0.14628363636363637
-0.0067800000000000004
0.029996363636363634
0.00452
-0.01808
0.08115454545454545
-0.2572290909090909
0.4222090909090909
-0.08238727272727273
0.061841818181818185
0.3371509090909091
-0.29688181818181814
0.19908545454545457
-0.1723763636363636
-0.03143454545454545
0.12532727272727273
-0.10909636363636364
0.07930545454545455
0.03472181818181818
0.05218545454545454
0.10498727272727272
0.1411472727272727
0.11176727272727273
-0.07930545454545455
-0.1341618181818182
0.1370381818181818
-0.24264181818181818
0.07252545454545453
0.09204363636363636
-0.12861454545454545
0.19723636363636363
-0.12142363636363637
0.12491636363636363
0.04232363636363636
0.08362
0.02403818181818182
0.012532727272727272
0.1058090909090909
-0.056705454545454545
0.20381090909090907
0.04602181818181818
0.09471454545454545
0.03800909090909091
-0.007601818181818181
-0.05896545454545454
0.06821090909090909
-0.05896545454545454
-0.1125890909090909
0.20072909090909088
-0.08156545454545455
0.09615272727272728
0.0918381818181818
0.06595090909090909
0.06964909090909091
0.07683999999999999
0.02239454545454545
-0.06574545454545455
0.04889818181818182
-0.06985454545454545
0.09594727272727273
-0.11875272727272726
-0.030612727272727274
0.1957981818181818
0.0447890909090909
-0.03205090909090909
0.07971636363636364
0.12655999999999998
-0.05362363636363636
0.11074
-0.034310909090909086
0.03636545454545455
0.02342181818181818
-0.03739272727272727
0.17402
-0.003698181818181818
0.00041090909090909085
0.2153163636363636
0.12717636363636362
-0.1017
0.15121454545454543
0.09923454545454545
0.04211818181818182
0.027325454545454545
0.038625454545454546
0.11628727272727273
-0.14484545454545456
0.08731818181818181
-0.04068
-0.06595090909090909
0.027941818181818182
-0.14607818181818183
0.15367999999999998
-0.03903636363636363
-0.09450909090909092
0.40700545454545456
-0.024654545454545453
-0.041912727272727275
0.2833218181818182
-0.20319454545454546
0.08855090909090908
0.013765454545454546
-0.12019090909090908
0.1653909090909091
-0.08834545454545455
0.08711272727272727
0.14854363636363635
0.1766909090909091
0.13477818181818182
0.08156545454545455
0.1836763636363636
-0.12779272727272725
0.02239454545454545
0.09060545454545453
-0.2514763636363636
0.00226
-0.035749090909090904
-0.2255890909090909
0.17402
-0.04930909090909091
0.03307818181818182
0.23236909090909091
-0.13313454545454545
0.09594727272727273
0.07519636363636363
-0.06143090909090909
0.03616
0.11074
-0.042734545454545456
-0.04828181818181818
0.10231636363636364
-0.1397090909090909
0.08752363636363636
0.1994963636363636
-0.07663454545454546
0.09019454545454544
0.10745272727272726
-0.06553999999999999
0.19045636363636362
0.09779636363636364
-0.07951090909090908
0.11402727272727273
-0.03205090909090909
-0.012532727272727272
0.11567090909090909
0.03225636363636363
-0.029996363636363634
0.14094181818181817
0.10457636363636363
-0.08382545454545455
0.17196545454545456
0.12861454545454545
-0.06471818181818181
0.041912727272727275
-0.02444909090909091
-0.12758727272727272
0.11402727272727273
-0.04211818181818182
-0.03513272727272727
0.20278363636363633
-0.23668363636363635
0.18634727272727272
0.30366181818181814
-0.19970181818181817
0.2342181818181818
0.23955999999999997
-0.0565
0.07909999999999999
-0.06430727272727273
-0.04068
0.1292309090909091
-0.18059454545454545
0.05793818181818181
0.16662363636363633
-0.12984727272727273
-0.09841272727272728
0.3205090909090909
0.17771818181818183
-0.4236472727272727
0.2742818181818182
0.2950327272727273
-0.23832727272727272
0.01849090909090909
0.0226
0.09759090909090909
-0.00041090909090909085
-0.29688181818181814
0.004930909090909091
0.20771454545454546
-0.15080363636363636
0.02486
0.12265636363636362
-0.08998909090909091
0.13642181818181817
0.09985090909090909
0.047665454545454546
0.04150181818181818
-0.06327999999999999
0.03698181818181818
0.024243636363636363
-0.06738909090909091
0.0030818181818181817
0.019723636363636363
-0.027325454545454545
0.14340727272727272
0.3009909090909091
0.08218181818181818
-0.07992181818181819
0.18758
0.17093818181818182
-0.0741690909090909
-0.1292309090909091
-0.043350909090909086
0.1551181818181818
-0.019723636363636363
-0.18614181818181816
0.03821454545454545
0.2097690909090909
0.06451272727272726
0.03307818181818182
0.1962090909090909
0.11731454545454545
0.027530909090909092
-0.009861818181818182
0.11197272727272727
0.09081090909090908
-0.14669454545454544
0.00904
0.11895818181818181
-0.12450545454545454
-0.0041090909090909095
0.08115454545454545
-0.03533818181818182
0.043350909090909086
-0.012532727272727272
0.07149818181818181
-0.012121818181818182
0.043556363636363636
0.18696363636363633
0.06738909090909091
0.12450545454545454
-0.034927272727272723
0.12676545454545454
0.1962090909090909
-0.14566727272727273
0.0895781818181818
0.23709454545454545
-0.10848000000000001
-0.09450909090909092
0.013149090909090907
-0.03246181818181818
0.06410181818181818
-0.055678181818181814
-0.06307454545454545
-0.04232363636363636
-0.10108363636363636
-0.0565
0.06656727272727272
0.09697454545454545
-0.10519272727272726
0.02239454545454545
0.10704181818181817
0.002670909090909091
0.1631309090909091
0.11402727272727273
-0.05732181818181818
0.1216290909090909
0.06327999999999999
-0.05547272727272727
0.02670909090909091
0.01890181818181818
0.028763636363636363
0.028352727272727273
-0.09368727272727272
-0.07951090909090908
0.24284727272727274
0.017874545454545452
-0.05115818181818182
0.16806181818181817
-0.0039036363636363635
0.16559636363636362
0.10601454545454544
-0.07006
0.01849090909090909
0.026298181818181814
-0.06821090909090909
0.0030818181818181817
0.11423272727272726
0.020545454545454544
0.13395636363636362
0.16888363636363635
0.02075090909090909
0.06862181818181817
0.02301090909090909
-0.03636545454545455
0.1645690909090909
-0.08177090909090909
-0.08916727272727272
0.13313454545454545
-0.09615272727272728
0.08670181818181817
0.14053090909090907
-0.05054181818181818
0.016436363636363638
0.11669818181818181
0.05773272727272727
0.00041090909090909085
0.11074
0.05485636363636363
0.10498727272727272
0.043350909090909086
-0.07006
0.1374490909090909
0.09615272727272728
-0.07704545454545454
0.06204727272727273
-0.05793818181818181
-0.11012363636363637
0.21038545454545451
-0.031229090909090908
-0.06143090909090909
0.08711272727272727
0.03903636363636363
0.07047090909090908
-0.03328363636363636
-0.023216363636363632
0.04232363636363636
0.04376181818181818
-0.09553636363636364
0.02486
0.05341818181818182
-0.04910363636363636
0.027325454545454545
0.14340727272727272
0.06143090909090909
-0.08238727272727273
0.1370381818181818
-0.028763636363636363
-0.0008218181818181817
0.1193690909090909
-0.20114
0.02444909090909091
0.1360109090909091
-0.12491636363636363
0.2720218181818182
-0.0006163636363636364
0.02650363636363636
0.3406436363636363
-0.13005272727272726
0.04232363636363636
-0.07396363636363636
0.46453272727272726
-0.13498363636363636
-0.1808
0.3965272727272727
-0.39447272727272725
0.4195381818181818
-0.20833090909090907
-0.01808
0.10930181818181818
-0.5087054545454545
0.18531999999999998
-0.1321072727272727
0.06636181818181817
0.006574545454545454
0.19477090909090908
0.05896545454545454
0.02444909090909091
0.29277272727272724
0.16641818181818183
0.15347454545454545
-0.02568181818181818
0.017874545454545452
-0.001849090909090909
0.14053090909090907
-0.1758690909090909
0.2898963636363636
-0.10108363636363636
-0.1306690909090909
0.2504490909090909
-0.31352363636363634
0.1103290909090909
-0.10375454545454545
0.05732181818181818
-0.03513272727272727
0.02034
0.053212727272727266
0.0918381818181818
0.31414
-0.050747272727272724
0.16395272727272728
0.011505454545454544
-0.0016436363636363634
-0.014792727272727272
0.10026181818181817
-0.1012890909090909
0.15943272727272728
0.12429999999999998
-0.14731090909090908
0.2880472727272727
-0.14361272727272725
0.12121818181818181
0.12080727272727272
-0.12635454545454544
-0.13827090909090908
-0.023216363636363632
-0.05896545454545454
-0.050747272727272724
0.25435272727272723
0.007396363636363636
0.1999072727272727
0.12347818181818182
0.1370381818181818
0.13724363636363635
0.027941818181818182
-0.03965272727272728
-0.09964545454545454
0.01766909090909091
-0.26606363636363634
0.1351890909090909
0.16210363636363637
-0.1469
0.13334
-0.005341818181818182
-0.03020181818181818
0.08485272727272727
0.11135636363636363
-0.02342181818181818
-0.035954545454545454
-0.05937636363636363
0.06595090909090909
0.18963454545454544
-0.1356
0.13683272727272727
0.002670909090909091
-0.06759454545454545
-0.06410181818181818
0.057527272727272726
0.10087818181818181
-0.18552545454545455
0.2822945454545454
-0.07314181818181818
0.10293272727272727
0.18511454545454545
0.017463636363636362
0.33406909090909087
-0.15902181818181815
-0.01849090909090909
0.09923454545454545
-0.015614545454545454
-0.11053454545454545
0.07478545454545454
0.11279454545454545
-0.12080727272727272
0.14587272727272727
0.08772909090909091
0.0452
0.06903272727272727
0.007190909090909091
-0.07786727272727272
0.043556363636363636
-0.14464
0.028558181818181816
0.21572727272727274
-0.08156545454545455
0.17484181818181818
0.17258181818181817
0.0113
-0.023216363636363632
0.2681181818181818
-0.05937636363636363
-0.1261490909090909
0.19045636363636362
-0.08362
0.09450909090909092
0.07108727272727272
0.03965272727272728
0.0895781818181818
0.08670181818181817
-0.10108363636363636
0.07704545454545454
0.14566727272727273
-0.16128181818181817
0.17011636363636362
0.01664181818181818
-0.12019090909090908
0.11567090909090909
0.09533090909090909
-0.05732181818181818
0.08752363636363636
-0.02444909090909091
-0.12943636363636363
0.08834545454545455
-0.16066545454545456
0.01725818181818182
0.08814
0.005136363636363636
0.13107999999999997
0.09122181818181817
-0.06081454545454545
0.015614545454545454
0.10087818181818181
-0.17525272727272728
0.057527272727272726
0.03307818181818182
-0.06143090909090909
0.16662363636363633
0.14073636363636363
0.17628
0.22230181818181818
0.10190545454545454
0.031229090909090908
0.05691090909090909
-0.025476363636363634
-0.06738909090909091
-0.012532727272727272
-0.0918381818181818
-0.20216727272727272
0.1103290909090909
-0.03718727272727273
0.04746
0.18573090909090906
-0.08362
0.23154727272727274
-0.06163636363636363
-0.008012727272727272
0.11423272727272726
-0.10396
0.11382181818181818
0.043350909090909086
0.036776363636363635
-0.00020545454545454542
0.03985818181818182
0.13107999999999997
0.038625454545454546
-0.006163636363636363
0.12820363636363635
0.02362727272727273
0.09368727272727272
0.07601818181818182
-0.09368727272727272
0.20483818181818178
-0.03821454545454545
0.014176363636363636
0.09923454545454545
-0.06266363636363637
0.05177454545454545
0.06821090909090909
-0.0034927272727272728
-0.021778181818181818
0.17073272727272726
-0.03533818181818182
0.037598181818181815
0.09348181818181817
-0.07848363636363635
-0.03246181818181818
-0.004725454545454545
-0.038625454545454546
-0.06923818181818181
0.018285454545454546
-0.07108727272727272
0.028558181818181816
0.13724363636363635
0.08403090909090909
0.14381818181818182
0.24264181818181818
-0.007601818181818181
0.12142363636363637
0.08115454545454545
-0.25743454545454547
0.11957454545454545
-0.11012363636363637
-0.14607818181818183
0.11526
-0.02362727272727273
0.030612727272727274
0.22374
0.11875272727272726
-0.0024654545454545454
0.20853636363636363
-0.054240000000000003
0.08320909090909091
0.08259272727272728
-0.22476727272727273
0.04725454545454546
0.00862909090909091
-0.12902545454545453
0.0034927272727272728
0.14258545454545454
0.032667272727272725
0.07478545454545454
0.18634727272727272
0.06862181818181817
0.031229090909090908
0.08423636363636364
-0.016025454545454544
0.10149454545454545
0.03410545454545454
-0.14381818181818182
0.11238363636363637
-0.11053454545454545
0.0034927272727272728
0.15943272727272728
-0.06430727272727273
0.12039636363636362
0.16703454545454544
0.03246181818181818
0.11464363636363636
0.09759090909090909
-0.017874545454545452
0.07704545454545454
0.016847272727272728
-0.09224909090909092
-0.04684363636363636
0.05814363636363636
-0.15594
0.032667272727272725
0.12717636363636362
-0.13128545454545454
0.18984
0.1586109090909091
0.034927272727272723
0.08033272727272728
0.11772545454545454
-0.16477454545454545
-0.028969090909090906
0.05095272727272727
-0.24387454545454545
0.00945090909090909
-0.15224181818181817
0.07293636363636363
0.0895781818181818
-0.06923818181818181
0.08505818181818181
0.1370381818181818
0.08423636363636364
-0.05958181818181818
0.14012
-0.01992909090909091
0.04930909090909091
0.13107999999999997
-0.034927272727272723
0.004314545454545455
0.16046
0.03410545454545454
0.10026181818181817
0.14135272727272727
-0.11156181818181818
0.2582563636363636
-0.05958181818181818
-0.10848000000000001
0.22230181818181818
0.02198363636363636
-0.19826363636363634
-0.02979090909090909
0.1962090909090909
-0.20771454545454546
0.11094545454545454
0.10149454545454545
-0.041707272727272725
0.12902545454545453
-0.013354545454545456
0.12019090909090908
0.17032181818181816
0.013970909090909091
0.031229090909090908
0.22949272727272724
-0.06821090909090909
0.0006163636363636364
0.10108363636363636
-0.10642545454545453
-0.045816363636363634
0.019312727272727273
-0.08012727272727273
0.031639999999999995
0.1678563636363636
-0.03780363636363636
0.22004181818181817
0.05259636363636363
0.00862909090909091
0.17854
0.00862909090909091
-0.019723636363636363
-0.04972
-0.07375818181818182
-0.20504363636363634
0.1325181818181818
0.010272727272727272
-0.060609090909090904
0.23134181818181818
0.041912727272727275
0.09718
0.08814
-0.08074363636363636
0.020956363636363638
0.06595090909090909
-0.18634727272727272
0.062458181818181815
0.019107272727272726
-0.0967690909090909
0.13847636363636362
-0.015614545454545454
0.03307818181818182
-0.001438181818181818
0.11341090909090909
0.022805454545454542
0.05691090909090909
0.14053090909090907
-0.05485636363636363
0.07190909090909091
0.02650363636363636
0.12060181818181817
0.11094545454545454
0.013970909090909091
0.04068
0.10950727272727273
-0.06163636363636363
-0.06615636363636364
0.1682672727272727
-0.0010272727272727274
0.04150181818181818
0.0
-0.023216363636363632
0.1479272727272727
0.08855090909090908
-0.05280181818181818
0.02116181818181818
-0.01808
-0.07047090909090908
0.09656363636363637
-0.04725454545454546
0.028763636363636363
0.1314909090909091
0.16272
0.015819999999999997
0.06595090909090909
0.14854363636363635
-0.12039636363636362
0.17196545454545456
-0.04437818181818182
-0.1495709090909091
0.05341818181818182
-0.01890181818181818
0.06738909090909091
0.07149818181818181
0.040063636363636364
0.04068
0.16498
0.027325454545454545
0.035954545454545454
0.059787272727272724
-0.0678
0.06040363636363636
0.13498363636363636
-0.06985454545454545
-0.016847272727272728
0.14813272727272728
-0.02650363636363636
0.013560000000000001
-0.09307090909090908
-0.12779272727272725
0.016847272727272728
-0.01808
-0.11382181818181818
-0.0034927272727272728
0.14053090909090907
0.013149090909090907
0.21141272727272728
0.20566
-0.02403818181818182
0.14916
0.12019090909090908
-0.0967690909090909
0.13457272727272726
-0.055061818181818184
-0.12491636363636363
0.15819999999999998
-0.08505818181818181
0.020545454545454544
0.10231636363636364
0.01992909090909091
-0.016847272727272728
0.17710181818181817
-0.04910363636363636
-0.016025454545454544
0.1555290909090909
-0.15655636363636363
0.23668363636363635
-0.014587272727272727
-0.04787090909090909
0.08937272727272727
0.0628690909090909
0.07704545454545454
-0.007396363636363636
0.14566727272727273
-0.11608181818181817
0.23709454545454545
0.033489090909090906
-0.062458181818181815
0.23997090909090907
-0.0565
-0.005136363636363636
0.10416545454545453
-0.0402690909090909
-0.17771818181818183
0.14772181818181818
-0.1306690909090909
-0.04458363636363636
0.12861454545454545
0.038419999999999996
0.2670909090909091
0.0786890909090909
0.1076581818181818
0.09286545454545453
0.06225272727272727
-0.10437090909090908
0.04294
-0.02157272727272727
-0.1727872727272727
0.06204727272727273
-0.005547272727272727
0.0339
0.031845454545454545
0.10046727272727272
0.048487272727272726
0.06101999999999999
-0.025887272727272724
0.022805454545454542
0.11320545454545454
-0.07971636363636364
-0.0339
0.03780363636363636
-0.005958181818181818
-0.07232
0.2149054545454545
-0.0226
-0.030407272727272724
0.15039272727272726
-0.10683636363636365
0.11094545454545454
0.10457636363636363
0.01171090909090909
0.11135636363636363
0.15840545454545454
-0.040885454545454544
0.046432727272727264
0.12799818181818182
-0.05958181818181818
-0.00226
-0.007807272727272727
-0.07149818181818181
0.031229090909090908
0.08382545454545455
-0.0741690909090909
0.19764727272727273
0.04068
-0.12450545454545454
0.21634363636363635
-0.01623090909090909
-0.0470490909090909
0.13498363636363636
-0.06985454545454545
-0.1292309090909091
0.07129272727272727
0.031845454545454545
0.04684363636363636
0.19764727272727273
-0.05054181818181818
-0.007807272727272727
0.30900363636363637
-0.10334363636363636
-0.017463636363636362
0.2755145454545454
-0.17874545454545454
0.0226
0.034927272727272723
-0.007601818181818181
0.19641454545454545
-0.02116181818181818
-0.011505454545454544
0.01992909090909091
0.07190909090909091
-0.10663090909090908
0.20545454545454545
0.13477818181818182
-0.14607818181818183
0.21182363636363635
-0.009861818181818182
0.03739272727272727
0.11197272727272727
-0.08238727272727273
0.005136363636363636
0.06143090909090909
-0.21346727272727273
0.044994545454545454
0.16908909090909088
-0.1058090909090909
0.2584618181818182
0.19189454545454546
-0.1528581818181818
0.009861818181818182
0.17114363636363633
-0.08464727272727272
0.009245454545454545
-0.05896545454545454
-0.1247109090909091
0.29688181818181814
-0.004930909090909091
-0.009245454545454545
0.3720781818181818
0.11567090909090909
0.04725454545454546
0.2342181818181818
-0.08320909090909091
-0.0226
0.09368727272727272
-0.1216290909090909
-0.06533454545454545
-0.15881636363636362
-0.06430727272727273
0.03965272727272728
0.033694545454545456
-0.04109090909090909
0.08012727272727273
0.13354545454545455
-0.10745272727272726
0.13313454545454545
0.11156181818181818
-0.06410181818181818
0.08526363636363636
-0.015409090909090907
-0.07725090909090909
0.03903636363636363
-0.07149818181818181
0.020545454545454544
0.18778545454545456
-0.0470490909090909
0.03246181818181818
0.14012
0.04109090909090909
0.12594363636363634
0.03739272727272727
-0.05773272727272727
-0.003698181818181818
0.027120000000000002
0.04972
-0.013560000000000001
0.10930181818181818
0.00945090909090909
0.007807272727272727
0.2436690909090909
-0.10457636363636363
0.1337509090909091
0.17936181818181818
-0.1464890909090909
0.048487272727272726
-0.03965272727272728
-0.17566363636363633
0.00041090909090909085
0.06615636363636364
-0.18511454545454545
0.16580181818181816
0.12450545454545454
-0.0565
0.27181636363636363
0.05711636363636363
0.1296418181818182
0.18223818181818183
0.038419999999999996
0.050747272727272724
0.15470727272727272
0.028147272727272726
-0.0967690909090909
0.1419690909090909
-0.0016436363636363634
0.029585454545454543
0.09841272727272728
-0.09841272727272728
-0.01808
0.2368890909090909
-0.07047090909090908
-0.08156545454545455
0.22435636363636363
-0.12532727272727273
0.0805381818181818
-0.0006163636363636364
-0.14176363636363634
0.10971272727272725
-0.041912727272727275
-0.06389636363636363
0.11053454545454545
0.11854727272727272
-0.07047090909090908
0.15840545454545454
0.12368363636363637
-0.021367272727272728
0.05855454545454545
0.07149818181818181
-0.010067272727272725
-0.0967690909090909
-0.008218181818181819
-0.08875636363636363
0.03554363636363636
-0.0030818181818181817
0.06369090909090909
0.12142363636363637
-0.11731454545454545
0.13272363636363635
0.23257454545454545
0.021778181818181818
0.010889090909090909
0.052390909090909085
-0.02979090909090909
0.013354545454545456
-0.00452
-0.006163636363636363
0.038625454545454546
-0.07190909090909091
0.04068
0.07889454545454545
-0.002670909090909091
0.005752727272727272
0.20997454545454544
0.1374490909090909
-0.14751636363636364
0.10683636363636365
0.02218909090909091
0.014176363636363636
0.08629090909090908
-0.12676545454545454
0.07704545454545454
-0.031229090909090908
-0.028969090909090906
0.11053454545454545
0.054034545454545446
-0.0030818181818181817
0.0904
0.2120290909090909
-0.040063636363636364
0.08177090909090909
0.1532690909090909
-0.0016436363636363634
0.08074363636363636
0.08279818181818181
-0.029174545454545453
0.13909272727272726
0.11094545454545454
-0.031023636363636364
0.22538363636363634
-0.06492363636363636
-0.0010272727272727274
0.1962090909090909
-0.17710181818181817
-0.10806909090909089
0.015819999999999997
-0.025476363636363634
-0.12717636363636362
0.05855454545454545
0.013765454545454546
-0.055678181818181814
0.17628
-0.015614545454545454
0.042529090909090905
0.1623090909090909
-0.008012727272727272
0.11012363636363637
0.1148490909090909
-0.14340727272727272
0.13005272727272726
0.05999272727272727
-0.19662
0.10005636363636364
-0.03143454545454545
-0.1678563636363636
0.09574181818181818
0.13621636363636364
-0.09882363636363636
0.08074363636363636
0.21798727272727272
-0.0008218181818181817
0.08074363636363636
0.04150181818181818
0.0006163636363636364
0.14402363636363635
-0.11176727272727273
-0.12861454545454545
0.13313454545454545
-0.2459290909090909
-0.0069854545454545456
0.36509272727272724
-0.07581272727272727
0.07252545454545453
0.20381090909090907
0.01992909090909091
0.03657090909090909
-0.012738181818181817
0.006574545454545454
0.06348545454545454
-0.003287272727272727
0.010272727272727272
0.08156545454545455
-0.003287272727272727
-0.04068
0.23832727272727272
0.12717636363636362
-0.18285454545454544
0.17730727272727273
0.06040363636363636
-0.01808
0.18203272727272726
-0.07930545454545455
0.12635454545454544
0.06348545454545454
-0.004314545454545455
0.17956727272727271
-0.012738181818181817
-0.03985818181818182
0.0805381818181818
0.10950727272727273
-0.1325181818181818
0.06595090909090909
0.14032545454545453
-0.03698181818181818
0.06718363636363636
-0.0024654545454545454
0.011094545454545454
0.03965272727272728
-0.04622727272727272
-0.12676545454545454
0.03410545454545454
-0.07930545454545455
-0.02650363636363636
0.17710181818181817
-0.0016436363636363634
0.024654545454545453
0.1577890909090909
0.17956727272727271
-0.012327272727272727
0.07437454545454546
-0.00945090909090909
-0.05198
0.08588
-0.12820363636363635
0.02979090909090909
0.06677272727272728
0.013765454545454546
0.11074
0.09307090909090908
-0.08156545454545455
0.0918381818181818
0.17545818181818182
-0.12635454545454544
0.03225636363636363
-0.01766909090909091
0.05958181818181818
0.12491636363636363
0.02218909090909091
-0.003287272727272727
0.13621636363636364
0.07909999999999999
-0.16724
0.13621636363636364
-0.1329290909090909
-0.11526
0.17114363636363633
-0.04930909090909091
-0.026298181818181814
0.19025090909090905
0.09533090909090909
0.03205090909090909
0.23853272727272726
-0.003698181818181818
0.02403818181818182
0.08177090909090909
-0.030407272727272724
-0.027941818181818182
0.08115454545454545
-0.01890181818181818
-0.042734545454545456
0.18121090909090906
-0.10046727272727272
0.06307454545454545
0.031229090909090908
-0.08115454545454545
0.13334
-0.04458363636363636
-0.05136363636363636
0.0895781818181818
0.08156545454545455
0.031229090909090908
0.12635454545454544
0.02938
0.02691454545454545
0.059787272727272724
-0.016436363636363638
0.03554363636363636
0.07622363636363635
0.028763636363636363
0.05198
0.1682672727272727
-0.07848363636363635
0.06122545454545455
0.15635090909090907
-0.06143090909090909
0.0452
-0.042529090909090905
-0.11567090909090909
0.028147272727272726
0.051569090909090905
-0.0039036363636363635
0.18490909090909088
0.12019090909090908
0.11094545454545454
0.22353454545454546
0.08033272727272728
0.036776363636363635
-0.02403818181818182
-0.031229090909090908
-0.050747272727272724
-0.054240000000000003
-0.12861454545454545
0.051569090909090905
0.10868545454545453
-0.07601818181818182
0.08197636363636364
0.0904
0.041707272727272725
0.030407272727272724
0.11341090909090909
0.03328363636363636
-0.026298181818181814
0.00862909090909091
-0.03472181818181818
0.06697818181818181
-0.04602181818181818
0.014381818181818181
0.07889454545454545
-0.00020545454545454542
-0.05629454545454545
0.06512909090909091
0.11238363636363637
-0.08690727272727272
0.13087454545454547
0.11341090909090909
-0.07355272727272727
0.09553636363636364
0.18758
-0.03451636363636364
-0.027120000000000002
0.05711636363636363
-0.027325454545454545
0.0226
-0.06821090909090909
0.04807636363636364
0.10416545454545453
0.0008218181818181817
0.029585454545454543
0.12532727272727273
0.00904
-0.06101999999999999
0.10745272727272726
-0.11094545454545454
-0.059170909090909087
0.10067272727272727
-0.05732181818181818
0.039241818181818176
0.18737454545454543
0.02218909090909091
0.10642545454545453
0.17196545454545456
-0.04972
0.12203999999999998
0.09122181818181817
-0.1017
0.016847272727272728
0.05341818181818182
-0.038625454545454546
0.08156545454545455
0.06266363636363637
-0.007396363636363636
0.20011272727272728
0.043350909090909086
0.017874545454545452
0.14525636363636363
0.02403818181818182
0.08485272727272727
0.10272727272727272
-0.007190909090909091
0.005341818181818182
0.12902545454545453
-0.05115818181818182
-0.053212727272727266
0.10108363636363636
-0.10806909090909089
0.02444909090909091
-0.00452
-0.06759454545454545
0.15367999999999998
0.0024654545454545454
0.048487272727272726
0.08382545454545455
-0.10848000000000001
-0.05280181818181818
0.10375454545454545
0.11156181818181818
-0.06656727272727272
0.09656363636363637
0.15470727272727272
-0.005752727272727272
0.20483818181818178
0.10519272727272726
0.10005636363636364
0.1721709090909091
-0.04437818181818182
0.054240000000000003
-0.01664181818181818
-0.13847636363636362
-0.03883090909090909
-0.06553999999999999
-0.1573781818181818
-0.04869272727272727
0.07170363636363636
0.027120000000000002
0.06492363636363636
0.04068
0.01992909090909091
0.09450909090909092
0.04417272727272727
0.03225636363636363
0.07396363636363636
-0.014998181818181817
-0.00041090909090909085
0.059170909090909087
-0.04458363636363636
-0.02362727272727273
0.14669454545454544
0.07540181818181818
0.06923818181818181
0.1483381818181818
0.03410545454545454
0.10046727272727272
0.11382181818181818
-0.04150181818181818
0.051569090909090905
0.05177454545454545
-0.09224909090909092
0.08629090909090908
0.10437090909090908
-0.05280181818181818
0.07232
0.10601454545454544
0.02342181818181818
0.08752363636363636
0.05300727272727272
-0.02034
0.07540181818181818
-0.044994545454545454
-0.14525636363636363
0.04417272727272727
-0.016847272727272728
-0.1247109090909091
0.10375454545454545
0.04972
-0.08094909090909091
0.2568181818181818
0.11526
0.027736363636363635
0.32523454545454544
0.1076581818181818
-0.05732181818181818
0.0967690909090909
-0.05999272727272727
-0.08362
0.09861818181818181
-0.25538
0.06369090909090909
0.09820727272727273
-0.15039272727272726
0.11135636363636363
0.11916363636363636
0.09800181818181818
-0.019312727272727273
0.2658581818181818
-0.15491272727272726
-0.02568181818181818
0.1397090909090909
-0.2693509090909091
0.15409090909090908
-0.113
-0.013765454545454546
0.09492
-0.012738181818181817
0.16046
0.19826363636363634
0.05691090909090909
0.03698181818181818
0.2613381818181818
-0.035749090909090904
0.020956363636363638
-0.05732181818181818
-0.02609272727272727
0.01766909090909091
-0.16477454545454545
-0.09265999999999999
0.08752363636363636
0.08136
-0.04746
0.35276545454545455
-0.0008218181818181817
0.06512909090909091
0.28743090909090907
0.0447890909090909
0.02218909090909091
-0.009656363636363637
0.08731818181818181
-0.05732181818181818
0.10704181818181817
-0.14525636363636363
0.031845454545454545
0.12553272727272727
-0.08444181818181817
0.20545454545454545
0.059787272727272724
0.007601818181818181
0.08629090909090908
0.11074
-0.18614181818181816
-0.022805454545454542
0.019312727272727273
-0.07047090909090908
-0.016847272727272728
-0.07108727272727272
0.034310909090909086
-0.051569090909090905
0.12532727272727273
0.025065454545454544
0.1397090909090909
0.07519636363636363
0.03328363636363636
0.17422545454545454
-0.027736363636363635
0.05711636363636363
0.06266363636363637
0.07745636363636363
-0.09512545454545453
0.05177454545454545
0.028969090909090906
-0.06327999999999999
0.1370381818181818
-0.002876363636363636
0.001438181818181818
0.07909999999999999
-0.0030818181818181817
-0.027325454545454545
0.09800181818181818
-0.13436727272727272
0.027120000000000002
0.1125890909090909
-0.08711272727272727
0.06862181818181817
0.07478545454545454
0.04663818181818182
-0.05300727272727272
0.15881636363636362
0.07889454545454545
0.03780363636363636
0.14669454545454544
-0.007601818181818181
0.08875636363636363
0.01705272727272727
0.019518181818181816
0.09594727272727273
-0.041707272727272725
-0.17319818181818183
0.1125890909090909
0.04437818181818182
-0.05177454545454545
0.18737454545454543
0.08896181818181817
0.06903272727272727
0.09265999999999999
0.12286181818181818
0.0538290909090909
0.06574545454545455
-0.03554363636363636
0.018696363636363636
-0.041912727272727275
-0.21798727272727272
0.07581272727272727
0.08382545454545455
0.042734545454545456
0.08218181818181818
0.19025090909090905
-0.0039036363636363635
-0.019107272727272726
0.18758
-0.05136363636363636
-0.013765454545454546
-0.059787272727272724
-0.05485636363636363
0.08814
-0.056705454545454545
0.004725454545454545
0.22476727272727273
-0.04746
-0.017463636363636362
0.20607090909090908
-0.02444909090909091
0.058349090909090906
0.059170909090909087
0.04129636363636364
-0.016025454545454544
-0.0226
0.038625454545454546
0.11238363636363637
0.14464
-0.21449454545454544
0.030612727272727274
0.14094181818181817
-0.12758727272727272
0.059170909090909087
0.0918381818181818
-0.01890181818181818
0.07047090909090908
0.09944
0.02650363636363636
0.05485636363636363
0.02609272727272727
0.015819999999999997
-0.0024654545454545454
-0.11156181818181818
-0.0895781818181818
0.10231636363636364
0.07560727272727272
-0.030818181818181814
0.12388909090909091
0.045610909090909084
0.06553999999999999
0.14340727272727272
0.015614545454545454
0.001438181818181818
0.008834545454545454
0.049925454545454544
0.016847272727272728
0.04232363636363636
0.014176363636363636
0.12039636363636362
0.19785272727272726
-0.06348545454545454
0.055061818181818184
0.12265636363636362
-0.04622727272727272
0.07478545454545454
0.04150181818181818
-0.14402363636363635
0.006574545454545454
0.11690363636363636
-0.037598181818181815
0.07334727272727272
0.034310909090909086
-0.06307454545454545
0.14094181818181817
-0.14237999999999998
-0.14361272727272725
0.13128545454545454
-0.03533818181818182
0.03554363636363636
0.18758
0.05896545454545454
0.0024654545454545454
0.24962727272727273
0.12594363636363634
-0.030818181818181814
0.09265999999999999
-0.08834545454545455
0.030407272727272724
0.11977999999999998
-0.19066181818181818
0.08403090909090909
0.11690363636363636
-0.20997454545454544
0.1035490909090909
0.06430727272727273
-0.06821090909090909
0.05773272727272727
0.038419999999999996
-0.0020545454545454547
0.03718727272727273
0.09389272727272728
0.052390909090909085
0.2233290909090909
0.03636545454545455
-0.06471818181818181
0.12183454545454545
-0.10087818181818181
-0.04211818181818182
0.1653909090909091
-0.08320909090909091
-0.0226
0.19723636363636363
0.04068
0.2147
0.07458
-0.05033636363636364
0.13806545454545455
-0.031229090909090908
-0.07889454545454545
-0.023832727272727273
0.035749090909090904
-0.06533454545454545
0.09759090909090909
0.09985090909090909
-0.01890181818181818
0.23894363636363636
0.14587272727272727
0.03903636363636363
0.12429999999999998
-0.021778181818181818
-0.08403090909090909
0.06471818181818181
-0.1397090909090909
-0.04828181818181818
0.021367272727272728
-0.06697818181818181
0.09019454545454544
0.013354545454545456
0.017463636363636362
0.03143454545454545
0.11731454545454545
0.002876363636363636
0.007396363636363636
0.050747272727272724
-0.05362363636363636
0.11834181818181817
0.03616
-0.03718727272727273
0.029585454545454543
-0.01623090909090909
-0.015203636363636362
0.12943636363636363
-0.06101999999999999
-0.037598181818181815
0.24818909090909091
0.05814363636363636
0.01849090909090909
0.09019454545454544
0.09471454545454545
0.014381818181818181
0.06964909090909091
-0.025065454545454544
-0.11669818181818181
0.11752
-0.039241818181818176
-0.00041090909090909085
0.06451272727272726
-0.06882727272727272
0.15409090909090908
0.16888363636363635
-0.08177090909090909
0.14936545454545455
0.08711272727272727
-0.14525636363636363
0.10601454545454544
-0.012738181818181817
-0.039241818181818176
0.027941818181818182
0.03739272727272727
0.034927272727272723
0.07478545454545454
0.09492
-0.025887272727272724
0.19888
0.04047454545454546
-0.10375454545454545
0.1962090909090909
0.05177454545454545
-0.01849090909090909
0.17997818181818181
-0.08197636363636364
-0.026298181818181814
0.1360109090909091
-0.05218545454545454
0.10642545454545453
0.04725454545454546
-0.05280181818181818
0.058349090909090906
0.0895781818181818
-0.017463636363636362
0.05465090909090909
0.11443818181818181
-0.10519272727272726
0.07560727272727272
0.05341818181818182
-0.11341090909090909
0.002670909090909091
-0.03883090909090909
-0.07129272727272727
0.08814
0.01992909090909091
0.02034
0.2147
-0.002670909090909091
-0.031845454545454545
0.08197636363636364
-0.03698181818181818
0.01890181818181818
0.12882
-0.02218909090909091
0.07827818181818182
0.19189454545454546
0.07992181818181819
0.20812545454545453
0.09368727272727272
0.059170909090909087
0.11752
0.016847272727272728
-0.028352727272727273
-0.02609272727272727
-0.07293636363636363
-0.16600727272727273
-0.005136363636363636
-0.030407272727272724
-0.1261490909090909
0.008834545454545454
0.06697818181818181
0.07601818181818182
0.10478181818181817
0.07149818181818181
0.051569090909090905
0.11608181818181817
0.03985818181818182
0.07232
0.10437090909090908
-0.06923818181818181
0.008834545454545454
0.042529090909090905
-0.056705454545454545
0.01890181818181818
0.11423272727272726
0.035954545454545454
0.003698181818181818
0.08444181818181817
-0.008423636363636364
0.035749090909090904
0.05999272727272727
-0.08649636363636364
0.059170909090909087
0.06389636363636363
-0.053212727272727266
0.12121818181818181
0.07827818181818182
-0.013765454545454546
0.12820363636363635
0.030407272727272724
-0.058349090909090906
0.09245454545454544
0.012943636363636362
-0.14443454545454545
-0.00904
0.01992909090909091
-0.12039636363636362
0.03821454545454545
0.038625454545454546
-0.05198
0.16292545454545454
0.06595090909090909
0.10293272727272727
0.30448363636363635
0.031229090909090908
0.08896181818181817
0.2097690909090909
-0.09163272727272727
0.012327272727272727
0.06656727272727272
-0.08690727272727272
0.06615636363636364
0.02034
-0.019518181818181816
0.04376181818181818
0.07129272727272727
0.05485636363636363
0.09450909090909092
0.11012363636363637
-0.11957454545454545
0.20072909090909088
0.06204727272727273
-0.22374
0.19230545454545456
-0.03739272727272727
-0.05177454545454545
0.15922727272727272
-0.032872727272727276
0.10991818181818182
0.21100181818181818
0.06430727272727273
0.06595090909090909
0.06636181818181817
-0.035749090909090904
0.0006163636363636364
0.08012727272727273
-0.1247109090909091
-0.07725090909090909
0.08485272727272727
-0.15409090909090908
0.07006
0.05937636363636363
-0.04684363636363636
0.2693509090909091
-0.006163636363636363
0.06903272727272727
0.19251090909090907
-0.08608545454545455
0.06738909090909091
0.09841272727272728
-0.08567454545454545
-0.03307818181818182
0.024243636363636363
-0.08177090909090909
-0.03636545454545455
0.08937272727272727
-0.03225636363636363
-0.014792727272727272
0.16929454545454545
-0.0226
0.08238727272727273
0.16025454545454546
-0.1296418181818182
0.08690727272727272
0.06636181818181817
-0.10108363636363636
-0.016436363636363638
-0.09738545454545454
-0.006574545454545454
0.0538290909090909
-0.035954545454545454
0.016025454545454544
0.0678
0.11854727272727272
0.15819999999999998
0.046432727272727264
0.12060181818181817
0.14607818181818183
0.05711636363636363
0.07704545454545454
0.0113
0.07745636363636363
-0.05711636363636363
0.030407272727272724
0.1865527272727273
-0.09594727272727273
0.062458181818181815
0.15121454545454543
-0.04314545454545454
0.02301090909090909
0.008012727272727272
-0.0727309090909091
0.011094545454545454
-0.004725454545454545
-0.09122181818181817
0.06923818181818181
0.13929818181818182
-0.03944727272727273
0.12224545454545453
0.16046
-0.06553999999999999
0.21634363636363635
0.13087454545454547
-0.10190545454545454
0.14566727272727273
0.05095272727272727
-0.09389272727272728
0.006574545454545454
0.0
-0.06964909090909091
0.0020545454545454547
-0.03225636363636363
-0.02362727272727273
0.1532690909090909
0.015203636363636362
0.04211818181818182
0.21326181818181816
-0.009245454545454545
0.06615636363636364
0.17011636363636362
-0.08505818181818181
0.02527090909090909
-0.028147272727272726
-0.24223090909090908
-0.00020545454545454542
0.01705272727272727
-0.08855090909090908
0.14977636363636362
0.09635818181818182
-0.029996363636363634
0.1935381818181818
0.02938
-0.019312727272727273
0.13025818181818183
-0.08094909090909091
0.0008218181818181817
0.07704545454545454
-0.03800909090909091
0.06615636363636364
0.09923454545454545
0.00945090909090909
0.03944727272727273
0.07047090909090908
0.04910363636363636
0.06800545454545455
0.07622363636363635
0.01664181818181818
0.05444545454545455
0.03739272727272727
-0.0452
0.14731090909090908
0.07909999999999999
-0.028558181818181816
0.12532727272727273
-0.05444545454545455
-0.04828181818181818
0.1464890909090909
0.011094545454545454
0.03246181818181818
0.04889818181818182
0.00862909090909091
0.1356
-0.027120000000000002
-0.07951090909090908
0.08012727272727273
-0.01705272727272727
-0.10909636363636364
-0.014792727272727272
0.051569090909090905
0.010478181818181819
0.07909999999999999
0.14484545454545456
0.09265999999999999
0.13457272727272726
0.13272363636363635
-0.003287272727272727
0.0727309090909091
0.013765454545454546
-0.05444545454545455
0.05218545454545454
-0.08320909090909091
-0.035749090909090904
0.06985454545454545
0.02527090909090909
0.040063636363636364
0.12203999999999998
0.058349090909090906
-0.0538290909090909
0.11834181818181817
0.06410181818181818
-0.15080363636363636
0.06738909090909091
0.0741690909090909
-0.06800545454545455
0.14135272727272727
-0.013970909090909091
0.014792727272727272
0.10149454545454545
-0.11690363636363636
-0.02301090909090909
-0.015819999999999997
-0.05444545454545455
0.008218181818181819
0.16580181818181816
-0.05937636363636363
0.07396363636363636
0.35708
0.03698181818181818
0.13477818181818182
0.06533454545454545
-0.04109090909090909
0.06944363636363636
-0.010478181818181819
-0.17052727272727272
0.061841818181818185
0.014792727272727272
-0.14772181818181818
0.18799090909090907
-0.06101999999999999
-0.03944727272727273
0.16703454545454544
0.002876363636363636
-0.09450909090909092
0.06307454545454545
0.03328363636363636
0.04129636363636364
0.1939490909090909
-0.044994545454545454
0.10416545454545453
0.10498727272727272
-0.035749090909090904
0.08136
0.12039636363636362
-0.12101272727272726
0.028147272727272726
0.14731090909090908
-0.14813272727272728
0.1483381818181818
0.06266363636363637
0.013765454545454546
0.0967690909090909
-0.047665454545454546
-0.0069854545454545456
0.04437818181818182
-0.005341818181818182
-0.0226
0.1727872727272727
-0.008218181818181819
0.09019454545454544
0.3139345454545454
0.11998545454545453
0.008834545454545454
0.1415581818181818
0.02938
-0.11957454545454545
0.028969090909090906
-0.1306690909090909
-0.05629454545454545
0.011505454545454544
-0.04787090909090909
0.05218545454545454
0.05773272727272727
-0.02486
0.16354181818181818
0.15121454545454543
-0.13354545454545455
0.17771818181818183
0.034927272727272723
-0.08649636363636364
0.08772909090909091
0.03903636363636363
0.024243636363636363
0.0447890909090909
0.09759090909090909
-0.06697818181818181
-0.0020545454545454547
-0.031639999999999995
0.0063690909090909084
0.12306727272727273
-0.0741690909090909
-0.07232
0.17525272727272728
0.040885454545454544
-0.01725818181818182
0.22415090909090907
-0.03205090909090909
0.0
0.08505818181818181
-0.10087818181818181
0.015203636363636362
0.08156545454545455
-0.04910363636363636
0.01664181818181818
0.0452
-0.06101999999999999
0.16025454545454546
0.0727309090909091
-0.02342181818181818
0.07540181818181818
-0.03513272727272727
-0.08731818181818181
0.0452
0.05485636363636363
-0.12368363636363637
0.15594
0.09718
-0.08793454545454545
0.16724
0.04602181818181818
-0.0041090909090909095
0.15450181818181818
-0.041912727272727275
-0.0226
0.16703454545454544
-0.07108727272727272
0.06759454545454545
0.1495709090909091
-0.035954545454545454
0.10252181818181817
0.1532690909090909
0.008834545454545454
0.009656363636363637
0.17710181818181817
-0.02609272727272727
0.034927272727272723
0.10930181818181818
-0.09964545454545454
0.08218181818181818
0.03718727272727273
-0.06348545454545454
0.045610909090909084
-0.0678
-0.011094545454545454
0.12861454545454545
-0.05444545454545455
0.0741690909090909
0.15039272727272726
-0.03246181818181818
0.1193690909090909
0.07909999999999999
-0.005958181818181818
0.04129636363636364
0.031845454545454545
0.018696363636363636
0.07889454545454545
0.10416545454545453
-0.0226
0.2142890909090909
0.16641818181818183
-0.08793454545454545
0.14895454545454545
0.014176363636363636
-0.06553999999999999
0.13128545454545454
-0.19107272727272728
-0.11731454545454545
0.049925454545454544
-0.11875272727272726
0.07971636363636364
0.005752727272727272
-0.09594727272727273
0.09964545454545454
0.08300363636363636
-0.09101636363636363
-0.003287272727272727
0.12861454545454545
-0.05218545454545454
-0.03780363636363636
0.07355272727272727
0.005752727272727272
0.009245454545454545
0.027120000000000002
0.027736363636363635
0.1284090909090909
0.025476363636363634
0.04602181818181818
0.21408363636363634
-0.007601818181818181
-0.028558181818181816
0.12697090909090908
0.04889818181818182
-0.04869272727272727
0.0538290909090909
0.019312727272727273
-0.02691454545454545
0.10375454545454545
0.0024654545454545454
0.003287272727272727
0.08279818181818181
0.020545454545454544
0.04437818181818182
0.14628363636363637
-0.062458181818181815
-0.0447890909090909
0.10827454545454546
-0.12265636363636362
0.02034
0.06553999999999999
-0.08074363636363636
0.12019090909090908
0.15203636363636364
-0.06410181818181818
0.11382181818181818
0.23771090909090908
-0.007396363636363636
0.15984363636363638
0.18778545454545456
-0.06533454545454545
0.07232
0.07807272727272727
-0.10642545454545453
0.06903272727272727
-0.034927272727272723
-0.10149454545454545
0.14073636363636363
-0.04437818181818182
0.013354545454545456
0.1337509090909091
0.023216363636363632
0.010067272727272725
0.06738909090909091
0.03451636363636364
-0.013354545454545456
0.0402690909090909
-0.08485272727272727
-0.03739272727272727
0.04869272727272727
-0.08464727272727272
0.022805454545454542
0.18799090909090907
-0.03410545454545454
0.1415581818181818
0.21346727272727273
-0.061841818181818185
0.10272727272727272
0.0339
-0.028969090909090906
0.012943636363636362
-0.04622727272727272
-0.10827454545454546
0.028969090909090906
-0.007396363636363636
-0.10519272727272726
0.24839454545454545
0.04972
-0.06615636363636364
0.18778545454545456
0.1284090909090909
0.08793454545454545
0.10909636363636364
0.007396363636363636
-0.001849090909090909
0.02568181818181818
-0.05259636363636363
0.031023636363636364
-0.0010272727272727274
-0.0041090909090909095
0.028147272727272726
0.1306690909090909
-0.005958181818181818
0.01766909090909091
0.21757636363636362
-0.10005636363636364
0.08793454545454545
0.059787272727272724
-0.10272727272727272
0.10005636363636364
-0.0008218181818181817
-0.11197272727272727
0.04684363636363636
0.06512909090909091
-0.031229090909090908
0.1415581818181818
0.028558181818181816
0.05732181818181818
0.08505818181818181
0.019312727272727273
0.06759454545454545
0.13847636363636362
0.02075090909090909
-0.0786890909090909
0.18881272727272727
-0.06738909090909091
0.02486
0.18018363636363635
-0.049925454545454544
0.04807636363636364
0.061841818181818185
-0.04869272727272727
0.042734545454545456
0.08403090909090909
-0.15183090909090907
0.04807636363636364
-0.05896545454545454
-0.2296981818181818
0.1370381818181818
0.1148490909090909
-0.09738545454545454
0.05629454545454545
0.09265999999999999
-0.11793090909090909
0.15943272727272728
0.07930545454545455
0.01849090909090909
0.1836763636363636
-0.027120000000000002
0.01849090909090909
0.11587636363636362
-0.005547272727272727
-0.02239454545454545
0.2116181818181818
-0.13580545454545453
-0.14299636363636362
0.17997818181818181
-0.02403818181818182
0.08444181818181817
0.1454618181818182
-0.013765454545454546
0.038419999999999996
0.18675818181818182
-0.04787090909090909
0.11793090909090909
0.09923454545454545
-0.20792
0.13107999999999997
-0.0940981818181818
-0.1366272727272727
0.21963090909090907
0.06307454545454545
-0.02301090909090909
0.17032181818181816
0.039241818181818176
-0.045610909090909084
0.18141636363636363
-0.012943636363636362
-0.09820727272727273
0.10149454545454545
-0.0113
-0.017463636363636362
0.21120727272727272
0.0006163636363636364
0.10745272727272726
0.10108363636363636
-0.17607454545454546
0.23134181818181818
0.0749909090909091
-0.10437090909090908
0.1586109090909091
0.028558181818181816
-0.08259272727272728
0.0628690909090909
0.07827818181818182
0.02075090909090909
0.07683999999999999
-0.06081454545454545
-0.08444181818181817
0.015409090909090907
-0.026298181818181814
0.05259636363636363
0.12512181818181817
-0.05629454545454545
0.0339
0.13621636363636364
-0.029585454545454543
0.09841272727272728
0.03739272727272727
-0.05855454545454545
-0.014998181818181817
-0.1076581818181818
-0.014998181818181817
0.08649636363636364
0.08505818181818181
0.02013454545454545
0.15080363636363636
0.09122181818181817
-0.08649636363636364
0.1962090909090909
0.0226
-0.06101999999999999
0.10642545454545453
-0.08444181818181817
0.020545454545454544
0.1035490909090909
0.025887272727272724
0.04889818181818182
0.1569672727272727
0.0565
-0.030407272727272724
0.11752
-0.02609272727272727
-0.0402690909090909
0.11608181818181817
-0.0940981818181818
0.013354545454545456
0.19970181818181817
-0.0452
0.06862181818181817
0.08403090909090909
-0.08998909090909091
-0.013560000000000001
-0.02301090909090909
-0.08690727272727272
0.07375818181818182
0.052390909090909085
-0.07601818181818182
0.22456181818181817
0.10971272727272725
0.04047454545454546
0.23113636363636364
0.043556363636363636
-0.06225272727272727
0.08711272727272727
0.017463636363636362
-0.14402363636363635
0.11464363636363636
-0.007807272727272727
-0.0470490909090909
0.07170363636363636
-0.06533454545454545
0.05691090909090909
0.11772545454545454
-0.03410545454545454
-0.02691454545454545
0.08423636363636364
-0.14237999999999998
0.08238727272727273
0.18059454545454545
-0.06471818181818181
0.11854727272727272
0.1035490909090909
-0.028763636363636363
0.030818181818181814
0.057527272727272726
-0.04602181818181818
0.13868181818181818
0.01664181818181818
-0.015614545454545454
0.15162545454545454
-0.059170909090909087
0.13395636363636362
0.13991454545454546
-0.040063636363636364
-0.023216363636363632
0.03225636363636363
-0.048487272727272726
-0.01725818181818182
0.059787272727272724
-0.04684363636363636
0.14710545454545454
0.17073272727272726
0.11608181818181817
0.16066545454545456
0.15819999999999998
0.003287272727272727
0.041912727272727275
-0.034927272727272723
-0.19744181818181816
0.04109090909090909
-0.08875636363636363
-0.061841818181818185
0.05362363636363636
-0.001849090909090909
-0.005136363636363636
0.09635818181818182
0.12861454545454545
-0.0012327272727272727
0.051569090909090905
0.0020545454545454547
0.023832727272727273
0.05999272727272727
0.012532727272727272
0.003287272727272727
0.07560727272727272
-0.03143454545454545
0.008218181818181819
0.18121090909090906
-0.03698181818181818
0.020545454545454544
0.046432727272727264
-0.007396363636363636
0.01171090909090909
0.060609090909090904
0.04417272727272727
0.005136363636363636
0.10642545454545453
-0.0967690909090909
0.02568181818181818
0.06595090909090909
-0.07211454545454546
0.10827454545454546
0.012738181818181817
-0.07725090909090909
0.13765454545454545
0.12409454545454546
-0.00862909090909091
0.1148490909090909
0.05937636363636363
-0.012532727272727272
0.0034927272727272728
-0.02157272727272727
-0.03410545454545454
0.033489090909090906
0.005958181818181818
-0.02609272727272727
0.17771818181818183
0.012532727272727272
0.007396363636363636
0.16970545454545455
-0.008423636363636364
0.06081454545454545
0.1247109090909091
-0.02979090909090909
0.062458181818181815
0.09163272727272727
-0.04376181818181818
0.06553999999999999
0.06697818181818181
0.00904
0.1012890909090909
0.08588
-0.03944727272727273
0.04458363636363636
0.0895781818181818
-0.09348181818181817
0.07848363636363635
0.12121818181818181
-0.08136
0.02198363636363636
0.040063636363636364
-0.0020545454545454547
0.031845454545454545
-0.06738909090909091
0.0008218181818181817
0.05896545454545454
-0.08567454545454545
0.10663090909090908
0.11854727272727272
-0.055678181818181814
0.09574181818181818
0.08362
-0.03636545454545455
0.03985818181818182
0.0452
-0.01849090909090909
0.10560363636363636
0.052390909090909085
0.04869272727272727
0.16641818181818183
0.028763636363636363
0.09142727272727272
0.22353454545454546
-0.053212727272727266
-0.04294
0.17525272727272728
-0.05814363636363636
-0.1216290909090909
-0.05773272727272727
-0.06821090909090909
-0.035749090909090904
0.05999272727272727
-0.033489090909090906
-0.011094545454545454
0.17422545454545454
-0.04396727272727272
0.17114363636363633
0.1035490909090909
-0.17484181818181818
0.20874181818181817
0.13231272727272728
-0.07663454545454546
0.08300363636363636
-0.0010272727272727274
-0.04684363636363636
0.10046727272727272
0.04540545454545454
0.016025454545454544
0.1058090909090909
0.1284090909090909
0.04396727272727272
0.07334727272727272
0.0063690909090909084
-0.033694545454545456
0.17032181818181816
-0.05732181818181818
-0.113
0.16415818181818181
-0.027530909090909092
0.001849090909090909
0.1374490909090909
-0.11115090909090909
0.005136363636363636
0.11094545454545454
-0.04232363636363636
0.012121818181818182
-0.05547272727272727
-0.15039272727272726
0.01171090909090909
0.06882727272727272
-0.15265272727272727
0.06862181818181817
0.17052727272727272
-0.10149454545454545
0.2748981818181818
0.17854
-0.07478545454545454
0.29544363636363635
0.17258181818181817
-0.08526363636363636
0.03780363636363636
0.005341818181818182
-0.10827454545454546
0.07149818181818181
-0.059787272727272724
-0.20812545454545453
0.15963818181818182
0.003287272727272727
-0.10046727272727272
0.24798363636363635
-0.001438181818181818
0.014381818181818181
0.25311999999999996
-0.01725818181818182
-0.00226
0.10498727272727272
-0.0786890909090909
0.05691090909090909
0.03985818181818182
-0.16272
0.1419690909090909
0.1216290909090909
-0.01849090909090909
0.19230545454545456
0.1125890909090909
-0.01849090909090909
0.16189818181818183
0.09060545454545453
-0.14094181818181817
0.11176727272727273
0.006574545454545454
-0.19127818181818182
0.08937272727272727
-0.001438181818181818
-0.006574545454545454
0.1840872727272727
0.07992181818181819
0.11464363636363636
0.20134545454545455
-0.0010272727272727274
0.07026545454545453
0.16970545454545455
-0.11156181818181818
-0.02362727272727273
0.04828181818181818
-0.09122181818181817
-0.012943636363636362
-0.019518181818181816
-0.06040363636363636
0.06677272727272728
0.038625454545454546
-0.0226
0.14217454545454544
0.013560000000000001
0.005752727272727272
0.12635454545454544
-0.06040363636363636
-0.06800545454545455
-0.005136363636363636
-0.060609090909090904
-0.07786727272727272
0.0063690909090909084
-0.04109090909090909
-0.01705272727272727
0.10786363636363637
0.04129636363636364
0.03513272727272727
0.13683272727272727
0.06266363636363637
0.041912727272727275
0.17504727272727272
-0.05547272727272727
0.06081454545454545
0.09759090909090909
-0.07704545454545454
0.11197272727272727
-0.04458363636363636
0.02239454545454545
0.07334727272727272
0.04684363636363636
0.07519636363636363
0.016847272727272728
0.06143090909090909
-0.03616
0.040885454545454544
-0.02403818181818182
-0.12820363636363635
0.04807636363636364
0.05465090909090909
-0.027530909090909092
0.15367999999999998
0.033694545454545456
0.005341818181818182
0.2582563636363636
-0.01171090909090909
0.06307454545454545
0.1668290909090909
-0.010272727272727272
0.04437818181818182
0.08793454545454545
-0.034927272727272723
0.0020545454545454547
0.13498363636363636
-0.09985090909090909
0.016436363636363638
0.05732181818181818
-0.013765454545454546
0.21408363636363634
0.1058090909090909
-0.03739272727272727
0.1292309090909091
0.14710545454545454
-0.034310909090909086
0.06327999999999999
-0.01992909090909091
-0.1171090909090909
0.012943636363636362
-0.09450909090909092
-0.1469
0.03533818181818182
0.05999272727272727
0.052390909090909085
0.13847636363636362
-0.03883090909090909
0.08423636363636364
0.1686781818181818
-0.07293636363636363
0.05793818181818181
0.026298181818181814
-0.12943636363636363
0.09122181818181817
0.10560363636363636
-0.0727309090909091
0.07745636363636363
0.041707272727272725
0.013560000000000001
0.12882
-0.049925454545454544
0.02568181818181818
0.08916727272727272
-0.036776363636363635
0.003698181818181818
0.0452
0.02691454545454545
0.03020181818181818
0.15203636363636364
0.02527090909090909
-0.09019454545454544
0.06964909090909091
-0.004725454545454545
0.013149090909090907
0.07375818181818182
-0.09574181818181818
0.09389272727272728
0.10046727272727272
-0.0006163636363636364
0.1962090909090909
-0.03205090909090909
-0.012943636363636362
0.08649636363636364
-0.08834545454545455
-0.023216363636363632
0.019312727272727273
0.01623090909090909
0.042529090909090905
0.21182363636363635
0.0727309090909091
-0.02670909090909091
0.20114
0.038419999999999996
0.0
0.045610909090909084
-0.09923454545454545
0.012943636363636362
0.10827454545454546
-0.09060545454545453
0.010067272727272725
0.16888363636363635
-0.009861818181818182
0.0904
0.15121454545454543
-0.07067636363636363
-0.013354545454545456
0.17689636363636363
-0.025476363636363634
-0.0069854545454545456
0.09019454545454544
-0.07827818181818182
0.1193690909090909
0.059170909090909087
-0.11505454545454545
0.048487272727272726
-0.02691454545454545
-0.1510090909090909
0.02342181818181818
-0.03903636363636363
-0.11649272727272726
0.18881272727272727
0.12594363636363634
0.04458363636363636
0.20216727272727272
0.09964545454545454
0.08567454545454545
0.21141272727272728
-0.04869272727272727
-0.09286545454545453
0.10806909090909089
-0.1321072727272727
-0.03657090909090909
0.13950363636363636
-0.10149454545454545
-0.04150181818181818
0.17977272727272728
-0.034927272727272723
0.013765454545454546
0.12286181818181818
-0.07971636363636364
0.12409454545454546
-0.0006163636363636364
-0.09019454545454544
0.1600490909090909
0.07190909090909091
-0.044994545454545454
0.08382545454545455
0.017463636363636362
-0.09450909090909092
0.12039636363636362
-0.042734545454545456
0.04972
0.16128181818181817
-0.034927272727272723
0.12594363636363634
0.19127818181818182
0.011916363636363636
-0.017463636363636362
0.07683999999999999
-0.11895818181818181
0.002670909090909091
0.05629454545454545
-0.08485272727272727
0.1012890909090909
0.11361636363636363
0.01890181818181818
0.18306
0.20627636363636362
-0.06430727272727273
0.17895090909090908
0.005958181818181818
-0.20792
0.05608909090909091
-0.1314909090909091
-0.07170363636363636
0.06081454545454545
-0.0008218181818181817
0.004930909090909091
0.11526
0.09820727272727273
0.10334363636363636
0.12224545454545453
-0.005547272727272727
0.034927272727272723
0.08074363636363636
-0.01890181818181818
-0.05876
0.12943636363636363
-0.017874545454545452
0.04951454545454545
0.08115454545454545
-0.14073636363636363
0.11628727272727273
0.07930545454545455
-0.0749909090909091
0.06595090909090909
0.10704181818181817
-0.07951090909090908
0.13025818181818183
0.11895818181818181
-0.13025818181818183
0.14073636363636363
0.058349090909090906
-0.06101999999999999
0.06656727272727272
-0.05547272727272727
-0.09779636363636364
0.13909272727272726
0.013354545454545456
-0.03739272727272727
0.15717272727272727
0.041707272727272725
0.010683636363636364
0.0967690909090909
0.019312727272727273
-0.10909636363636364
0.06615636363636364
-0.010683636363636364
-0.09512545454545453
0.0727309090909091
-0.001438181818181818
0.09245454545454544
0.10334363636363636
-0.06923818181818181
0.08793454545454545
0.1555290909090909
-0.06163636363636363
0.08629090909090908
0.06266363636363637
-0.054240000000000003
0.1148490909090909
-0.03739272727272727
0.009656363636363637
0.08444181818181817
-0.007601818181818181
0.10806909090909089
0.10231636363636364
0.0113
0.035749090909090904
0.09779636363636364
0.019107272727272726
-0.031845454545454545
0.06348545454545454
-0.007396363636363636
-0.03205090909090909
0.04602181818181818
-0.10149454545454545
0.05341818181818182
0.05485636363636363
-0.10149454545454545
0.2034
0.018696363636363636
-0.06410181818181818
0.2533254545454545
0.13128545454545454
-0.03020181818181818
0.055883636363636364
0.05691090909090909
-0.06081454545454545
0.05876
0.028558181818181816
0.038625454545454546
0.1781290909090909
0.01808
0.08855090909090908
0.19497636363636361
0.03616
0.04150181818181818
0.12183454545454545
-0.010272727272727272
-0.028352727272727273
0.022805454545454542
-0.06718363636363636
-0.07355272727272727
-0.07478545454545454
-0.07704545454545454
-0.01664181818181818
0.00020545454545454542
0.017463636363636362
0.08588
0.045816363636363634
-0.02301090909090909
0.08567454545454545
0.07992181818181819
-0.045610909090909084
0.09635818181818182
0.04869272727272727
-0.06410181818181818
0.046432727272727264
-0.042734545454545456
0.07026545454545453
0.10457636363636363
-0.033694545454545456
0.12779272727272725
0.10745272727272726
0.030407272727272724
0.06985454545454545
0.034927272727272723
-0.0727309090909091
-0.05711636363636363
0.08423636363636364
-0.08896181818181817
-0.054034545454545446
0.17792363636363634
0.01808
0.015203636363636362
0.08156545454545455
-0.02650363636363636
0.07540181818181818
0.025887272727272724
-0.05198
0.059170909090909087
-0.07786727272727272
-0.13087454545454547
0.15162545454545454
0.08403090909090909
-0.11854727272727272
0.20319454545454546
0.15922727272727272
-0.020956363636363638
0.22086363636363635
0.1631309090909091
0.04663818181818182
0.14484545454545456
0.031229090909090908
0.004314545454545455
0.07026545454545453
-0.11217818181818182
0.028763636363636363
0.13334
-0.12532727272727273
-0.06533454545454545
0.15717272727272727
-0.07108727272727272
0.010889090909090909
0.2147
-0.10560363636363636
0.09081090909090908
0.13847636363636362
-0.039241818181818176
0.08752363636363636
-0.01849090909090909
-0.09286545454545453
0.13272363636363635
-0.008423636363636364
-0.12697090909090908
0.29462181818181815
-0.004314545454545455
-0.034927272727272723
0.23524545454545454
-0.05259636363636363
-0.05033636363636364
0.15224181818181817
-0.006574545454545454
-0.16395272727272728
0.07581272727272727
-0.1374490909090909
0.005136363636363636
0.12512181818181817
-0.11587636363636362
0.15039272727272726
0.14669454545454544
0.05732181818181818
0.16148727272727273
0.10005636363636364
-0.03451636363636364
0.12861454545454545
0.01766909090909091
-0.07108727272727272
0.019107272727272726
-0.02218909090909091
-0.016436363636363638
-0.02034
-0.005136363636363636
-0.11341090909090909
0.1645690909090909
-0.02691454545454545
-0.03410545454545454
0.23380727272727272
-0.09697454545454545
0.08731818181818181
0.10868545454545453
-0.01623090909090909
-0.031845454545454545
0.006163636363636363
0.04951454545454545
0.05773272727272727
0.034927272727272723
-0.06574545454545455
0.12943636363636363
0.13621636363636364
-0.033489090909090906
0.0904
0.20072909090909088
-0.07786727272727272
0.08711272727272727
0.12183454545454545
-0.07396363636363636
0.08916727272727272
-0.005136363636363636
0.035749090909090904
0.04150181818181818
0.002876363636363636
0.09471454545454545
0.17628
0.028969090909090906
-0.0447890909090909
0.06574545454545455
-0.09492
-0.0628690909090909
0.05095272727272727
-0.1017
-0.08978363636363636
0.14340727272727272
-0.05218545454545454
0.015819999999999997
0.16498
-0.042529090909090905
0.1633363636363636
0.10067272727272727
-0.08670181818181817
0.07601818181818182
0.09019454545454544
-0.06143090909090909
0.053212727272727266
0.017874545454545452
-0.09800181818181818
0.08320909090909091
0.054240000000000003
-0.027530909090909092
0.09861818181818181
0.11443818181818181
-0.03780363636363636
0.1608709090909091
0.055678181818181814
-0.07355272727272727
0.15203636363636364
-0.03307818181818182
-0.01992909090909091
0.04129636363636364
-0.13868181818181818
-0.043556363636363636
0.04951454545454545
-0.054240000000000003
0.05711636363636363
0.14772181818181818
0.09779636363636364
0.09492
0.09101636363636363
0.001849090909090909
0.016436363636363638
0.13724363636363635
-0.05362363636363636
0.07170363636363636
0.025065454545454544
-0.0452
0.25394181818181816
0.007396363636363636
0.05773272727272727
0.1454618181818182
-0.014792727272727272
0.05814363636363636
0.050747272727272724
-0.018696363636363636
-0.029174545454545453
0.0402690909090909
-0.004725454545454545
0.001438181818181818
0.08074363636363636
0.005341818181818182
0.06451272727272726
0.16148727272727273
-0.06410181818181818
0.03554363636363636
0.10848000000000001
-0.04232363636363636
0.04889818181818182
-0.031229090909090908
0.08136
0.034927272727272723
-0.03800909090909091
0.033694545454545456
-0.050747272727272724
0.007601818181818181
-0.05999272727272727
0.06266363636363637
0.032667272727272725
-0.07951090909090908
0.1370381818181818
0.14073636363636363
0.05855454545454545
0.09019454545454544
0.09142727272727272
0.03451636363636364
-0.034310909090909086
0.013970909090909091
0.09882363636363636
-0.09019454545454544
-0.09759090909090909
0.07971636363636364
0.031639999999999995
-0.02239454545454545
0.06595090909090909
0.15984363636363638
-0.009245454545454545
-0.055883636363636364
0.0990290909090909
-0.01623090909090909
0.0006163636363636364
0.15080363636363636
-0.017874545454545452
0.06553999999999999
0.0741690909090909
0.07006
0.24510727272727273
-0.13005272727272726
-0.10704181818181817
0.1356
-0.04109090909090909
-0.05115818181818182
0.07334727272727272
0.08341454545454545
0.009245454545454545
0.15018727272727272
0.14607818181818183
0.0041090909090909095
0.1573781818181818
0.005341818181818182
-0.005136363636363636
0.0727309090909091
-0.22127454545454545
0.05115818181818182
0.09101636363636363
-0.08731818181818181
0.055678181818181814
-0.014381818181818181
-0.0069854545454545456
0.10806909090909089
0.08772909090909091
-0.05177454545454545
0.08875636363636363
0.08526363636363636
-0.04622727272727272
0.11238363636363637
0.035954545454545454
-0.06040363636363636
0.16189818181818183
0.001849090909090909
-0.15409090909090908
0.1631309090909091
-0.04746
0.011094545454545454
0.21408363636363634
-0.049925454545454544
0.028969090909090906
0.113
0.05793818181818181
0.037598181818181815
0.06595090909090909
-0.0805381818181818
0.019312727272727273
0.04458363636363636
-0.12368363636363637
0.08814
0.07951090909090908
0.009245454545454545
0.1999072727272727
0.2672963636363636
-0.027325454545454545
0.13642181818181817
0.14916
-0.11279454545454545
0.03205090909090909
-0.09471454545454545
-0.09286545454545453
-0.06101999999999999
-0.02609272727272727
0.027941818181818182
0.05608909090909091
0.05793818181818181
0.10334363636363636
0.18203272727272726
0.005752727272727272
0.07971636363636364
0.09800181818181818
0.012532727272727272
-0.01808
0.02444909090909091
-0.00862909090909091
-0.007396363636363636
0.06327999999999999
-0.01992909090909091
0.07725090909090909
-0.00452
0.03883090909090909
0.09964545454545454
-0.03533818181818182
0.04889818181818182
0.14751636363636364
0.003287272727272727
-0.055883636363636364
0.11895818181818181
-0.028558181818181816
-0.03821454545454545
0.11772545454545454
-0.004930909090909091
-0.11567090909090909
0.0538290909090909
0.08896181818181817
0.04437818181818182
0.05937636363636363
-0.08937272727272727
0.11957454545454545
0.11094545454545454
-0.11279454545454545
0.03965272727272728
0.07766181818181818
-0.10704181818181817
-0.0016436363636363634
0.061841818181818185
-0.1017
0.12532727272727273
0.1865527272727273
0.009245454545454545
0.07786727272727272
0.12984727272727273
0.05300727272727272
0.13991454545454546
0.06369090909090909
-0.07745636363636363
0.09492
-0.015203636363636362
-0.07663454545454546
0.16272
0.02239454545454545
-0.07807272727272727
0.1984690909090909
0.0020545454545454547
-0.030818181818181814
0.1962090909090909
-0.027736363636363635
0.05773272727272727
0.09635818181818182
-0.08403090909090909
0.029585454545454543
0.05773272727272727
-0.06862181818181817
0.02650363636363636
0.07232
-0.08382545454545455
0.04725454545454546
0.1397090909090909
0.02198363636363636
0.16724
0.08382545454545455
-0.13457272727272726
0.21059090909090908
0.0538290909090909
-0.16970545454545455
0.18531999999999998
0.015614545454545454
-0.01808
0.10087818181818181
0.021367272727272728
0.17422545454545454
0.14813272727272728
-0.0008218181818181817
0.0764290909090909
0.0727309090909091
-0.04294
0.02979090909090909
0.03616
-0.1247109090909091
-0.1017
-0.05937636363636363
-0.0904
0.04746
0.006163636363636363
0.003698181818181818
0.09697454545454545
0.008012727272727272
0.10087818181818181
0.17977272727272728
0.00452
-0.005136363636363636
0.17689636363636363
-0.031023636363636364
-0.06019818181818181
0.05814363636363636
-0.04417272727272727
0.055678181818181814
0.08485272727272727
0.09224909090909092
0.08033272727272728
0.1479272727272727
0.04540545454545454
0.06101999999999999
0.1171090909090909
-0.1321072727272727
0.048487272727272726
0.05814363636363636
-0.08259272727272728
0.05485636363636363
0.054240000000000003
-0.0402690909090909
0.0452
0.10704181818181817
0.011916363636363636
0.03800909090909091
0.10539818181818181
-0.05937636363636363
-0.0538290909090909
0.032667272727272725
-0.16169272727272727
0.08567454545454545
0.05259636363636363
-0.1356
0.18141636363636363
0.03533818181818182
0.047665454545454546
0.22168545454545452
0.0470490909090909
0.09800181818181818
0.19251090909090907
0.06143090909090909
0.004930909090909091
0.033694545454545456
-0.02034
-0.06451272727272726
-0.012943636363636362
-0.05773272727272727
-0.08711272727272727
0.07622363636363635
-0.06595090909090909
0.1012890909090909
0.1865527272727273
-0.08259272727272728
0.14731090909090908
0.06738909090909091
-0.030407272727272724
0.10231636363636364
0.0010272727272727274
-0.09800181818181818
-0.03143454545454545
-0.005547272727272727
-0.013354545454545456
0.09923454545454545
0.04396727272727272
0.13436727272727272
0.2206581818181818
-0.001849090909090909
0.042734545454545456
0.1935381818181818
-0.06471818181818181
-0.0034927272727272728
0.06471818181818181
-0.1524472727272727
0.015614545454545454
0.025065454545454544
0.054034545454545446
0.07047090909090908
0.1058090909090909
0.16210363636363637
0.12409454545454546
0.13313454545454545
0.036776363636363635
0.14669454545454544
0.012327272727272727
-0.028147272727272726
0.07314181818181818
-0.06923818181818181
-0.05218545454545454
0.02034
-0.020956363636363638
-0.05013090909090909
0.07458
0.031229090909090908
0.010889090909090909
0.09245454545454544
0.03533818181818182
0.008218181818181819
0.11875272727272726
0.0012327272727272727
-0.07478545454545454
0.06595090909090909
-0.07293636363636363
-0.03513272727272727
-0.020956363636363638
-0.01705272727272727
0.07047090909090908
0.08588
0.05937636363636363
0.03698181818181818
0.1727872727272727
0.012532727272727272
0.06101999999999999
0.11854727272727272
-0.06595090909090909
0.014998181818181817
0.019107272727272726
-0.04376181818181818
0.014587272727272727
0.013354545454545456
0.018696363636363636
0.09019454545454544
-0.01992909090909091
0.04807636363636364
0.11382181818181818
-0.06759454545454545
-0.028763636363636363
0.12368363636363637
-0.05362363636363636
-0.10416545454545453
0.1216290909090909
-0.06697818181818181
0.09368727272727272
0.15655636363636363
-0.14402363636363635
0.15450181818181818
0.15614545454545453
-0.10437090909090908
0.10642545454545453
0.20956363636363634
-0.04376181818181818
0.09820727272727273
0.14587272727272727
-0.07540181818181818
0.08012727272727273
0.0008218181818181817
-0.08588
0.13580545454545453
0.013354545454545456
-0.05095272727272727
0.2642145454545454
0.038625454545454546
-0.015203636363636362
0.24633999999999998
0.010889090909090909
0.046432727272727264
0.09944
-0.14402363636363635
-0.10622
0.014792727272727272
-0.18449818181818184
0.016025454545454544
0.15224181818181817
-0.10991818181818182
0.18984
0.2147
-0.025476363636363634
0.14936545454545455
0.11567090909090909
-0.061841818181818185
0.11053454545454545
0.03451636363636364
-0.11587636363636362
0.13724363636363635
0.05711636363636363
-0.054034545454545446
0.10375454545454545
-0.043350909090909086
-0.03718727272727273
0.21326181818181816
-0.03800909090909091
-0.05876
0.12758727272727272
-0.026298181818181814
0.042529090909090905
0.028558181818181816
-0.02116181818181818
0.054240000000000003
0.03616
-0.03780363636363636
0.004314545454545455
0.036776363636363635
-0.0678
0.08033272727272728
0.060609090909090904
-0.008218181818181819
0.15655636363636363
0.034310909090909086
0.005136363636363636
0.06800545454545455
-0.10396
0.02979090909090909
0.0470490909090909
-0.12491636363636363
0.033694545454545456
0.07252545454545453
0.027736363636363635
0.09512545454545453
0.2465454545454545
0.08094909090909091
-0.00041090909090909085
0.16908909090909088
-0.03944727272727273
0.01992909090909091
0.02198363636363636
-0.09081090909090908
0.10190545454545454
-0.031845454545454545
-0.07622363636363635
0.1713490909090909
0.07314181818181818
-0.04294
0.11567090909090909
0.06923818181818181
-0.09430363636363637
0.03944727272727273
0.11156181818181818
-0.02301090909090909
0.1035490909090909
0.07088181818181817
0.04725454545454546
0.19107272727272728
-0.02979090909090909
-0.03451636363636364
0.04232363636363636
-0.11074
-0.019723636363636363
0.13436727272727272
-0.08629090909090908
0.0
0.25579090909090907
-0.015203636363636362
0.10478181818181817
0.20134545454545455
-0.03225636363636363
0.07519636363636363
0.04437818181818182
-0.10519272727272726
-0.0030818181818181817
0.025065454545454544
-0.059170909090909087
0.07252545454545453
0.03965272727272728
-0.06553999999999999
0.14422909090909092
0.10457636363636363
-0.02198363636363636
0.12142363636363637
-0.03821454545454545
-0.0452
0.18593636363636362
-0.02444909090909091
-0.02568181818181818
0.11916363636363636
-0.08136
-0.02670909090909091
0.0918381818181818
-0.1314909090909091
0.015819999999999997
0.13642181818181817
-0.015409090909090907
0.12902545454545453
0.1012890909090909
0.0016436363636363634
0.19518181818181818
0.1419690909090909
-0.08526363636363636
0.14237999999999998
0.019312727272727273
-0.14566727272727273
0.09019454545454544
-0.03903636363636363
0.0063690909090909084
0.14094181818181817
0.021778181818181818
0.08218181818181818
0.20155090909090906
-0.027736363636363635
0.012532727272727272
0.05896545454545454
-0.16498
-0.08012727272727273
-0.027530909090909092
-0.05465090909090909
-0.006574545454545454
0.07355272727272727
-0.035749090909090904
0.1325181818181818
0.11793090909090909
-0.04869272727272727
0.22826000000000002
0.14217454545454544
-0.01890181818181818
0.08115454545454545
0.09389272727272728
-0.0749909090909091
0.0741690909090909
0.002670909090909091
-0.08218181818181818
0.10930181818181818
-0.03554363636363636
0.021367272727272728
0.037598181818181815
0.0008218181818181817
-0.0008218181818181817
0.1088909090909091
0.08526363636363636
-0.038625454545454546
0.13724363636363635
0.07478545454545454
0.00226
0.09635818181818182
-0.049925454545454544
-0.02239454545454545
0.16580181818181816
-0.1419690909090909
0.02609272727272727
0.15224181818181817
-0.06163636363636363
0.13909272727272726
0.027120000000000002
0.019312727272727273
0.030818181818181814
0.04294
0.014176363636363636
-0.02444909090909091
0.026298181818181814
-0.12327272727272726
0.15409090909090908
0.07067636363636363
-0.15758363636363634
0.19970181818181817
0.10478181818181817
-0.04910363636363636
0.2025781818181818
0.02116181818181818
-0.035749090909090904
0.1325181818181818
-0.0010272727272727274
0.05362363636363636
-0.010272727272727272
-0.040063636363636364
0.06923818181818181
0.10560363636363636
-0.07560727272727272
-0.02979090909090909
0.22579454545454544
-0.1292309090909091
0.029585454545454543
0.18244363636363634
-0.11135636363636363
0.05773272727272727
0.07088181818181817
-0.09122181818181817
0.02034
0.0006163636363636364
-0.09594727272727273
0.06451272727272726
0.0010272727272727274
0.006574545454545454
0.14032545454545453
0.07807272727272727
0.027736363636363635
0.13683272727272727
0.0764290909090909
0.014792727272727272
0.12820363636363635
0.01664181818181818
0.08218181818181818
0.05033636363636364
0.020956363636363638
0.11135636363636363
0.05013090909090909
0.018285454545454546
0.11772545454545454
0.15758363636363634
-0.0470490909090909
0.11094545454545454
0.10293272727272727
-0.07519636363636363
0.04232363636363636
-0.0538290909090909
-0.11197272727272727
-0.0016436363636363634
-0.014587272727272727
-0.049925454545454544
0.04889818181818182
0.008218181818181819
0.02218909090909091
0.11115090909090909
0.025887272727272724
0.06862181818181817
0.21593272727272728
0.0805381818181818
-0.020545454545454544
0.14073636363636363
-0.009656363636363637
-0.03143454545454545
0.01664181818181818
-0.02650363636363636
0.09163272727272727
0.055061818181818184
0.043556363636363636
0.07006
0.03616
-0.03780363636363636
0.04602181818181818
0.02116181818181818
-0.13354545454545455
0.02075090909090909
0.05136363636363636
-0.04746
0.061841818181818185
-0.02301090909090909
0.012943636363636362
0.12080727272727272
-0.10827454545454546
0.07909999999999999
0.11115090909090909
-0.15367999999999998
-0.03883090909090909
0.12101272727272726
-0.013560000000000001
-0.09574181818181818
0.23154727272727274
0.015203636363636362
-0.038625454545454546
0.22661636363636362
-0.05198
0.11977999999999998
0.20052363636363635
-0.0447890909090909
0.09471454545454545
0.07149818181818181
-0.0008218181818181817
0.10745272727272726
0.06369090909090909
-0.05937636363636363
0.019312727272727273
0.07375818181818182
-0.14772181818181818
0.15224181818181817
0.13827090909090908
-0.17504727272727272
0.20566
0.05033636363636364
0.010683636363636364
0.13107999999999997
-0.027325454545454545
0.05013090909090909
0.019312727272727273
-0.02691454545454545
0.014587272727272727
0.0895781818181818
0.00945090909090909
0.09450909090909092
0.1454618181818182
-0.027325454545454545
0.06369090909090909
0.18593636363636362
-0.05526727272727273
0.07211454545454546
0.1058090909090909
-0.21264545454545453
0.12121818181818181
-0.03205090909090909
-0.03225636363636363
0.1723763636363636
-0.05054181818181818
0.12779272727272725
0.15409090909090908
0.054034545454545446
-0.015203636363636362
0.06204727272727273
0.035954545454545454
-0.04540545454545454
0.017874545454545452
-0.001438181818181818
-0.004930909090909091
0.012532727272727272
-0.04150181818181818
0.010067272727272725
0.06964909090909091
-0.1314909090909091
0.0749909090909091
0.07047090909090908
-0.10026181818181817
0.09820727272727273
0.04684363636363636
0.023216363636363632
0.03513272727272727
-0.0010272727272727274
0.0565
0.07108727272727272
-0.034927272727272723
-0.005547272727272727
0.08546909090909091
0.005547272727272727
-0.06471818181818181
0.1257381818181818
0.07930545454545455
-0.07622363636363635
0.1840872727272727
0.05547272727272727
0.058349090909090906
0.18182727272727273
-0.08485272727272727
0.013354545454545456
0.11361636363636363
-0.00226
0.06800545454545455
0.12553272727272727
0.00452
0.021778181818181818
0.15943272727272728
0.025887272727272724
-0.06410181818181818
0.06574545454545455
-0.12820363636363635
0.0006163636363636364
0.07026545454545453
-0.19127818181818182
0.1713490909090909
0.06718363636363636
-0.08937272727272727
0.2586672727272727
0.05198
-0.07560727272727272
0.22004181818181817
0.10971272727272725
-0.0452
0.05526727272727273
0.006163636363636363
-0.004930909090909091
0.06307454545454545
0.01992909090909091
-0.13169636363636364
0.16703454545454544
0.10293272727272727
-0.09718
0.23935454545454546
-0.0538290909090909
0.025065454545454544
0.20648181818181818
-0.08382545454545455
0.02075090909090909
0.04807636363636364
-0.12388909090909091
-0.0678
-0.010272727272727272
-0.1633363636363636
0.028147272727272726
0.05629454545454545
-0.015614545454545454
0.16025454545454546
0.14299636363636362
0.041912727272727275
0.0904
0.10745272727272726
-0.012943636363636362
0.1193690909090909
-0.05855454545454545
-0.029585454545454543
0.23257454545454545
-0.017463636363636362
0.006163636363636363
0.15388545454545455
0.020545454545454544
0.03328363636363636
0.1727872727272727
-0.03451636363636364
-0.04437818181818182
0.056705454545454545
-0.08320909090909091
0.02527090909090909
0.06985454545454545
-0.038625454545454546
0.07252545454545453
0.12594363636363634
-0.027120000000000002
0.05198
0.02670909090909091
0.02342181818181818
0.12594363636363634
-0.05999272727272727
-0.04068
0.1171090909090909
0.06019818181818181
0.03698181818181818
0.12265636363636362
-0.04951454545454545
-0.04150181818181818
0.08978363636363636
-0.06307454545454545
0.0034927272727272728
0.06512909090909091
-0.05526727272727273
0.1171090909090909
0.18388181818181817
-0.033489090909090906
0.12039636363636362
0.14422909090909092
-0.02301090909090909
0.05855454545454545
-0.02609272727272727
-0.10478181818181817
0.014176363636363636
-0.03718727272727273
-0.11402727272727273
0.08197636363636364
0.0470490909090909
-0.06841636363636364
0.16806181818181817
0.08362
-0.09450909090909092
0.19230545454545456
0.03410545454545454
-0.09985090909090909
0.20442727272727274
-0.03944727272727273
0.01992909090909091
0.21018
-0.014998181818181817
0.003287272727272727
0.06595090909090909
-0.08136
-0.0010272727272727274
0.09594727272727273
-0.14936545454545455
0.021367272727272728
0.13806545454545455
0.058349090909090906
0.10683636363636365
0.16354181818181818
0.013149090909090907
0.08320909090909091
0.18388181818181817
-0.1528581818181818
0.10704181818181817
-0.034310909090909086
-0.16415818181818181
0.14566727272727273
-0.0741690909090909
-0.005136363636363636
0.18100545454545455
0.015614545454545454
0.015614545454545454
0.12039636363636362
-0.057527272727272726
0.001849090909090909
0.12060181818181817
-0.050747272727272724
-0.07129272727272727
0.09224909090909092
-0.03143454545454545
0.0538290909090909
0.1686781818181818
-0.09389272727272728
0.11238363636363637
0.02218909090909091
-0.026298181818181814
0.18429272727272727
0.0034927272727272728
0.008218181818181819
0.12368363636363637
0.046432727272727264
-0.05958181818181818
0.1125890909090909
0.00945090909090909
-0.034310909090909086
0.10560363636363636
-0.08033272727272728
-0.0452
0.17176
0.026298181818181814
0.05198
0.2364781818181818
-0.05711636363636363
0.08197636363636364
0.09841272727272728
-0.10827454545454546
0.0226
-0.11320545454545454
-0.1193690909090909
0.044994545454545454
0.002876363636363636
-0.07129272727272727
0.13395636363636362
0.08731818181818181
0.05937636363636363
0.18306
0.07252545454545453
0.03472181818181818
0.12512181818181817
0.10848000000000001
-0.113
0.10437090909090908
0.057527272727272726
-0.04602181818181818
0.15367999999999998
-0.06101999999999999
0.001849090909090909
0.10991818181818182
-0.0452
0.02568181818181818
0.09492
-0.12183454545454545
0.0069854545454545456
0.08156545454545455
-0.055678181818181814
0.12265636363636362
0.10231636363636364
0.008012727272727272
0.04047454545454546
0.0967690909090909
-0.021778181818181818
0.009245454545454545
0.09142727272727272
-0.07129272727272727
0.011094545454545454
0.10252181818181817
-0.036776363636363635
0.02938
0.059170909090909087
-0.09512545454545453
0.09450909090909092
-0.0764290909090909
-0.1483381818181818
0.17340363636363634
-0.01808
-0.025476363636363634
0.12512181818181817
0.01992909090909091
0.07704545454545454
0.22908181818181816
0.05629454545454545
0.035954545454545454
0.14422909090909092
-0.016436363636363638
0.016025454545454544
0.04068
-0.06923818181818181
-0.003698181818181818
0.08875636363636363
-0.05876
0.02403818181818182
0.14422909090909092
-0.038625454545454546
0.09142727272727272
0.039241818181818176
-0.1337509090909091
0.13354545454545455
0.04602181818181818
-0.14258545454545454
0.12224545454545453
0.01664181818181818
-0.02342181818181818
0.19682545454545455
0.0
0.06821090909090909
0.13765454545454545
0.01992909090909091
0.11752
0.0727309090909091
-0.03739272727272727
0.05013090909090909
0.07622363636363635
-0.08711272727272727
0.02670909090909091
0.06533454545454545
0.001438181818181818
0.1836763636363636
0.03985818181818182
-0.02650363636363636
0.21285090909090906
0.04889818181818182
0.016436363636363638
0.1881963636363636
0.008012727272727272
-0.06143090909090909
0.05115818181818182
-0.022805454545454542
-0.1454618181818182
-0.02239454545454545
-0.06738909090909091
-0.07663454545454546
0.08362
-0.10622
0.03903636363636363
0.20134545454545455
-0.027120000000000002
0.06204727272727273
0.15717272727272727
-0.020545454545454544
0.029585454545454543
0.16210363636363637
-0.027736363636363635
-0.06225272727272727
0.026298181818181814
0.06225272727272727
0.08875636363636363
0.07170363636363636
0.06697818181818181
0.09389272727272728
0.1257381818181818
-0.027530909090909092
-0.028352727272727273
0.004314545454545455
-0.13724363636363635
0.007396363636363636
0.08156545454545455
-0.12450545454545454
0.09512545454545453
0.11854727272727272
-0.04314545454545454
0.17997818181818181
0.003698181818181818
-0.014792727272727272
0.13354545454545455
-0.09718
-0.03307818181818182
0.08629090909090908
-0.0402690909090909
0.028147272727272726
0.16991090909090908
0.05013090909090909
0.03410545454545454
0.17032181818181816
0.01849090909090909
0.048487272727272726
0.19723636363636363
-0.03739272727272727
0.0565
0.10334363636363636
-0.1284090909090909
0.08670181818181817
0.04787090909090909
-0.10457636363636363
0.08156545454545455
0.015203636363636362
-0.10786363636363637
0.09553636363636364
0.08423636363636364
-0.006574545454545454
0.17484181818181818
0.041912727272727275
0.0008218181818181817
0.15367999999999998
-0.045610909090909084
-0.032667272727272725
0.12655999999999998
-0.19682545454545455
-0.09142727272727272
0.06019818181818181
-0.15059818181818183
0.13868181818181818
0.11834181818181817
0.00945090909090909
0.14340727272727272
0.08916727272727272
0.015203636363636362
0.08197636363636364
0.08115454545454545
-0.07581272727272727
0.05115818181818182
-0.060609090909090904
-0.07519636363636363
0.20874181818181817
0.002876363636363636
0.030818181818181814
0.2843490909090909
0.03205090909090909
0.03821454545454545
0.1682672727272727
-0.04828181818181818
0.06985454545454545
0.03944727272727273
-0.12676545454545454
0.029996363636363634
0.08012727272727273
-0.08526363636363636
0.058349090909090906
0.12306727272727273
-0.14854363636363635
0.1257381818181818
0.10293272727272727
-0.014998181818181817
0.20093454545454545
0.07745636363636363
0.001438181818181818
0.09841272727272728
0.03410545454545454
-0.08177090909090909
0.08279818181818181
-0.05814363636363636
-0.039241818181818176
0.09553636363636364
-0.11998545454545453
0.02403818181818182
0.16272
0.04889818181818182
0.05198
0.18511454545454545
-0.0030818181818181817
-0.0012327272727272727
0.2120290909090909
-0.05485636363636363
-0.07725090909090909
0.11895818181818181
-0.08978363636363636
-0.009861818181818182
0.14669454545454544
-0.055061818181818184
0.12121818181818181
0.00862909090909091
-0.08752363636363636
0.13313454545454545
-0.06163636363636363
-0.12532727272727273
-0.0008218181818181817
0.016025454545454544
-0.14176363636363634
0.04725454545454546
0.11423272727272726
-0.05444545454545455
0.16908909090909088
0.08649636363636364
-0.05033636363636364
0.14217454545454544
0.032667272727272725
0.00945090909090909
0.18614181818181816
-0.0918381818181818
0.07683999999999999
0.12902545454545453
-0.08094909090909091
0.12512181818181817
0.010683636363636364
-0.01808
0.01664181818181818
0.09019454545454544
-0.01890181818181818
0.0678
0.1284090909090909
-0.06348545454545454
0.21038545454545451
-0.00020545454545454542
-0.032872727272727276
0.12347818181818182
-0.10704181818181817
-0.11690363636363636
0.02218909090909091
-0.06697818181818181
-0.02239454545454545
0.20278363636363633
0.014792727272727272
0.10252181818181817
0.2364781818181818
0.05465090909090909
0.06553999999999999
0.1577890909090909
-0.04314545454545454
0.10724727272727272
0.15819999999999998
-0.17874545454545454
0.11669818181818181
0.08177090909090909
-0.012327272727272727
0.11916363636363636
0.02218909090909091
-0.03225636363636363
0.0678
0.07971636363636364
-0.07355272727272727
0.08094909090909091
-0.0452
-0.0034927272727272728
0.14053090909090907
-0.014792727272727272
0.031845454545454545
0.07211454545454546
-0.009245454545454545
-0.07375818181818182
0.052390909090909085
-0.048487272727272726
-0.010683636363636364
0.1125890909090909
-0.0006163636363636364
0.05547272727272727
0.055883636363636364
0.007190909090909091
0.11238363636363637
0.05814363636363636
-0.15717272727272727
0.05937636363636363
0.011916363636363636
-0.07170363636363636
0.1836763636363636
-0.005547272727272727
0.0538290909090909
0.15594
0.08752363636363636
0.05280181818181818
-0.01808
0.03903636363636363
-0.0918381818181818
-0.015819999999999997
-0.014587272727272727
-0.11423272727272726
0.09697454545454545
0.05526727272727273
0.060609090909090904
0.13642181818181817
0.008012727272727272
0.08978363636363636
0.06512909090909091
-0.025065454545454544
0.07088181818181817
0.04787090909090909
0.002670909090909091
0.027325454545454545
0.1623090909090909
0.0006163636363636364
-0.012738181818181817
0.16662363636363633
-0.034927272727272723
-0.03800909090909091
-0.10149454545454545
-0.05732181818181818
0.12368363636363637
0.04294
0.0008218181818181817
0.13539454545454546
0.17011636363636362
0.0565
0.22271272727272726
0.08464727272727272
-0.08937272727272727
0.10375454545454545
-0.013970909090909091
-0.0940981818181818
0.038625454545454546
-0.10313818181818181
-0.041707272727272725
0.19682545454545455
-0.043556363636363636
-0.016847272727272728
0.19230545454545456
0.012943636363636362
-0.013560000000000001
0.08752363636363636
-0.0805381818181818
0.04211818181818182
0.16703454545454544
-0.06533454545454545
0.06821090909090909
0.02116181818181818
-0.09081090909090908
0.07088181818181817
0.03205090909090909
-0.05999272727272727
0.0727309090909091
0.1686781818181818
0.03533818181818182
0.09265999999999999
0.1076581818181818
0.07458
0.11916363636363636
0.028969090909090906
-0.013560000000000001
-0.0034927272727272728
-0.09944
-0.02444909090909091
0.11176727272727273
-0.05711636363636363
0.09553636363636364
0.16354181818181818
0.03328363636363636
0.1826490909090909
0.05485636363636363
-0.008012727272727272
-0.018696363636363636
-0.09512545454545453
-0.05876
-0.07889454545454545
-0.048487272727272726
-0.055883636363636364
0.08279818181818181
0.1532690909090909
-0.02218909090909091
0.1374490909090909
0.14279090909090908
0.009245454545454545
0.20607090909090908
0.023216363636363632
-0.048487272727272726
0.07375818181818182
-0.06862181818181817
-0.001438181818181818
0.029996363636363634
-0.015203636363636362
0.04232363636363636
0.08916727272727272
-0.02609272727272727
-0.013354545454545456
0.1125890909090909
0.01808
0.1058090909090909
0.11998545454545453
-0.04437818181818182
0.06800545454545455
0.13929818181818182
-0.02938
0.06677272727272728
0.021778181818181818
-0.13046363636363634
0.12347818181818182
0.027120000000000002
-0.09964545454545454
0.12717636363636362
0.05177454545454545
-0.07067636363636363
0.16888363636363635
0.04047454545454546
-0.11752
0.13169636363636364
0.040063636363636364
-0.061841818181818185
0.03020181818181818
0.046432727272727264
0.05691090909090909
0.17052727272727272
-0.004930909090909091
0.0010272727272727274
0.2761309090909091
-0.01766909090909091
0.038625454545454546
0.16046
-0.09224909090909092
0.02527090909090909
0.11115090909090909
-0.016436363636363638
0.017463636363636362
0.03020181818181818
-0.03410545454545454
0.07848363636363635
-0.006163636363636363
-0.001849090909090909
0.16600727272727273
-0.03205090909090909
-0.08752363636363636
0.08197636363636364
-0.07293636363636363
-0.11649272727272726
0.1608709090909091
0.01171090909090909
-0.0678
0.07458
-0.01849090909090909
0.10416545454545453
0.14176363636363634
-0.04930909090909091
0.10601454545454544
0.19004545454545455
-0.11115090909090909
0.13087454545454547
0.0786890909090909
-0.20155090909090906
0.2097690909090909
0.014176363636363636
-0.08629090909090908
0.1713490909090909
-0.015409090909090907
0.05300727272727272
0.17854
-0.005136363636363636
0.07375818181818182
0.18388181818181817
-0.013765454545454546
-0.01992909090909091
0.1296418181818182
-0.005341818181818182
-0.13272363636363635
0.06923818181818181
-0.0967690909090909
-0.08259272727272728
0.10334363636363636
-0.10087818181818181
0.1103290909090909
0.05341818181818182
-0.04314545454545454
0.21408363636363634
0.031229090909090908
0.02301090909090909
0.18758
0.04150181818181818
0.012943636363636362
0.0940981818181818
0.006574545454545454
-0.010683636363636364
0.06348545454545454
0.09964545454545454
0.08896181818181817
0.09122181818181817
0.06122545454545455
0.027120000000000002
0.11094545454545454
-0.08978363636363636
-0.08218181818181818
0.08855090909090908
-0.09820727272727273
-0.024654545454545453
0.08423636363636364
-0.002876363636363636
-0.001438181818181818
0.09635818181818182
0.06451272727272726
-0.034927272727272723
0.13621636363636364
0.0012327272727272727
-0.11320545454545454
0.08094909090909091
-0.18634727272727272
0.030612727272727274
0.17833454545454544
-0.1397090909090909
0.09224909090909092
0.08094909090909091
-0.005341818181818182
0.1325181818181818
0.12060181818181817
0.07848363636363635
0.10334363636363636
0.05958181818181818
0.001438181818181818
0.05937636363636363
-0.03800909090909091
-0.03985818181818182
0.11567090909090909
-0.11793090909090909
-0.14217454545454544
0.18881272727272727
-0.05013090909090909
-0.041707272727272725
0.23750545454545452
-0.029996363636363634
0.09861818181818181
0.1781290909090909
-0.08464727272727272
0.12203999999999998
0.04622727272727272
-0.17299272727272727
0.07581272727272727
0.047665454545454546
-0.1296418181818182
0.11012363636363637
0.1781290909090909
-0.040063636363636364
0.1676509090909091
0.22723272727272725
-0.05937636363636363
0.1840872727272727
0.03739272727272727
-0.15594
0.10745272727272726
-0.10457636363636363
-0.01890181818181818
0.10046727272727272
-0.06266363636363637
0.10827454545454546
0.23976545454545453
0.10375454545454545
0.12060181818181817
0.16908909090909088
0.008834545454545454
0.02568181818181818
0.03554363636363636
-0.07725090909090909
-0.02075090909090909
0.02301090909090909
-0.1411472727272727
0.03657090909090909
0.027120000000000002
-0.10909636363636364
0.12861454545454545
0.029174545454545453
0.03225636363636363
0.10046727272727272
0.03246181818181818
-0.026298181818181814
0.1088909090909091
0.08279818181818181
-0.09882363636363636
0.047665454545454546
0.010683636363636364
-0.04314545454545454
-0.0010272727272727274
-0.02609272727272727
-0.06081454545454545
0.12368363636363637
-0.034310909090909086
-0.00862909090909091
0.17751272727272727
-0.07848363636363635
0.0967690909090909
0.11156181818181818
0.03800909090909091
-0.008423636363636364
0.05013090909090909
0.041912727272727275
-0.02486
0.13765454545454545
0.038625454545454546
0.09697454545454545
0.026298181818181814
0.02486
0.18593636363636362
0.04150181818181818
-0.12080727272727272
0.06143090909090909
-0.07211454545454546
-0.2331909090909091
0.11628727272727273
-0.013970909090909091
0.010889090909090909
0.08279818181818181
0.05218545454545454
0.11402727272727273
0.12409454545454546
0.14320181818181818
0.08896181818181817
0.17093818181818182
-0.025476363636363634
0.057527272727272726
0.12594363636363634
-0.006163636363636363
0.05691090909090909
0.05300727272727272
-0.09081090909090908
-0.033489090909090906
0.13909272727272726
-0.032872727272727276
0.13765454545454545
0.02034
-0.061841818181818185
0.2023727272727273
0.0020545454545454547
-0.044994545454545454
0.10293272727272727
0.0012327272727272727
-0.13395636363636362
-0.008218181818181819
-0.09430363636363637
-0.09594727272727273
0.11895818181818181
0.07683999999999999
0.05300727272727272
0.13128545454545454
0.05362363636363636
0.056705454545454545
0.1871690909090909
-0.06964909090909091
0.03739272727272727
0.18573090909090906
-0.1325181818181818
0.02568181818181818
0.06636181818181817
-0.05855454545454545
0.12512181818181817
0.08320909090909091
-0.019312727272727273
0.10046727272727272
-0.00020545454545454542
0.015819999999999997
0.1577890909090909
-0.14607818181818183
-0.10416545454545453
0.14525636363636363
0.017463636363636362
0.032667272727272725
0.038419999999999996
-0.08444181818181817
0.10149454545454545
0.13107999999999997
-0.06944363636363636
0.045610909090909084
0.027736363636363635
0.010272727272727272
0.11608181818181817
0.05013090909090909
-0.045816363636363634
0.06492363636363636
0.1984690909090909
-0.04602181818181818
-0.02938
0.029996363636363634
0.044994545454545454
0.16806181818181817
-0.03533818181818182
0.06040363636363636
0.22004181818181817
-0.018696363636363636
0.05526727272727273
0.19045636363636362
-0.08156545454545455
0.006574545454545454
0.019723636363636363
-0.14422909090909092
0.0034927272727272728
-0.08752363636363636
-0.03513272727272727
0.05095272727272727
0.06327999999999999
0.05526727272727273
-0.054034545454545446
0.11115090909090909
0.10950727272727273
0.09533090909090909
0.11423272727272726
-0.04951454545454545
0.12799818181818182
0.1682672727272727
-0.03513272727272727
0.12779272727272725
0.02486
-0.11217818181818182
0.048487272727272726
-0.07848363636363635
-0.12697090909090908
0.0030818181818181817
0.01992909090909091
0.00041090909090909085
0.07006
0.05999272727272727
0.07478545454545454
0.226
0.14073636363636363
0.0339
0.14361272727272725
0.0034927272727272728
-0.049925454545454544
0.11854727272727272
-0.11813636363636362
-0.07889454545454545
0.12758727272727272
0.005136363636363636
0.05937636363636363
0.08300363636363636
-0.04684363636363636
0.03205090909090909
0.09779636363636364
-0.13785999999999998
0.02938
0.09964545454545454
-0.12491636363636363
0.16066545454545456
-0.02362727272727273
-0.11813636363636362
0.2307254545454545
0.07827818181818182
0.03307818181818182
0.13190181818181818
0.04746
0.07088181818181817
0.2075090909090909
0.06471818181818181
-0.00904
0.08320909090909091
-0.015819999999999997
-0.007807272727272727
0.03821454545454545
-0.11320545454545454
-0.08875636363636363
0.04663818181818182
-0.07786727272727272
0.06471818181818181
0.12882
0.055061818181818184
0.21901454545454546
0.10971272727272725
0.02609272727272727
0.02486
-0.07047090909090908
-0.03410545454545454
-0.00904
-0.16641818181818183
-0.03944727272727273
0.09348181818181817
-0.08341454545454545
0.016847272727272728
0.18614181818181816
0.10519272727272726
0.07026545454545453
0.19867454545454544
0.1103290909090909
0.034310909090909086
0.02486
-0.05300727272727272
0.017463636363636362
0.02486
-0.04910363636363636
-0.010067272727272725
0.09019454545454544
0.013354545454545456
0.08012727272727273
0.09615272727272728
-0.031229090909090908
0.12512181818181817
0.07232
-0.0470490909090909
0.08526363636363636
0.07889454545454545
-0.027120000000000002
0.08588
0.059170909090909087
-0.03965272727272728
0.06143090909090909
0.030818181818181814
0.008012727272727272
0.08505818181818181
0.009656363636363637
-0.04068
0.13827090909090908
-0.035954545454545454
-0.050747272727272724
0.17155454545454543
-0.07704545454545454
-0.045610909090909084
0.14258545454545454
-0.11752
-0.06718363636363636
0.18737454545454543
-0.03718727272727273
0.06266363636363637
0.14874909090909091
-0.006163636363636363
0.16148727272727273
0.15265272727272727
0.01725818181818182
0.08218181818181818
0.054034545454545446
-0.1366272727272727
0.031639999999999995
0.031229090909090908
-0.17381454545454544
0.025476363636363634
0.09224909090909092
-0.028558181818181816
0.0339
0.027941818181818182
0.02486
0.1871690909090909
-0.03739272727272727
-0.010067272727272725
0.16949999999999998
-0.14710545454545454
-0.0039036363636363635
0.14361272727272725
-0.11526
0.03698181818181818
0.17751272727272727
0.02568181818181818
0.10190545454545454
0.10539818181818181
0.07375818181818182
0.13477818181818182
0.04869272727272727
-0.015614545454545454
0.05711636363636363
0.014381818181818181
-0.054240000000000003
0.1296418181818182
-0.020956363636363638
-0.06697818181818181
0.22723272727272725
0.06553999999999999
0.00041090909090909085
0.19333272727272727
0.06553999999999999
0.01623090909090909
0.09841272727272728
-0.03513272727272727
-0.03965272727272728
-0.013354545454545456
-0.10252181818181817
-0.05218545454545454
0.01725818181818182
-0.06882727272727272
0.04417272727272727
0.12820363636363635
-0.08259272727272728
0.16703454545454544
0.10704181818181817
-0.03451636363636364
0.22867090909090906
-0.001849090909090909
0.014587272727272727
0.06430727272727273
-0.08156545454545455
0.003287272727272727
0.05198
-0.02075090909090909
0.03554363636363636
0.19477090909090908
0.02301090909090909
0.04047454545454546
0.1653909090909091
-0.06512909090909091
-0.032872727272727276
0.05095272727272727
-0.1608709090909091
-0.06800545454545455
0.12183454545454545
-0.08772909090909091
0.01705272727272727
0.1600490909090909
-0.04417272727272727
0.13272363636363635
0.08012727272727273
-0.05095272727272727
0.13683272727272727
-0.007601818181818181
-0.08546909090909091
0.09718
0.031229090909090908
-0.07704545454545454
0.12039636363636362
0.15840545454545454
-0.03739272727272727
0.11567090909090909
0.10539818181818181
-0.03657090909090909
0.2449018181818182
0.041707272727272725
-0.05341818181818182
0.19312727272727273
-0.054034545454545446
0.02403818181818182
0.12758727272727272
-0.11998545454545453
-0.007601818181818181
0.0990290909090909
-0.09594727272727273
-0.009656363636363637
0.1555290909090909
-0.012121818181818182
0.08505818181818181
0.2188090909090909
-0.05732181818181818
0.06697818181818181
0.1076581818181818
-0.11916363636363636
0.06040363636363636
-0.08998909090909091
-0.14073636363636363
0.10971272727272725
-0.04129636363636364
-0.02486
0.20052363636363635
0.06718363636363636
0.03698181818181818
0.19086727272727272
0.038419999999999996
0.04314545454545454
0.10231636363636364
-0.06369090909090909
-0.06204727272727273
0.002670909090909091
-0.06101999999999999
0.040063636363636364
0.11854727272727272
-0.003698181818181818
0.12080727272727272
0.06718363636363636
-0.0039036363636363635
0.1510090909090909
0.030818181818181814
-0.06944363636363636
0.062458181818181815
0.09019454545454544
-0.09800181818181818
0.01992909090909091
0.09163272727272727
-0.016847272727272728
0.04725454545454546
-0.04622727272727272
-0.013970909090909091
0.1653909090909091
0.035954545454545454
0.04150181818181818
0.13087454545454547
-0.0226
0.1103290909090909
0.07807272727272727
-0.04068
0.02157272727272727
0.027325454545454545
-0.0012327272727272727
-0.05485636363636363
0.07149818181818181
0.012327272727272727
0.08814
0.1682672727272727
0.02609272727272727
0.08875636363636363
0.1713490909090909
0.06019818181818181
0.02979090909090909
0.06019818181818181
-0.11197272727272727
0.019107272727272726
0.03636545454545455
-0.014587272727272727
0.0805381818181818
0.020545454545454544
0.03944727272727273
0.08875636363636363
0.06122545454545455
-0.12409454545454546
0.05629454545454545
-0.029174545454545453
-0.17360909090909088
0.06944363636363636
-0.04437818181818182
-0.022805454545454542
0.053212727272727266
0.09841272727272728
0.07971636363636364
0.10622
0.07232
0.05198
0.10498727272727272
-0.054034545454545446
0.031229090909090908
0.04930909090909091
-0.03739272727272727
0.007807272727272727
0.06821090909090909
-0.05177454545454545
0.09163272727272727
0.11690363636363636
-0.09450909090909092
0.13436727272727272
0.027325454545454545
-0.041707272727272725
0.1321072727272727
0.014792727272727272
-0.09635818181818182
0.0904
0.02650363636363636
-0.13498363636363636
0.033694545454545456
-0.07047090909090908
-0.04150181818181818
0.09635818181818182
0.06718363636363636
0.12532727272727273
0.23812181818181818
0.03307818181818182
0.05465090909090909
0.24613454545454547
-0.04129636363636364
0.0904
0.08197636363636364
-0.03451636363636364
0.07889454545454545
0.014176363636363636
0.059787272727272724
0.10848000000000001
0.05547272727272727
0.011094545454545454
0.09224909090909092
-0.02444909090909091
0.0069854545454545456
0.08403090909090909
-0.03944727272727273
-0.06163636363636363
0.0628690909090909
0.0339
0.029996363636363634
0.19703090909090906
-0.08896181818181817
0.08341454545454545
0.13334
-0.14094181818181817
0.10786363636363637
0.04314545454545454
-0.03205090909090909
0.034310909090909086
0.019107272727272726
-0.031229090909090908
0.03307818181818182
0.06903272727272727
0.009245454545454545
0.026298181818181814
-0.035749090909090904
0.03533818181818182
0.13272363636363635
0.06101999999999999
-0.010889090909090909
0.12388909090909091
0.010272727272727272
-0.02486
0.14422909090909092
-0.0447890909090909
-0.04109090909090909
-0.018285454545454546
-0.06533454545454545
-0.010272727272727272
0.014381818181818181
-0.037598181818181815
0.059170909090909087
0.19189454545454546
-0.07889454545454545
0.06862181818181817
0.16046
-0.0764290909090909
0.13477818181818182
0.00945090909090909
-0.1224509090909091
0.08464727272727272
0.0764290909090909
0.07725090909090909
0.11053454545454545
0.11402727272727273
0.03554363636363636
0.06081454545454545
-0.02568181818181818
-0.15491272727272726
0.1935381818181818
-0.028558181818181816
-0.21634363636363635
0.29852545454545454
-0.03410545454545454
-0.10108363636363636
0.3289327272727272
0.09204363636363636
0.11505454545454545
0.13991454545454546
-0.07930545454545455
0.036776363636363635
0.11402727272727273
-0.11854727272727272
-0.00041090909090909085
0.10786363636363637
-0.15142
0.04437818181818182
0.12779272727272725
-0.09656363636363637
0.10868545454545453
0.2194254545454545
-0.11505454545454545
-0.028969090909090906
0.10457636363636363
-0.06636181818181817
0.1415581818181818
0.029174545454545453
-0.13457272727272726
0.11135636363636363
-0.08320909090909091
-0.025065454545454544
0.21141272727272728
-0.05814363636363636
0.0918381818181818
0.2584618181818182
-0.02609272727272727
0.031023636363636364
0.18737454545454543
0.05280181818181818
0.04396727272727272
0.07560727272727272
-0.09964545454545454
-0.03307818181818182
0.011505454545454544
-0.12697090909090908
0.06369090909090909
0.027120000000000002
-0.04150181818181818
0.21141272727272728
0.11197272727272727
0.03307818181818182
0.10272727272727272
-0.021778181818181818
-0.06122545454545455
0.019723636363636363
-0.05876
-0.045816363636363634
0.06101999999999999
-0.02116181818181818
0.035749090909090904
0.1499818181818182
0.06410181818181818
0.09204363636363636
0.1836763636363636
-0.02444909090909091
0.10827454545454546
0.15573454545454543
-0.14258545454545454
0.04930909090909091
0.019107272727272726
-0.13785999999999998
-0.008012727272727272
0.020545454545454544
-0.00041090909090909085
0.06574545454545455
0.05444545454545455
0.027325454545454545
0.10909636363636364
0.07683999999999999
0.03821454545454545
0.15080363636363636
0.04150181818181818
-0.12676545454545454
0.16415818181818181
0.02116181818181818
-0.1306690909090909
0.14402363636363635
-0.031845454545454545
-0.06266363636363637
0.061841818181818185
-0.008423636363636364
0.0041090909090909095
0.10293272727272727
-0.018285454545454546
0.059170909090909087
0.14669454545454544
-0.1325181818181818
0.02342181818181818
0.113
-0.05793818181818181
0.04787090909090909
0.14094181818181817
-0.03780363636363636
0.09204363636363636
0.19107272727272728
-0.014381818181818181
0.11176727272727273
0.1397090909090909
0.04314545454545454
0.08526363636363636
0.05444545454545455
-0.09882363636363636
0.08629090909090908
-0.034310909090909086
-0.1524472727272727
0.18449818181818184
-0.033694545454545456
-0.049925454545454544
0.14874909090909091
0.06143090909090909
0.013560000000000001
0.09265999999999999
0.03472181818181818
-0.01725818181818182
0.0764290909090909
-0.06327999999999999
0.029996363636363634
0.07786727272727272
-0.09779636363636364
0.05937636363636363
0.1224509090909091
-0.06307454545454545
0.09635818181818182
0.14135272727272727
-0.0034927272727272728
0.10642545454545453
-0.008012727272727272
0.012943636363636362
0.009656363636363637
-0.07766181818181818
0.05896545454545454
0.10971272727272725
0.005752727272727272
-0.001849090909090909
0.16025454545454546
0.03410545454545454
0.08403090909090909
0.16908909090909088
0.012327272727272727
0.03554363636363636
0.08670181818181817
-0.003287272727272727
-0.00020545454545454542
-0.025887272727272724
-0.13621636363636364
0.016847272727272728
-0.09122181818181817
-0.11957454545454545
0.06841636363636364
-0.010478181818181819
0.027736363636363635
0.13231272727272728
0.02362727272727273
0.10950727272727273
0.20730363636363636
0.03533818181818182
0.15614545454545453
0.10334363636363636
-0.00904
-0.019312727272727273
0.02075090909090909
0.0565
-0.010067272727272725
0.15635090909090907
0.025476363636363634
0.05855454545454545
0.1577890909090909
-0.07047090909090908
0.02362727272727273
0.0895781818181818
-0.1573781818181818
-0.02013454545454545
0.08485272727272727
-0.13539454545454546
0.12655999999999998
0.1637472727272727
-0.02486
0.14895454545454545
0.16908909090909088
-0.005341818181818182
0.04109090909090909
0.019107272727272726
-0.11505454545454545
0.04869272727272727
-0.06636181818181817
-0.09101636363636363
0.1292309090909091
0.010478181818181819
-0.04540545454545454
0.12491636363636363
0.09163272727272727
-0.005958181818181818
0.19641454545454545
0.11094545454545454
0.018285454545454546
0.10601454545454544
-0.06163636363636363
0.02938
0.12635454545454544
-0.19436
0.011916363636363636
0.14669454545454544
-0.26195454545454544
0.04109090909090909
0.13025818181818183
-0.1479272727272727
0.1171090909090909
0.17011636363636362
-0.02527090909090909
0.12429999999999998
0.07519636363636363
-0.07190909090909091
0.10663090909090908
-0.09759090909090909
-0.1723763636363636
0.08916727272727272
0.02670909090909091
-0.05198
0.1686781818181818
0.10334363636363636
0.0452
0.2658581818181818
0.04068
0.011505454545454544
0.11587636363636362
-0.04458363636363636
-0.09224909090909092
0.04417272727272727
-0.07149818181818181
0.005136363636363636
0.15840545454545454
-0.028969090909090906
0.2831163636363636
0.11053454545454545
0.029996363636363634
0.28845818181818184
-0.001438181818181818
-0.05855454545454545
0.043556363636363636
-0.0039036363636363635
-0.08916727272727272
0.09307090909090908
-0.006163636363636363
-0.08916727272727272
0.06656727272727272
0.014998181818181817
0.06985454545454545
0.12512181818181817
0.002670909090909091
0.02403818181818182
0.20216727272727272
-0.028352727272727273
0.055061818181818184
0.12450545454545454
-0.05793818181818181
0.03800909090909091
0.005752727272727272
-0.06389636363636363
-0.014998181818181817
0.09286545454545453
-0.06574545454545455
0.04211818181818182
0.02034
-0.034310909090909086
0.19148363636363636
0.025887272727272724
0.045610909090909084
0.14443454545454545
0.04396727272727272
-0.04930909090909091
0.06574545454545455
-0.013560000000000001
-0.08855090909090908
0.09471454545454545
0.013149090909090907
-0.018696363636363636
0.08896181818181817
-0.013149090909090907
-0.005547272727272727
0.18778545454545456
-0.10560363636363636
-0.10827454545454546
0.018285454545454546
-0.1653909090909091
0.03883090909090909
0.07232
-0.019518181818181816
0.10848000000000001
0.16066545454545456
0.007807272727272727
0.19538727272727272
0.2177818181818182
-0.01705272727272727
0.19086727272727272
0.09492
-0.04232363636363636
0.054034545454545446
0.03718727272727273
0.010683636363636364
0.0678
-0.09492
-0.1148490909090909
0.13128545454545454
-0.035954545454545454
-0.018696363636363636
0.17936181818181818
0.012121818181818182
0.002876363636363636
0.21634363636363635
0.013560000000000001
-0.03533818181818182
0.05444545454545455
-0.11156181818181818
-0.02034
-0.043350909090909086
-0.08937272727272727
0.11464363636363636
0.1653909090909091
0.05177454545454545
0.19107272727272728
0.14566727272727273
0.012327272727272727
0.21326181818181816
0.04746
-0.028558181818181816
0.06718363636363636
-0.052390909090909085
0.005752727272727272
0.056705454545454545
-0.07827818181818182
0.02301090909090909
0.12080727272727272
-0.03739272727272727
0.08012727272727273
0.07745636363636363
-0.027120000000000002
0.09471454545454545
0.005752727272727272
-0.11998545454545453
0.06040363636363636
0.11895818181818181
-0.02239454545454545
0.021778181818181818
-0.04622727272727272
-0.03410545454545454
0.10005636363636364
0.02568181818181818
-0.001438181818181818
0.0940981818181818
0.05793818181818181
-0.00452
0.12265636363636362
0.02691454545454545
-0.005547272727272727
0.13806545454545455
0.019107272727272726
-0.03965272727272728
-0.00226
-0.05793818181818181
0.1103290909090909
0.14484545454545456
-0.03657090909090909
0.19312727272727273
0.07951090909090908
-0.010478181818181819
0.1871690909090909
-0.00862909090909091
-0.11628727272727273
-0.015819999999999997
0.057527272727272726
-0.15655636363636363
-0.07211454545454546
0.10416545454545453
-0.0069854545454545456
0.10067272727272727
0.0904
-0.010683636363636364
0.10909636363636364
0.06143090909090909
-0.019518181818181816
0.22764363636363635
0.003287272727272727
-0.07088181818181817
0.22497272727272724
0.0063690909090909084
-0.016436363636363638
0.10642545454545453
-0.07437454545454546
-0.10293272727272727
0.09019454545454544
-0.11587636363636362
-0.05855454545454545
0.1723763636363636
-0.03636545454545455
0.06574545454545455
0.13868181818181818
0.048487272727272726
0.12121818181818181
0.2346290909090909
0.015409090909090907
0.02403818181818182
0.09224909090909092
-0.13046363636363634
0.13991454545454546
0.04232363636363636
-0.1713490909090909
0.05259636363636363
0.028147272727272726
-0.08464727272727272
0.08711272727272727
0.08074363636363636
-0.09348181818181817
0.10519272727272726
-0.0008218181818181817
-0.05033636363636364
0.17360909090909088
0.02691454545454545
0.060609090909090904
0.11546545454545454
-0.07581272727272727
0.02116181818181818
0.15039272727272726
-0.01725818181818182
0.08259272727272728
0.18429272727272727
-0.019723636363636363
0.09759090909090909
0.14135272727272727
0.012943636363636362
0.10683636363636365
0.09245454545454544
-0.07725090909090909
-0.007807272727272727
-0.0069854545454545456
-0.1668290909090909
0.04068
0.02650363636363636
-0.0010272727272727274
0.15306363636363635
0.05095272727272727
0.11012363636363637
0.18223818181818183
-0.040885454545454544
-0.010683636363636364
0.09307090909090908
-0.18984
-0.036776363636363635
0.06430727272727273
-0.07725090909090909
-0.010683636363636364
0.0402690909090909
0.02342181818181818
0.025065454545454544
0.18347090909090907
0.04458363636363636
0.11731454545454545
0.06451272727272726
-0.08218181818181818
0.1370381818181818
0.008012727272727272
-0.11669818181818181
-0.00904
0.06307454545454545
-0.09800181818181818
0.039241818181818176
0.08177090909090909
-0.055678181818181814
0.1370381818181818
0.040063636363636364
0.031639999999999995
0.1791563636363636
0.06862181818181817
0.004930909090909091
0.15429636363636362
0.0034927272727272728
-0.03965272727272728
0.13025818181818183
0.0006163636363636364
-0.01992909090909091
0.040885454545454544
0.019723636363636363
-0.04294
0.06964909090909091
0.00041090909090909085
0.02013454545454545
0.1296418181818182
-0.07211454545454546
0.15306363636363635
0.09224909090909092
-0.15059818181818183
0.15018727272727272
0.12101272727272726
-0.07170363636363636
0.09594727272727273
0.09882363636363636
0.01664181818181818
0.15819999999999998
0.09019454545454544
0.04684363636363636
0.1193690909090909
0.051569090909090905
0.0113
0.0565
-0.04807636363636364
-0.09245454545454544
0.08156545454545455
-0.13929818181818182
-0.05937636363636363
0.1633363636363636
-0.07375818181818182
0.03636545454545455
0.11546545454545454
-0.017463636363636362
0.06985454545454545
0.05855454545454545
-0.054240000000000003
0.03246181818181818
-0.019723636363636363
-0.028558181818181816
0.12635454545454544
-0.0008218181818181817
-0.023216363636363632
0.13395636363636362
0.041707272727272725
0.01766909090909091
0.17566363636363633
-0.00452
-0.04602181818181818
0.11156181818181818
-0.04314545454545454
0.04437818181818182
0.08444181818181817
-0.08300363636363636
0.11875272727272726
0.11793090909090909
-0.07149818181818181
0.14361272727272725
0.14279090909090908
-0.01992909090909091
0.12265636363636362
0.04314545454545454
-0.017874545454545452
0.12532727272727273
0.08259272727272728
-0.12265636363636362
-0.08752363636363636
0.0226
-0.09163272727272727
0.020956363636363638
-0.09142727272727272
-0.023832727272727273
0.2541472727272727
-0.027530909090909092
0.08341454545454545
0.2533254545454545
0.015614545454545454
0.19682545454545455
0.16970545454545455
-0.08608545454545455
0.010272727272727272
0.001438181818181818
0.03246181818181818
-0.033694545454545456
0.002876363636363636
0.11834181818181817
0.04417272727272727
0.11238363636363637
-0.053212727272727266
0.02938
0.09368727272727272
-0.18182727272727273
0.06697818181818181
-0.006163636363636363
-0.22312363636363636
0.12450545454545454
0.10437090909090908
0.01725818181818182
0.14299636363636362
0.05999272727272727
0.06430727272727273
0.16189818181818183
0.04951454545454545
-0.15347454545454545
0.04930909090909091
0.028969090909090906
-0.16189818181818183
0.12799818181818182
-0.041912727272727275
-0.023216363636363632
0.24510727272727273
-0.032872727272727276
0.03965272727272728
0.1483381818181818
0.015409090909090907
0.08362
0.10971272727272725
-0.034927272727272723
-0.010683636363636364
0.17155454545454543
-0.024243636363636363
-0.054034545454545446
0.10950727272727273
-0.044994545454545454
0.06862181818181817
0.07293636363636363
-0.08423636363636364
0.1284090909090909
0.09533090909090909
-0.03328363636363636
0.2097690909090909
0.06492363636363636
-0.14217454545454544
0.14012
-0.025476363636363634
-0.1676509090909091
0.03533818181818182
-0.04150181818181818
-0.02527090909090909
0.1678563636363636
0.10067272727272727
0.054240000000000003
0.23236909090909091
0.09163272727272727
0.13909272727272726
0.14751636363636364
-0.1411472727272727
-0.03205090909090909
0.05999272727272727
-0.07088181818181817
-0.08115454545454545
0.027941818181818182
-0.02403818181818182
0.07971636363636364
0.12368363636363637
0.05136363636363636
0.1284090909090909
0.041912727272727275
0.013560000000000001
0.06677272727272728
-0.08259272727272728
-0.03616
0.12039636363636362
-0.16046
0.026298181818181814
0.1076581818181818
-0.12327272727272726
0.05937636363636363
0.0895781818181818
0.08423636363636364
0.031639999999999995
0.06019818181818181
0.027941818181818182
0.11074
0.08526363636363636
-0.08752363636363636
0.06862181818181817
-0.02301090909090909
-0.06122545454545455
0.08259272727272728
0.012327272727272727
-0.10252181818181817
0.12286181818181818
0.09841272727272728
-0.06615636363636364
0.17771818181818183
0.16272
0.08690727272727272
0.0678
0.006574545454545454
0.12327272727272726
0.0786890909090909
-0.15039272727272726
0.05033636363636364
0.15573454545454543
-0.1125890909090909
-0.013560000000000001
0.19682545454545455
0.02239454545454545
-0.020545454545454544
0.1727872727272727
-0.10396
-0.05896545454545454
0.008834545454545454
-0.14320181818181818
0.07006
-0.035749090909090904
-0.02218909090909091
0.15758363636363634
0.02403818181818182
0.031845454545454545
0.26174909090909093
0.13642181818181817
0.0069854545454545456
0.1573781818181818
0.11115090909090909
-0.06862181818181817
0.05177454545454545
0.06574545454545455
-0.09204363636363636
0.07375818181818182
-0.13806545454545455
-0.016436363636363638
0.17114363636363633
-0.15039272727272726
0.10190545454545454
0.1058090909090909
-0.1341618181818182
0.05958181818181818
0.11074
-0.08033272727272728
0.04622727272727272
0.07006
-0.1479272727272727
-0.023832727272727273
0.00041090909090909085
-0.0786890909090909
0.113
0.12799818181818182
-0.06389636363636363
0.2307254545454545
0.14525636363636363
0.01171090909090909
0.2888690909090909
-0.019723636363636363
0.021778181818181818
0.17792363636363634
-0.12347818181818182
-0.012943636363636362
0.14525636363636363
-0.10560363636363636
0.02609272727272727
0.08505818181818181
-0.06369090909090909
0.1836763636363636
0.08937272727272727
-0.06451272727272726
0.09635818181818182
0.07458
-0.13231272727272728
0.031229090909090908
0.10437090909090908
-0.02218909090909091
0.1314909090909091
-0.03246181818181818
-0.026298181818181814
0.19888
-0.0030818181818181817
0.008423636363636364
0.14402363636363635
-0.05855454545454545
0.06677272727272728
0.14895454545454545
-0.021778181818181818
0.06081454545454545
-0.0024654545454545454
-0.028352727272727273
0.009861818181818182
0.031845454545454545
0.02403818181818182
0.06143090909090909
0.10026181818181817
-0.00904
0.11793090909090909
0.031845454545454545
-0.030818181818181814
0.12080727272727272
0.035954545454545454
-0.04746
-0.0918381818181818
0.005958181818181818
0.03780363636363636
-0.03533818181818182
-0.034310909090909086
-0.030818181818181814
0.09224909090909092
0.08259272727272728
-0.007807272727272727
0.09923454545454545
0.0628690909090909
-0.008423636363636364
0.15018727272727272
-0.013765454545454546
-0.04540545454545454
0.17566363636363633
-0.011505454545454544
0.08937272727272727
0.09553636363636364
-0.11567090909090909
0.0041090909090909095
0.06595090909090909
-0.02218909090909091
-0.061841818181818185
0.09450909090909092
-0.0749909090909091
0.08649636363636364
0.2177818181818182
-0.09245454545454544
0.2075090909090909
0.1495709090909091
-0.02650363636363636
0.17381454545454544
0.015203636363636362
-0.11628727272727273
0.07293636363636363
0.002876363636363636
-0.10539818181818181
0.014381818181818181
0.013765454545454546
0.02938
0.13642181818181817
0.017874545454545452
-0.07314181818181818
0.22661636363636362
-0.04150181818181818
-0.03821454545454545
0.16888363636363635
-0.11094545454545454
0.11012363636363637
0.027325454545454545
-0.05896545454545454
0.11012363636363637
0.01890181818181818
0.031845454545454545
0.16724
0.08649636363636364
0.018285454545454546
0.1608709090909091
0.03944727272727273
-0.025476363636363634
0.07047090909090908
0.07560727272727272
-0.11341090909090909
-0.014998181818181817
0.07232
-0.06101999999999999
0.060609090909090904
-0.07663454545454546
0.06430727272727273
0.15347454545454545
-0.005958181818181818
0.13005272727272726
0.10478181818181817
0.03328363636363636
0.01705272727272727
0.00041090909090909085
-0.04930909090909091
-0.029585454545454543
-0.02403818181818182
-0.020545454545454544
-0.015409090909090907
0.0041090909090909095
-0.007190909090909091
0.09656363636363637
0.18614181818181816
-0.019518181818181816
0.1653909090909091
0.1012890909090909
-0.012738181818181817
0.16210363636363637
-0.04602181818181818
-0.03246181818181818
0.07766181818181818
-0.03718727272727273
-0.03246181818181818
0.08259272727272728
0.014587272727272727
0.007396363636363636
0.13190181818181818
0.002670909090909091
-0.04068
0.13621636363636364
0.04725454545454546
-0.025476363636363634
0.08485272727272727
-0.036776363636363635
0.014792727272727272
0.10601454545454544
-0.042529090909090905
0.05465090909090909
0.04889818181818182
-0.08834545454545455
0.08094909090909091
0.04869272727272727
-0.08279818181818181
0.1325181818181818
0.050747272727272724
-0.08382545454545455
0.10334363636363636
0.06163636363636363
-0.0010272727272727274
0.15183090909090907
0.027736363636363635
-0.07519636363636363
0.13868181818181818
-0.0008218181818181817
-0.007807272727272727
0.18203272727272726
0.009656363636363637
0.005136363636363636
0.17545818181818182
0.02609272727272727
-0.0067800000000000004
0.15984363636363638
-0.06903272727272727
-0.07047090909090908
0.10848000000000001
-0.1360109090909091
-0.06163636363636363
0.21100181818181818
-0.030818181818181814
-0.0008218181818181817
0.12121818181818181
0.0063690909090909084
0.14299636363636362
0.04602181818181818
-0.0226
0.06410181818181818
0.025887272727272724
-0.053212727272727266
0.06862181818181817
0.09512545454545453
-0.08382545454545455
0.1881963636363636
0.11895818181818181
-0.020956363636363638
0.19045636363636362
-0.0030818181818181817
0.04068
0.07355272727272727
-0.14258545454545454
0.05341818181818182
0.027325454545454545
-0.13395636363636362
0.14361272727272725
0.12327272727272726
-0.05115818181818182
0.09348181818181817
0.1608709090909091
0.026298181818181814
0.08423636363636364
0.11197272727272727
-0.06143090909090909
0.12368363636363637
-0.03143454545454545
-0.11875272727272726
0.13457272727272726
-0.13128545454545454
-0.10293272727272727
0.05341818181818182
-0.15799454545454544
-0.03800909090909091
0.13046363636363634
-0.005958181818181818
0.08567454545454545
0.12799818181818182
0.05177454545454545
0.1374490909090909
0.15532363636363636
0.05526727272727273
0.0063690909090909084
0.02075090909090909
-0.1555290909090909
0.0034927272727272728
0.16600727272727273
-0.05876
0.10437090909090908
0.20627636363636362
-0.015203636363636362
0.02691454545454545
0.027325454545454545
-0.06841636363636364
0.06718363636363636
-0.08423636363636364
-0.11546545454545454
0.050747272727272724
-0.011916363636363636
0.09327636363636364
0.15491272727272726
0.09122181818181817
0.052390909090909085
0.17936181818181818
0.04047454545454546
-0.07232
0.14012
-0.06697818181818181
-0.09081090909090908
0.08588
-0.0565
0.013354545454545456
0.19723636363636363
0.026298181818181814
0.0764290909090909
0.19559272727272728
0.00226
0.11279454545454545
0.10087818181818181
-0.039241818181818176
0.16744545454545454
0.08197636363636364
-0.14217454545454544
0.13128545454545454
0.09019454545454544
-0.1314909090909091
0.03800909090909091
-0.03533818181818182
-0.08834545454545455
0.008218181818181819
0.01849090909090909
0.014587272727272727
0.11977999999999998
0.003287272727272727
0.057527272727272726
0.16580181818181816
-0.14607818181818183
-0.034310909090909086
0.07478545454545454
-0.055678181818181814
-0.10971272727272725
0.11074
-0.019107272727272726
0.046432727272727264
0.29236181818181817
-0.024243636363636363
0.19744181818181816
0.02527090909090909
-0.04540545454545454
0.2183981818181818
-0.09224909090909092
-0.10930181818181818
0.06122545454545455
-0.11998545454545453
-0.06327999999999999
0.18840181818181817
-0.00904
0.12224545454545453
0.16908909090909088
0.06615636363636364
0.056705454545454545
0.014176363636363636
0.011094545454545454
0.007396363636363636
0.10827454545454546
-0.16169272727272727
0.05300727272727272
0.12799818181818182
-0.09882363636363636
0.09759090909090909
0.09389272727272728
-0.014176363636363636
0.038419999999999996
0.12676545454545454
0.017874545454545452
0.14587272727272727
0.03143454545454545
0.028969090909090906
0.13005272727272726
-0.05691090909090909
0.02691454545454545
0.03616
0.026298181818181814
-0.06471818181818181
0.01664181818181818
0.04129636363636364
-0.011094545454545454
0.1058090909090909
0.12594363636363634
0.08300363636363636
0.0764290909090909
0.11669818181818181
0.08649636363636364
0.07704545454545454
-0.09820727272727273
0.06389636363636363
0.06964909090909091
-0.12553272727272727
0.06677272727272728
0.09142727272727272
0.0034927272727272728
-0.0069854545454545456
0.08711272727272727
-0.1499818181818182
-0.05280181818181818
0.09759090909090909
-0.1871690909090909
-0.06944363636363636
-0.031229090909090908
-0.02362727272727273
0.12265636363636362
0.015409090909090907
0.03328363636363636
0.1984690909090909
0.059787272727272724
0.13888727272727272
0.21552181818181818
0.07375818181818182
0.02444909090909091
0.10190545454545454
0.08464727272727272
-0.18490909090909088
0.10868545454545453
0.013970909090909091
-0.10375454545454545
0.13334
-0.1758690909090909
-0.06512909090909091
0.02486
0.005341818181818182
0.12717636363636362
-0.0012327272727272727
-0.06040363636363636
0.1826490909090909
0.12902545454545453
-0.09779636363636364
0.11012363636363637
0.05177454545454545
-0.1325181818181818
-0.001438181818181818
0.09450909090909092
-0.02034
0.12142363636363637
0.19251090909090907
0.08711272727272727
0.14525636363636363
0.010067272727272725
0.05937636363636363
0.22641090909090908
0.01705272727272727
-0.12902545454545453
0.1058090909090909
-0.05095272727272727
0.004314545454545455
0.18922363636363634
-0.11279454545454545
0.05465090909090909
0.06101999999999999
0.025887272727272724
0.12060181818181817
-0.005341818181818182
0.031023636363636364
0.04437818181818182
-0.020545454545454544
-0.036776363636363635
0.09492
0.03451636363636364
-0.03451636363636364
0.0538290909090909
-0.06533454545454545
-0.08444181818181817
0.13888727272727272
0.07930545454545455
0.02218909090909091
0.09697454545454545
-0.08094909090909091
0.11402727272727273
0.14340727272727272
-0.05958181818181818
0.10067272727272727
0.030818181818181814
-0.013149090909090907
0.005752727272727272
0.027941818181818182
-0.0030818181818181817
0.008834545454545454
0.12532727272727273
-0.014792727272727272
0.06430727272727273
0.07355272727272727
-0.01849090909090909
0.11834181818181817
-0.01849090909090909
-0.14012
-0.005341818181818182
-0.012121818181818182
-0.05218545454545454
0.02013454545454545
0.08629090909090908
0.04417272727272727
0.10149454545454545
0.16169272727272727
0.005547272727272727
0.06553999999999999
0.07560727272727272
0.0741690909090909
0.11402727272727273
-0.08115454545454545
-0.014792727272727272
0.12553272727272727
-0.0113
-0.030407272727272724
0.04910363636363636
-0.10375454545454545
-0.02691454545454545
0.05485636363636363
-0.06985454545454545
0.11690363636363636
0.09327636363636364
0.030612727272727274
0.20668727272727272
0.13046363636363634
0.004725454545454545
0.12820363636363635
0.14443454545454545
-0.06615636363636364
0.01725818181818182
0.02075090909090909
-0.08629090909090908
0.056705454545454545
-0.05608909090909091
-0.06944363636363636
0.14916
-0.11834181818181817
-0.05732181818181818
0.20792
-0.08094909090909091
0.038625454545454546
0.07971636363636364
-0.013354545454545456
0.09841272727272728
0.032667272727272725
0.031845454545454545
0.06677272727272728
0.1306690909090909
-0.014792727272727272
0.11176727272727273
0.15676181818181817
-0.014176363636363636
0.21223454545454545
0.02116181818181818
-0.07930545454545455
0.19107272727272728
0.0113
-0.06964909090909091
0.10642545454545453
-0.09861818181818181
-0.061841818181818185
0.040063636363636364
-0.11176727272727273
0.05300727272727272
0.062458181818181815
0.04807636363636364
0.08772909090909091
0.16210363636363637
0.05999272727272727
0.0741690909090909
0.15922727272727272
-0.1723763636363636
0.03328363636363636
-0.01623090909090909
-0.15963818181818182
0.07396363636363636
0.025887272727272724
-0.09923454545454545
-0.02116181818181818
0.12717636363636362
0.04417272727272727
0.17422545454545454
0.08896181818181817
0.07909999999999999
0.11382181818181818
-0.07601818181818182
0.014998181818181817
0.08855090909090908
-0.059170909090909087
-0.12512181818181817
0.16025454545454546
-0.055883636363636364
-0.07601818181818182
0.1483381818181818
0.027325454545454545
0.08279818181818181
0.028352727272727273
0.03533818181818182
0.03698181818181818
0.011916363636363636
-0.034927272727272723
0.09224909090909092
0.09656363636363637
-0.11793090909090909
0.04602181818181818
0.0895781818181818
-0.02444909090909091
0.04068
0.09553636363636364
-0.01890181818181818
0.04129636363636364
-0.013970909090909091
-0.007807272727272727
0.20956363636363634
-0.009245454545454545
0.051569090909090905
0.17381454545454544
-0.09861818181818181
0.017874545454545452
0.23504
-0.03780363636363636
0.00041090909090909085
0.20381090909090907
-0.01171090909090909
0.038419999999999996
0.1551181818181818
0.02527090909090909
0.06451272727272726
0.10334363636363636
-0.10868545454545453
0.01849090909090909
0.07622363636363635
-0.1610763636363636
0.07190909090909091
0.03225636363636363
-0.14628363636363637
0.15943272727272728
0.11834181818181817
-0.032667272727272725
0.16559636363636362
0.07458
-0.09779636363636364
0.10149454545454545
0.03554363636363636
-0.0895781818181818
0.07704545454545454
-0.05259636363636363
-0.02527090909090909
0.12779272727272725
-0.06738909090909091
0.10272727272727272
0.20072909090909088
-0.051569090909090905
0.046432727272727264
0.09594727272727273
-0.06101999999999999
-0.041912727272727275
0.06430727272727273
-0.07314181818181818
0.02116181818181818
0.13046363636363634
-0.04294
0.15840545454545454
0.08362
-0.0010272727272727274
0.2206581818181818
0.019723636363636363
-0.09512545454545453
0.09553636363636364
0.03985818181818182
-0.05198
0.051569090909090905
-0.03718727272727273
-0.12902545454545453
-0.02218909090909091
-0.010478181818181819
-0.00041090909090909085
0.061841818181818185
-0.009245454545454545
0.11977999999999998
0.20401636363636363
0.0226
0.09081090909090908
0.1600490909090909
0.09471454545454545
0.08793454545454545
0.03451636363636364
-0.06451272727272726
-0.045816363636363634
0.07519636363636363
0.040885454545454544
0.04869272727272727
0.06882727272727272
0.04232363636363636
0.1865527272727273
0.049925454545454544
-0.07704545454545454
0.05711636363636363
-0.03739272727272727
-0.10334363636363636
0.004314545454545455
-0.03307818181818182
-0.051569090909090905
0.15943272727272728
0.09348181818181817
0.008012727272727272
0.16189818181818183
0.013149090909090907
0.08711272727272727
0.059170909090909087
-0.16991090909090908
0.020545454545454544
0.05814363636363636
-0.04232363636363636
0.0012327272727272727
0.11916363636363636
-0.02568181818181818
0.06143090909090909
0.2116181818181818
0.006574545454545454
0.15162545454545454
0.09430363636363637
-0.042734545454545456
0.12984727272727273
0.006574545454545454
-0.10026181818181817
0.07293636363636363
-0.06656727272727272
-0.1035490909090909
0.12512181818181817
-0.07930545454545455
-0.07725090909090909
0.1803890909090909
-0.017874545454545452
-0.029585454545454543
0.2206581818181818
0.03533818181818182
0.11402727272727273
0.14895454545454545
-0.1637472727272727
0.06163636363636363
0.08690727272727272
-0.22435636363636363
-0.03657090909090909
0.19826363636363634
-0.10457636363636363
0.11320545454545454
0.29647090909090906
-0.001438181818181818
0.2142890909090909
0.10416545454545453
0.040063636363636364
0.12203999999999998
-0.047665454545454546
-0.04068
0.04150181818181818
-0.14525636363636363
-0.13190181818181818
0.1623090909090909
-0.04068
0.08444181818181817
0.26195454545454544
0.07971636363636364
0.034927272727272723
0.11238363636363637
0.0470490909090909
-0.007190909090909091
-0.013970909090909091
-0.15265272727272727
0.09081090909090908
-0.02239454545454545
-0.07827818181818182
0.15614545454545453
0.02218909090909091
-0.06101999999999999
0.13107999999999997
0.08177090909090909
-0.08464727272727272
0.16662363636363633
-0.02568181818181818
-0.030407272727272724
0.061841818181818185
-0.05444545454545455
-0.014381818181818181
0.0447890909090909
-0.0039036363636363635
-0.08485272727272727
0.17196545454545456
-0.055678181818181814
0.018285454545454546
0.11341090909090909
0.02198363636363636
0.10786363636363637
0.07047090909090908
0.11834181818181817
-0.0006163636363636364
0.18531999999999998
-0.009245454545454545
-0.06821090909090909
0.09615272727272728
-0.07129272727272727
-0.02013454545454545
0.034927272727272723
0.019723636363636363
0.11217818181818182
0.05691090909090909
-0.1374490909090909
0.21901454545454546
0.013765454545454546
-0.13395636363636362
0.08711272727272727
-0.061841818181818185
-0.01808
0.03554363636363636
0.15799454545454544
0.014998181818181817
0.12224545454545453
0.15614545454545453
0.13991454545454546
0.22928727272727273
0.03636545454545455
0.08279818181818181
0.11341090909090909
-0.03328363636363636
-0.028763636363636363
0.1495709090909091
-0.15388545454545455
-0.07540181818181818
0.08978363636363636
-0.09985090909090909
-0.002876363636363636
0.05999272727272727
0.05013090909090909
-0.00041090909090909085
0.037598181818181815
-0.05095272727272727
0.12738181818181818
0.0402690909090909
-0.0452
0.15162545454545454
-0.11793090909090909
-0.1370381818181818
0.034927272727272723
0.06903272727272727
-0.013765454545454546
0.14977636363636362
0.10930181818181818
0.019723636363636363
0.21552181818181818
0.04663818181818182
0.04663818181818182
0.10539818181818181
-0.011505454545454544
0.015203636363636362
0.019312727272727273
-0.09964545454545454
0.013149090909090907
0.06204727272727273
-0.006574545454545454
0.020956363636363638
-0.028147272727272726
0.05896545454545454
0.10005636363636364
0.04951454545454545
0.002876363636363636
0.10046727272727272
-0.04376181818181818
-0.02116181818181818
0.17463636363636362
-0.06019818181818181
0.027120000000000002
0.03616
-0.0008218181818181817
0.07293636363636363
0.08156545454545455
0.059170909090909087
0.08012727272727273
0.11587636363636362
-0.06040363636363636
0.08136
0.11895818181818181
-0.0016436363636363634
0.059787272727272724
0.09738545454545454
-0.02198363636363636
0.026298181818181814
0.07683999999999999
-0.0008218181818181817
0.09800181818181818
-0.05280181818181818
0.06636181818181817
0.07170363636363636
-0.029174545454545453
0.09779636363636364
0.008218181818181819
0.030407272727272724
-0.09204363636363636
-0.007396363636363636
-0.013765454545454546
-0.04068
0.09964545454545454
-0.02486
0.09985090909090909
0.08978363636363636
-0.04663818181818182
0.10950727272727273
0.10848000000000001
-0.10108363636363636
0.0918381818181818
0.08341454545454545
-0.06533454545454545
0.10087818181818181
0.05526727272727273
0.009245454545454545
0.05115818181818182
0.04068
-0.12491636363636363
0.02650363636363636
-0.0010272727272727274
-0.09101636363636363
0.17545818181818182
-0.018696363636363636
0.0063690909090909084
0.17545818181818182
0.09944
0.09923454545454545
0.22538363636363634
0.016025454545454544
-0.05341818181818182
0.2206581818181818
-0.1499818181818182
-0.11998545454545453
0.09594727272727273
-0.1464890909090909
-0.02691454545454545
0.10437090909090908
-0.14422909090909092
0.06225272727272727
0.22127454545454545
-0.08629090909090908
0.16970545454545455
0.11567090909090909
-0.06019818181818181
0.12758727272727272
0.08546909090909091
-0.1017
0.04047454545454546
0.12306727272727273
-0.06533454545454545
0.21757636363636362
0.013149090909090907
-0.003698181818181818
0.32092
0.06040363636363636
-0.011505454545454544
0.10601454545454544
0.03985818181818182
-0.04828181818181818
0.09265999999999999
-0.1668290909090909
-0.03451636363636364
0.12738181818181818
-0.23935454545454546
0.07006
0.06019818181818181
-0.08341454545454545
0.19189454545454546
0.1573781818181818
0.011094545454545454
0.1510090909090909
0.07909999999999999
-0.07190909090909091
0.048487272727272726
0.003698181818181818
-0.07971636363636364
-0.012121818181818182
0.004314545454545455
-0.16189818181818183
0.07375818181818182
-0.00020545454545454542
-0.07437454545454546
0.2516818181818182
0.06101999999999999
0.06101999999999999
0.15573454545454543
0.0904
0.02075090909090909
0.03554363636363636
-0.01849090909090909
-0.00452
0.05054181818181818
-0.0918381818181818
0.04109090909090909
0.03472181818181818
-0.02691454545454545
0.1314909090909091
0.1633363636363636
-0.028352727272727273
0.0628690909090909
0.12655999999999998
-0.08238727272727273
0.003287272727272727
0.04787090909090909
-0.027736363636363635
-0.05300727272727272
0.029585454545454543
-0.03985818181818182
0.11115090909090909
0.0904
-0.10231636363636364
0.16970545454545455
-0.002876363636363636
-0.06553999999999999
0.20607090909090908
0.03533818181818182
-0.0041090909090909095
0.24675090909090908
-0.03698181818181818
-0.05485636363636363
0.15203636363636364
-0.02979090909090909
0.019518181818181816
0.03472181818181818
0.05629454545454545
-0.005958181818181818
0.07827818181818182
0.08670181818181817
0.0764290909090909
0.15573454545454543
-0.0727309090909091
0.05526727272727273
0.0764290909090909
-0.1524472727272727
-0.011916363636363636
0.06369090909090909
-0.16600727272727273
0.08115454545454545
0.08238727272727273
-0.04684363636363636
0.16888363636363635
-0.006574545454545454
0.13477818181818182
0.08197636363636364
-0.06985454545454545
0.09019454545454544
0.06800545454545455
-0.04458363636363636
-0.04232363636363636
0.12347818181818182
0.04828181818181818
0.027325454545454545
0.13929818181818182
0.06410181818181818
0.08444181818181817
0.14977636363636362
-0.05444545454545455
0.07108727272727272
0.01766909090909091
-0.10930181818181818
0.13046363636363634
-0.10642545454545453
-0.003287272727272727
0.12902545454545453
-0.00452
0.10293272727272727
0.12882
0.06389636363636363
0.015203636363636362
0.11854727272727272
0.00452
0.06697818181818181
0.0678
-0.15573454545454543
0.04109090909090909
-0.005341818181818182
-0.22764363636363635
-0.001849090909090909
0.032872727272727276
-0.10786363636363637
0.07992181818181819
0.02650363636363636
0.12265636363636362
0.19929090909090907
0.09019454545454544
0.20627636363636362
0.08629090909090908
-0.0113
0.005958181818181818
-0.0039036363636363635
-0.10293272727272727
-0.08094909090909091
0.10971272727272725
-0.0030818181818181817
-0.011094545454545454
0.19867454545454544
0.07725090909090909
0.0020545454545454547
0.04684363636363636
-0.11813636363636362
-0.018696363636363636
0.019107272727272726
-0.16744545454545454
0.06410181818181818
0.11279454545454545
-0.00904
0.14731090909090908
0.1637472727272727
0.0538290909090909
0.08670181818181817
0.09492
-0.11382181818181818
-0.04746
0.048487272727272726
-0.1686781818181818
0.04047454545454546
0.11012363636363637
-0.05033636363636364
0.19538727272727272
0.11156181818181818
0.06410181818181818
0.21264545454545453
0.05691090909090909
0.034927272727272723
0.18203272727272726
0.07047090909090908
-0.013354545454545456
0.13169636363636364
-0.001438181818181818
-0.03513272727272727
0.08444181818181817
-0.07170363636363636
-0.010683636363636364
0.14012
-0.1826490909090909
-0.023216363636363632
0.19086727272727272
-0.15450181818181818
0.15039272727272726
0.15635090909090907
-0.055883636363636364
0.10313818181818181
-0.004314545454545455
-0.055678181818181814
0.03307818181818182
0.02218909090909091
-0.1306690909090909
0.12799818181818182
0.1631309090909091
-0.08033272727272728
0.17771818181818183
0.16580181818181816
-0.08320909090909091
0.16210363636363637
0.07047090909090908
-0.21963090909090907
0.033694545454545456
-0.04910363636363636
-0.04972
0.05095272727272727
-0.04663818181818182
0.03821454545454545
0.13991454545454546
0.0895781818181818
0.04828181818181818
0.17936181818181818
-0.032872727272727276
0.0024654545454545454
0.05259636363636363
-0.13354545454545455
0.05999272727272727
0.021778181818181818
-0.0727309090909091
0.0678
0.020545454545454544
-0.05341818181818182
0.10067272727272727
0.07149818181818181
-0.00904
0.10786363636363637
0.05300727272727272
-0.03554363636363636
0.17504727272727272
0.05177454545454545
-0.09060545454545453
0.23483454545454546
-0.08875636363636363
-0.10519272727272726
0.2549690909090909
-0.06882727272727272
-0.054240000000000003
0.17607454545454546
0.045610909090909084
0.028969090909090906
0.17360909090909088
0.05999272727272727
0.09265999999999999
0.15984363636363638
-0.010889090909090909
0.04787090909090909
0.035954545454545454
-0.11669818181818181
0.06204727272727273
0.09101636363636363
-0.12758727272727272
0.10087818181818181
0.1415581818181818
-0.018696363636363636
0.05341818181818182
-0.00020545454545454542
-0.06451272727272726
-0.012738181818181817
-0.09348181818181817
-0.11731454545454545
0.14217454545454544
-0.07704545454545454
0.04828181818181818
0.31044181818181815
-0.05341818181818182
0.13642181818181817
0.22579454545454544
0.056705454545454545
0.08238727272727273
0.05999272727272727
-0.10642545454545453
-0.02157272727272727
0.06451272727272726
-0.15799454545454544
0.0226
0.010889090909090909
-0.11464363636363636
0.005341818181818182
0.061841818181818185
-0.0041090909090909095
0.059787272727272724
0.04314545454545454
-0.08403090909090909
0.12203999999999998
0.05300727272727272
-0.008218181818181819
0.13107999999999997
-0.026298181818181814
-0.10293272727272727
0.05485636363636363
-0.1216290909090909
0.007190909090909091
0.26277636363636364
-0.04889818181818182
0.17258181818181817
0.2029890909090909
-0.03821454545454545
0.16272
0.10971272727272725
0.016847272727272728
0.09101636363636363
0.05218545454545454
-0.08772909090909091
0.06101999999999999
0.09471454545454545
-0.045610909090909084
0.08218181818181818
0.028763636363636363
-0.028147272727272726
0.12882
-0.032872727272727276
0.014998181818181817
0.16210363636363637
-0.1826490909090909
0.024654545454545453
0.11731454545454545
-0.09964545454545454
0.14525636363636363
0.11361636363636363
-0.032872727272727276
0.0918381818181818
0.11217818181818182
-0.02650363636363636
0.12799818181818182
0.06677272727272728
-0.11731454545454545
0.1510090909090909
0.06862181818181817
-0.06040363636363636
0.11320545454545454
-0.022805454545454542
-0.06471818181818181
0.09759090909090909
0.016436363636363638
-0.023832727272727273
0.05896545454545454
0.033489090909090906
0.059170909090909087
0.12039636363636362
-0.011094545454545454
0.03205090909090909
0.15306363636363635
-0.05136363636363636
-0.025887272727272724
0.0063690909090909084
-0.1076581818181818
-0.008218181818181819
-0.017463636363636362
-0.09615272727272728
0.07108727272727272
0.12861454545454545
0.035954545454545454
0.17176
0.03616
-0.07848363636363635
0.14340727272727272
0.13436727272727272
-0.0940981818181818
0.01664181818181818
0.07827818181818182
-0.05608909090909091
0.15306363636363635
0.04232363636363636
-0.037598181818181815
0.08608545454545455
-0.04787090909090909
-0.024243636363636363
0.11916363636363636
0.006163636363636363
-0.02362727272727273
0.1766909090909091
-0.010478181818181819
-0.001849090909090909
0.2210690909090909
0.07026545454545453
0.11012363636363637
0.13087454545454547
-0.10601454545454544
-0.010067272727272725
0.03903636363636363
-0.13724363636363635
0.01766909090909091
0.02403818181818182
-0.17648545454545456
0.05608909090909091
0.1479272727272727
-0.113
0.10745272727272726
0.1337509090909091
-0.09142727272727272
0.13046363636363634
0.028352727272727273
0.05711636363636363
0.21264545454545453
-0.03451636363636364
0.030407272727272724
0.1415581818181818
-0.0226
0.005958181818181818
0.21572727272727274
0.0010272727272727274
-0.05526727272727273
0.11341090909090909
-0.02444909090909091
0.09635818181818182
0.08916727272727272
-0.08444181818181817
0.0628690909090909
0.03410545454545454
-0.10930181818181818
0.10827454545454546
-0.042734545454545456
-0.08403090909090909
0.2364781818181818
0.031023636363636364
0.021367272727272728
0.22826000000000002
0.14669454545454544
0.009861818181818182
0.045816363636363634
-0.06389636363636363
-0.0895781818181818
0.0452
-0.07704545454545454
-0.04150181818181818
0.010272727272727272
-0.07930545454545455
0.055061818181818184
0.20278363636363633
-0.0010272727272727274
0.12450545454545454
0.2301090909090909
-0.02157272727272727
0.07889454545454545
0.09019454545454544
-0.05732181818181818
-0.0024654545454545454
0.04828181818181818
-0.13436727272727272
-0.01808
0.07047090909090908
-0.03739272727272727
0.1103290909090909
0.024243636363636363
-0.023216363636363632
0.11834181818181817
0.04869272727272727
-0.053212727272727266
0.13169636363636364
0.02034
-0.10313818181818181
0.11320545454545454
-0.027530909090909092
-0.07560727272727272
0.07047090909090908
-0.00020545454545454542
-0.02670909090909091
0.0741690909090909
-0.08115454545454545
0.028969090909090906
0.15717272727272727
-0.016025454545454544
0.13785999999999998
0.1247109090909091
-0.026298181818181814
0.05465090909090909
0.1678563636363636
-0.03307818181818182
0.03883090909090909
0.14525636363636363
-0.07293636363636363
0.08156545454545455
0.07149818181818181
0.033489090909090906
0.16888363636363635
-0.0030818181818181817
-0.04684363636363636
0.1374490909090909
-0.07540181818181818
-0.09759090909090909
0.12820363636363635
-0.08567454545454545
-0.08074363636363636
0.18326545454545454
0.03533818181818182
-0.05526727272727273
0.23545090909090907
0.08937272727272727
0.06821090909090909
0.16415818181818181
-0.10026181818181817
0.14299636363636362
0.09204363636363636
-0.17422545454545454
0.09019454545454544
0.08978363636363636
-0.12491636363636363
0.11341090909090909
0.1758690909090909
-0.11567090909090909
0.11156181818181818
0.17258181818181817
-0.04869272727272727
-0.00226
-0.03944727272727273
-0.05855454545454545
0.13005272727272726
-0.014792727272727272
-0.017463636363636362
0.22168545454545452
-0.08526363636363636
0.041912727272727275
0.2364781818181818
-0.05095272727272727
0.0016436363636363634
0.10971272727272725
-0.010067272727272725
-0.014176363636363636
-0.010272727272727272
-0.05280181818181818
0.11916363636363636
-0.06019818181818181
-0.19600363636363635
0.08793454545454545
-0.03410545454545454
-0.0805381818181818
0.15429636363636362
0.056705454545454545
-0.06759454545454545
0.17052727272727272
0.21182363636363635
-0.027530909090909092
0.14916
0.09492
-0.0113
0.08279818181818181
-0.15142
-0.014176363636363636
0.09718
-0.01766909090909091
0.10334363636363636
0.1653909090909091
0.010067272727272725
0.0226
0.14710545454545454
-0.02670909090909091
-0.037598181818181815
0.04314545454545454
-0.10971272727272725
-0.03903636363636363
0.1524472727272727
-0.05485636363636363
0.049925454545454544
0.16354181818181818
-0.0016436363636363634
0.16046
0.06307454545454545
0.010683636363636364
0.04294
-0.04787090909090909
-0.08382545454545455
0.03410545454545454
0.03616
-0.08464727272727272
0.21059090909090908
0.03513272727272727
-0.07560727272727272
0.24017636363636363
0.08731818181818181
0.027530909090909092
0.19497636363636361
-0.011916363636363636
-0.027120000000000002
0.1633363636363636
-0.07170363636363636
0.03225636363636363
0.05999272727272727
-0.11053454545454545
-0.04129636363636364
0.014587272727272727
-0.0967690909090909
-0.06841636363636364
0.13128545454545454
-0.06718363636363636
0.1325181818181818
0.1600490909090909
-0.03718727272727273
0.18347090909090907
0.02609272727272727
-0.12553272727272727
0.05280181818181818
-0.043350909090909086
-0.12553272727272727
0.12532727272727273
0.01766909090909091
0.12532727272727273
0.2194254545454545
0.06738909090909091
0.16292545454545454
0.15922727272727272
-0.0016436363636363634
0.010272727272727272
0.13334
-0.2839381818181818
-0.07149818181818181
0.02486
-0.21737090909090906
0.09122181818181817
0.053212727272727266
0.11382181818181818
0.15039272727272726
0.14587272727272727
0.08197636363636364
0.15203636363636364
0.07190909090909091
-0.04602181818181818
0.08772909090909091
-0.04437818181818182
-0.026298181818181814
0.010889090909090909
0.022805454545454542
-0.03739272727272727
0.08629090909090908
-0.033489090909090906
0.02979090909090909
0.13354545454545455
-0.06944363636363636
0.1370381818181818
0.01808
-0.03800909090909091
-0.02218909090909091
0.07992181818181819
0.015409090909090907
-0.004314545454545455
0.061841818181818185
-0.05814363636363636
0.07211454545454546
-0.007190909090909091
0.07745636363636363
0.059787272727272724
0.07745636363636363
0.06944363636363636
0.08772909090909091
0.09368727272727272
-0.012943636363636362
0.12512181818181817
-0.05280181818181818
-0.07560727272727272
-0.013354545454545456
-0.007190909090909091
-0.02403818181818182
0.09307090909090908
0.02527090909090909
-0.07026545454545453
0.12121818181818181
-0.028558181818181816
0.04746
0.07930545454545455
-0.017874545454545452
-0.04930909090909091
-0.0030818181818181817
-0.0008218181818181817
0.04129636363636364
0.10539818181818181
-0.03821454545454545
0.2075090909090909
0.12738181818181818
-0.03780363636363636
0.24038181818181817
0.2794181818181818
-0.012943636363636362
0.011916363636363636
0.10519272727272726
-0.07745636363636363
0.07375818181818182
0.028763636363636363
-0.10745272727272726
-0.028558181818181816
-0.05876
-0.08238727272727273
0.11053454545454545
0.007190909090909091
-0.07232
0.1781290909090909
0.027736363636363635
0.055883636363636364
0.11012363636363637
0.042734545454545456
0.08218181818181818
0.028147272727272726
-0.12553272727272727
-0.06615636363636364
0.03554363636363636
-0.046432727272727264
0.18675818181818182
0.1499818181818182
0.0008218181818181817
0.1103290909090909
0.17484181818181818
0.06040363636363636
0.08772909090909091
0.07951090909090908
-0.06512909090909091
0.0805381818181818
-0.08197636363636364
-0.06512909090909091
0.09779636363636364
-0.04129636363636364
0.00452
0.10313818181818181
-0.05773272727272727
-0.002876363636363636
0.15470727272727272
-0.041707272727272725
0.027325454545454545
-0.007190909090909091
-0.12039636363636362
0.07848363636363635
0.06101999999999999
-0.11423272727272726
0.03698181818181818
0.06512909090909091
-0.09553636363636364
0.1723763636363636
0.1257381818181818
0.03944727272727273
0.1962090909090909
0.06040363636363636
0.043556363636363636
0.1296418181818182
-0.010478181818181819
0.009245454545454545
0.16210363636363637
-0.1257381818181818
-0.04232363636363636
0.06903272727272727
-0.06944363636363636
0.07683999999999999
0.03780363636363636
-0.009861818181818182
0.0402690909090909
0.1454618181818182
-0.05136363636363636
0.028969090909090906
0.1469
-0.1017
0.09492
0.02691454545454545
-0.11197272727272727
0.11156181818181818
0.07519636363636363
-0.06101999999999999
0.10642545454545453
0.005958181818181818
-0.06985454545454545
0.1610763636363636
0.05711636363636363
-0.0024654545454545454
0.10950727272727273
0.07375818181818182
-0.05033636363636364
0.11505454545454545
0.06718363636363636
-0.05033636363636364
0.11423272727272726
-0.05136363636363636
-0.07437454545454546
0.04725454545454546
-0.025476363636363634
0.08218181818181818
0.20956363636363634
-0.08711272727272727
0.007807272727272727
0.22641090909090908
-0.03410545454545454
0.08814
0.08136
-0.07766181818181818
0.016847272727272728
0.0012327272727272727
-0.06636181818181817
0.052390909090909085
0.03410545454545454
-0.12553272727272727
0.07971636363636364
0.0067800000000000004
-0.09327636363636364
0.1935381818181818
0.05054181818181818
-0.08259272727272728
0.1528581818181818
0.02342181818181818
-0.05547272727272727
0.18244363636363634
0.036776363636363635
-0.033489090909090906
0.1645690909090909
-0.040063636363636364
0.031229090909090908
0.25989999999999996
-0.03451636363636364
0.10252181818181817
0.16949999999999998
-0.09718
0.1325181818181818
0.1125890909090909
-0.10457636363636363
0.04211818181818182
0.039241818181818176
-0.10334363636363636
-0.023216363636363632
-0.010478181818181819
0.00945090909090909
0.1469
-0.011505454545454544
0.0006163636363636364
0.2409981818181818
0.027736363636363635
0.005341818181818182
0.19127818181818182
-0.002876363636363636
-0.08177090909090909
0.01623090909090909
0.013354545454545456
-0.08649636363636364
-0.029174545454545453
-0.0006163636363636364
-0.033489090909090906
-0.002876363636363636
0.003698181818181818
0.16580181818181816
0.0990290909090909
0.03246181818181818
0.16354181818181818
0.08197636363636364
-0.05177454545454545
0.04294
0.0805381818181818
-0.060609090909090904
-0.013970909090909091
0.013560000000000001
0.03821454545454545
-0.001849090909090909
-0.01766909090909091
0.0727309090909091
0.03246181818181818
0.02362727272727273
0.02486
0.08423636363636364
-0.0402690909090909
-0.06944363636363636
0.07704545454545454
-0.03718727272727273
-0.04437818181818182
0.12676545454545454
0.07683999999999999
-0.012121818181818182
0.1306690909090909
0.02362727272727273
0.025065454545454544
0.11094545454545454
-0.04663818181818182
0.1216290909090909
0.09389272727272728
-0.05773272727272727
0.1329290909090909
0.08855090909090908
-0.07437454545454546
0.06677272727272728
0.06595090909090909
-0.06985454545454545
0.08320909090909091
0.04437818181818182
-0.05547272727272727
0.14279090909090908
0.10046727272727272
0.001849090909090909
0.18285454545454544
0.02979090909090909
-0.008012727272727272
0.2023727272727273
-0.17381454545454544
-0.11320545454545454
0.20956363636363634
-0.1325181818181818
-0.09985090909090909
0.16559636363636362
0.0063690909090909084
0.07519636363636363
0.20072909090909088
0.010067272727272725
0.001438181818181818
0.012532727272727272
-0.03698181818181818
0.09553636363636364
0.03903636363636363
-0.13498363636363636
0.08814
0.12080727272727272
-0.09944
0.14443454545454545
0.14237999999999998
-0.04828181818181818
0.09019454545454544
0.018285454545454546
-0.04663818181818182
0.016025454545454544
-0.0012327272727272727
0.1247109090909091
0.10971272727272725
-0.11567090909090909
0.10539818181818181
0.21285090909090906
-0.033694545454545456
0.059170909090909087
0.08649636363636364
-0.01664181818181818
0.019723636363636363
0.07827818181818182
-0.0034927272727272728
0.03636545454545455
0.0016436363636363634
-0.08485272727272727
0.04725454545454546
-0.10909636363636364
-0.13128545454545454
0.07930545454545455
0.018285454545454546
-0.003287272727272727
0.15203636363636364
0.1125890909090909
0.12491636363636363
0.2120290909090909
0.10457636363636363
0.045610909090909084
0.1058090909090909
0.01623090909090909
-0.0940981818181818
0.010889090909090909
-0.15224181818181817
-0.08382545454545455
0.2210690909090909
-0.059170909090909087
0.01992909090909091
0.1586109090909091
-0.03143454545454545
0.06307454545454545
-0.039241818181818176
-0.09841272727272728
-0.01890181818181818
-0.0067800000000000004
0.0008218181818181817
0.06163636363636363
0.14053090909090907
-0.018285454545454546
0.12080727272727272
0.20463272727272727
-0.10827454545454546
0.0452
0.019312727272727273
-0.13190181818181818
0.08855090909090908
-0.05937636363636363
-0.03883090909090909
0.14607818181818183
0.014587272727272727
0.12265636363636362
0.15984363636363638
-0.003698181818181818
0.10848000000000001
0.22682181818181818
-0.01664181818181818
-0.030818181818181814
0.15943272727272728
-0.09368727272727272
0.02670909090909091
0.13847636363636362
-0.16415818181818181
0.008423636363636364
0.11053454545454545
-0.10046727272727272
0.03616
0.08464727272727272
-0.07560727272727272
0.20114
0.0990290909090909
-0.0016436363636363634
0.22415090909090907
0.014381818181818181
-0.017874545454545452
0.02609272727272727
-0.07951090909090908
-0.07355272727272727
0.12512181818181817
-0.0067800000000000004
0.05115818181818182
0.23154727272727274
-0.019107272727272726
0.18552545454545455
0.12799818181818182
-0.04314545454545454
0.11690363636363636
0.031845454545454545
-0.16210363636363637
-0.007807272727272727
-0.04437818181818182
-0.18573090909090906
0.19271636363636363
0.019107272727272726
-0.05999272727272727
0.23976545454545453
0.11423272727272726
0.02198363636363636
0.12779272727272725
-0.08382545454545455
-0.07992181818181819
0.10149454545454545
-0.1360109090909091
0.016847272727272728
0.06718363636363636
-0.02670909090909091
0.02342181818181818
0.11156181818181818
-0.03246181818181818
-0.03800909090909091
0.19107272727272728
-0.08814
0.058349090909090906
0.05177454545454545
-0.010889090909090909
0.14032545454545453
-0.05095272727272727
0.009861818181818182
0.06718363636363636
-0.015203636363636362
-0.03328363636363636
0.1337509090909091
-0.025476363636363634
-0.12717636363636362
0.17484181818181818
0.15039272727272726
0.040063636363636364
0.13621636363636364
0.09594727272727273
0.09101636363636363
0.17463636363636362
-0.08834545454545455
-0.009656363636363637
0.08998909090909091
-0.13272363636363635
-0.08464727272727272
0.0764290909090909
-0.0226
-0.008834545454545454
0.20607090909090908
0.02403818181818182
0.02403818181818182
0.030612727272727274
-0.020956363636363638
0.029585454545454543
-0.028558181818181816
-0.021778181818181818
0.038625454545454546
0.1216290909090909
0.01766909090909091
0.1351890909090909
0.21716545454545452
0.06204727272727273
0.16949999999999998
0.19682545454545455
-0.02650363636363636
-0.005547272727272727
-0.039241818181818176
-0.03883090909090909
0.09594727272727273
-0.20771454545454546
-0.07334727272727272
0.055061818181818184
-0.052390909090909085
0.046432727272727264
0.02301090909090909
0.05485636363636363
0.010272727272727272
0.12902545454545453
-0.0008218181818181817
-0.045610909090909084
0.10950727272727273
-0.01849090909090909
0.05937636363636363
0.0034927272727272728
-0.1840872727272727
0.005136363636363636
0.08197636363636364
-0.06019818181818181
0.15922727272727272
0.10786363636363637
0.008012727272727272
0.1840872727272727
0.14525636363636363
0.10149454545454545
0.09471454545454545
0.08259272727272728
0.002670909090909091
0.05136363636363636
-0.03205090909090909
-0.06512909090909091
0.042734545454545456
-0.024654545454545453
0.013354545454545456
0.04787090909090909
-0.03410545454545454
0.018285454545454546
0.14874909090909091
-0.04972
0.00452
0.038419999999999996
-0.02979090909090909
0.17299272727272727
0.0063690909090909084
-0.007601818181818181
0.08588
0.029174545454545453
0.07930545454545455
0.061841818181818185
0.028558181818181816
0.04458363636363636
0.10642545454545453
0.06923818181818181
-0.00904
0.061841818181818185
0.08115454545454545
-0.030612727272727274
0.06636181818181817
-0.038419999999999996
-0.0741690909090909
0.12758727272727272
-0.028352727272727273
0.0452
0.02075090909090909
0.022805454545454542
0.19127818181818182
0.09471454545454545
0.028969090909090906
-0.010067272727272725
0.04540545454545454
-0.013149090909090907
0.03616
0.0016436363636363634
-0.14402363636363635
0.024654545454545453
0.044994545454545454
-0.031845454545454545
0.05115818181818182
0.04951454545454545
0.003698181818181818
0.15203636363636364
0.006574545454545454
-0.013765454545454546
0.18121090909090906
-0.029174545454545453
0.002670909090909091
0.11895818181818181
-0.013149090909090907
-0.08423636363636364
0.14422909090909092
0.06430727272727273
-0.07108727272727272
0.10108363636363636
-0.08505818181818181
0.10498727272727272
0.14874909090909091
-0.06636181818181817
0.13046363636363634
0.11772545454545454
0.04129636363636364
0.1569672727272727
0.11793090909090909
-0.10231636363636364
0.021778181818181818
0.028352727272727273
-0.17011636363636362
-0.04150181818181818
-0.031845454545454545
-0.1495709090909091
0.07540181818181818
0.05095272727272727
-0.08937272727272727
0.22271272727272726
0.036776363636363635
-0.00041090909090909085
0.3157836363636363
-0.008218181818181819
-0.07149818181818181
0.20216727272727272
0.012327272727272727
-0.05218545454545454
0.06800545454545455
-0.09060545454545453
0.07704545454545454
0.20833090909090907
-0.05547272727272727
0.08526363636363636
0.20319454545454546
-0.08916727272727272
0.06410181818181818
0.13128545454545454
-0.15367999999999998
0.056705454545454545
0.06615636363636364
-0.06040363636363636
0.020545454545454544
-0.04972
0.026298181818181814
0.18511454545454545
0.07601818181818182
0.00041090909090909085
0.2342181818181818
0.055678181818181814
-0.016436363636363638
0.16354181818181818
-0.09307090909090908
-0.05300727272727272
0.06862181818181817
-0.1469
-0.04376181818181818
0.07622363636363635
-0.12635454545454544
0.0990290909090909
0.09081090909090908
-0.07211454545454546
0.2097690909090909
0.14854363636363635
0.1088909090909091
0.16148727272727273
0.07088181818181817
0.0041090909090909095
0.02650363636363636
0.005136363636363636
-0.05793818181818181
0.00041090909090909085
0.02075090909090909
0.005547272727272727
0.030612727272727274
0.014998181818181817
-0.02609272727272727
0.15902181818181815
0.002876363636363636
-0.03451636363636364
0.08423636363636364
-0.15819999999999998
0.06492363636363636
0.037598181818181815
-0.1397090909090909
0.07663454545454546
0.04068
-0.03533818181818182
0.10909636363636364
0.07314181818181818
-0.016025454545454544
0.11402727272727273
0.060609090909090904
-0.08629090909090908
0.05177454545454545
0.11834181818181817
-0.05896545454545454
0.15922727272727272
0.07088181818181817
-0.10005636363636364
0.18593636363636362
0.0039036363636363635
-0.012943636363636362
0.12902545454545453
-0.047665454545454546
-0.04663818181818182
0.13683272727272727
-0.029996363636363634
0.01849090909090909
0.22168545454545452
-0.08896181818181817
0.01992909090909091
0.15162545454545454
-0.15059818181818183
-0.009245454545454545
0.14361272727272725
-0.16559636363636362
0.055883636363636364
0.18737454545454543
-0.09985090909090909
0.15532363636363636
0.19189454545454546
-0.0041090909090909095
0.07047090909090908
0.05259636363636363
-0.05115818181818182
0.10437090909090908
-0.02670909090909091
-0.13107999999999997
0.17751272727272727
0.041912727272727275
0.034927272727272723
0.17628
0.09307090909090908
0.07088181818181817
0.1374490909090909
0.01171090909090909
-0.05218545454545454
0.08608545454545455
-0.11628727272727273
0.01992909090909091
0.07807272727272727
-0.09861818181818181
0.10868545454545453
0.06903272727272727
-0.025887272727272724
0.16354181818181818
0.07026545454545453
-0.07663454545454546
0.1292309090909091
0.008012727272727272
-0.023832727272727273
0.08094909090909091
-0.02486
-0.0010272727272727274
0.008012727272727272
-0.05629454545454545
-0.04068
0.04725454545454546
-0.07745636363636363
-0.0006163636363636364
0.13169636363636364
0.04396727272727272
0.03616
0.11854727272727272
0.09841272727272728
0.09081090909090908
0.11669818181818181
-0.08875636363636363
-0.016436363636363638
-0.01808
-0.0895781818181818
0.06122545454545455
0.053212727272727266
0.016436363636363638
0.10087818181818181
0.12512181818181817
-0.008834545454545454
0.025887272727272724
-0.0069854545454545456
-0.061841818181818185
-0.014998181818181817
-0.014381818181818181
-0.07930545454545455
0.05526727272727273
0.16580181818181816
0.026298181818181814
0.14936545454545455
0.07889454545454545
0.033694545454545456
0.12429999999999998
0.02609272727272727
-0.02979090909090909
-0.012121818181818182
-0.05362363636363636
-0.008218181818181819
0.19086727272727272
-0.04458363636363636
0.021778181818181818
0.23257454545454545
0.013765454545454546
0.07540181818181818
0.13457272727272726
0.008012727272727272
0.07663454545454546
0.15573454545454543
-0.046432727272727264
0.054034545454545446
0.07540181818181818
-0.10601454545454544
0.10211090909090909
-0.007396363636363636
-0.19230545454545456
0.09718
0.05013090909090909
-0.15902181818181815
0.07006
0.07252545454545453
-0.005958181818181818
0.1682672727272727
0.13190181818181818
-0.05033636363636364
0.15676181818181817
0.0041090909090909095
-0.10416545454545453
0.10519272727272726
-0.16415818181818181
0.0764290909090909
0.09492
-0.001438181818181818
0.16724
0.09307090909090908
0.05013090909090909
0.10108363636363636
0.13642181818181817
-0.08814
-0.016436363636363638
-0.10313818181818181
-0.14135272727272727
0.002876363636363636
-0.005752727272727272
-0.005752727272727272
0.11217818181818182
0.13683272727272727
0.02362727272727273
0.21346727272727273
0.08526363636363636
0.1360109090909091
0.0339
-0.0904
0.03718727272727273
-0.04458363636363636
-0.03780363636363636
0.017463636363636362
0.09060545454545453
-0.14566727272727273
0.048487272727272726
0.05054181818181818
0.028763636363636363
0.14073636363636363
0.037598181818181815
0.11834181818181817
0.043556363636363636
0.11402727272727273
0.017463636363636362
0.08505818181818181
-0.041707272727272725
0.009245454545454545
0.15635090909090907
-0.08711272727272727
-0.014998181818181817
0.08731818181818181
0.11608181818181817
-0.06615636363636364
0.11012363636363637
0.06964909090909091
-0.00945090909090909
0.1668290909090909
-0.0039036363636363635
-0.043556363636363636
0.06163636363636363
-0.011094545454545454
-0.08649636363636364
0.14443454545454545
-0.11217818181818182
0.0041090909090909095
0.15573454545454543
-0.08505818181818181
0.1125890909090909
0.045816363636363634
-0.018696363636363636
-0.02075090909090909
-0.04417272727272727
-0.10622
0.05526727272727273
0.06821090909090909
-0.008423636363636364
0.16662363636363633
0.06985454545454545
0.01705272727272727
0.2093581818181818
0.2307254545454545
-0.054034545454545446
0.13765454545454545
-0.04684363636363636
-0.09882363636363636
0.19230545454545456
-0.17648545454545456
-0.011094545454545454
0.06451272727272726
-0.13334
-0.03883090909090909
0.10005636363636364
-0.030407272727272724
0.04930909090909091
0.16128181818181817
-0.10991818181818182
0.10498727272727272
0.10622
0.0063690909090909084
0.1103290909090909
0.04294
-0.08156545454545455
0.051569090909090905
0.07252545454545453
-0.11813636363636362
0.1894290909090909
0.1296418181818182
-0.04150181818181818
0.16580181818181816
0.07663454545454546
0.03143454545454545
0.18100545454545455
0.02116181818181818
0.06327999999999999
0.13005272727272726
-0.1341618181818182
0.07355272727272727
0.11074
-0.07232
0.014381818181818181
0.045610909090909084
-0.08690727272727272
0.06512909090909091
0.10457636363636363
-0.15635090909090907
0.12306727272727273
-0.004314545454545455
-0.14340727272727272
0.14135272727272727
-0.032667272727272725
0.025476363636363634
0.17032181818181816
-0.07190909090909091
-0.04150181818181818
0.15491272727272726
0.02198363636363636
0.05896545454545454
0.15758363636363634
-0.0452
0.032667272727272725
0.13005272727272726
-0.03739272727272727
0.06862181818181817
0.13847636363636362
-0.11074
-0.012532727272727272
0.07560727272727272
-0.12532727272727273
0.07704545454545454
0.1088909090909091
-0.06553999999999999
0.05608909090909091
0.06369090909090909
0.052390909090909085
0.1306690909090909
0.07622363636363635
-0.01849090909090909
0.02034
0.014587272727272727
-0.06923818181818181
0.04211818181818182
0.02568181818181818
-0.09286545454545453
0.12429999999999998
0.06636181818181817
-0.07314181818181818
0.13190181818181818
0.04150181818181818
0.028147272727272726
0.17073272727272726
-0.01623090909090909
0.005136363636363636
0.17566363636363633
-0.011916363636363636
-0.033489090909090906
0.10683636363636365
-0.023832727272727273
-0.0016436363636363634
0.07560727272727272
-0.04910363636363636
0.034927272727272723
0.15799454545454544
-0.03698181818181818
0.0940981818181818
0.16415818181818181
-0.12101272727272726
0.17402
0.15922727272727272
-0.12491636363636363
0.09738545454545454
0.02013454545454545
-0.11998545454545453
0.03985818181818182
-0.038625454545454546
-0.11279454545454545
0.004725454545454545
-0.05259636363636363
0.03020181818181818
0.07190909090909091
-0.028352727272727273
0.042734545454545456
0.13005272727272726
0.03944727272727273
0.013149090909090907
0.1826490909090909
-0.005136363636363636
0.06533454545454545
0.11423272727272726
-0.10642545454545453
0.11834181818181817
0.12327272727272726
-0.055883636363636364
0.13025818181818183
0.16189818181818183
-0.01992909090909091
0.15635090909090907
0.005136363636363636
-0.033694545454545456
0.09204363636363636
-0.06862181818181817
0.032667272727272725
-0.015409090909090907
-0.07848363636363635
0.0006163636363636364
0.10827454545454546
-0.01992909090909091
0.07314181818181818
0.2771581818181818
0.013765454545454546
0.10416545454545453
0.22024727272727274
0.0020545454545454547
-0.041707272727272725
0.005958181818181818
-0.08403090909090909
-0.05198
-0.05793818181818181
-0.12080727272727272
0.06512909090909091
-0.030612727272727274
-0.06204727272727273
0.19641454545454545
0.12224545454545453
0.03533818181818182
0.1962090909090909
0.1419690909090909
-0.001849090909090909
0.14032545454545453
0.024654545454545453
-0.12224545454545453
0.02034
0.0020545454545454547
-0.04314545454545454
0.012943636363636362
0.010478181818181819
0.006574545454545454
0.06882727272727272
-0.04150181818181818
0.06903272727272727
0.12080727272727272
-0.1645690909090909
-0.02362727272727273
0.10560363636363636
-0.08937272727272727
-0.002876363636363636
0.1397090909090909
-0.04376181818181818
0.06225272727272727
0.15943272727272728
-0.015409090909090907
0.11875272727272726
0.05485636363636363
-0.007807272727272727
0.14381818181818182
-0.030612727272727274
-0.04047454545454546
0.18737454545454543
0.014792727272727272
-0.08546909090909091
0.14854363636363635
0.031023636363636364
-0.029585454545454543
0.10663090909090908
0.031845454545454545
0.009245454545454545
0.04232363636363636
0.0039036363636363635
0.07190909090909091
0.19415454545454544
-0.012738181818181817
0.04807636363636364
0.14916
-0.1586109090909091
0.02116181818181818
0.12368363636363637
-0.15203636363636364
0.03739272727272727
0.1292309090909091
-0.07560727272727272
0.12594363636363634
0.09944
0.02342181818181818
0.16580181818181816
-0.02342181818181818
0.031639999999999995
0.08382545454545455
-0.09430363636363637
0.0034927272727272728
0.10498727272727272
-0.05937636363636363
-0.02116181818181818
0.20381090909090907
0.04376181818181818
0.04068
0.2029890909090909
-0.016436363636363638
0.01171090909090909
0.06266363636363637
-0.14402363636363635
0.07047090909090908
-0.001438181818181818
-0.16621272727272726
0.23606727272727274
0.05608909090909091
-0.1306690909090909
0.226
0.08464727272727272
-0.10334363636363636
0.15080363636363636
0.06266363636363637
-0.10786363636363637
0.11217818181818182
0.04109090909090909
-0.02013454545454545
0.036776363636363635
-0.08567454545454545
0.05198
0.05814363636363636
-0.15676181818181817
0.03698181818181818
0.17484181818181818
-0.09307090909090908
0.09615272727272728
0.23606727272727274
-0.007190909090909091
0.11690363636363636
0.17648545454545456
0.013970909090909091
0.004314545454545455
-0.01664181818181818
-0.09533090909090909
0.028969090909090906
-0.0226
-0.041707272727272725
0.17319818181818183
0.09389272727272728
0.026298181818181814
0.19292181818181817
0.01664181818181818
-0.10642545454545453
0.1682672727272727
-0.0990290909090909
-0.13785999999999998
0.11546545454545454
-0.09122181818181817
0.05054181818181818
0.10313818181818181
0.00020545454545454542
0.09944
0.060609090909090904
-0.0016436363636363634
0.03698181818181818
0.04417272727272727
-0.13991454545454546
-0.004314545454545455
0.12902545454545453
-0.10950727272727273
0.09348181818181817
0.23236909090909091
-0.023216363636363632
0.18573090909090906
0.20874181818181817
-0.08629090909090908
0.12738181818181818
0.16025454545454546
-0.08855090909090908
-0.0113
-0.07149818181818181
-0.08752363636363636
0.09800181818181818
-0.1216290909090909
-0.10909636363636364
0.10848000000000001
-0.06964909090909091
-0.05526727272727273
0.1569672727272727
0.07725090909090909
0.02650363636363636
0.21737090909090906
0.14012
0.04211818181818182
0.14053090909090907
-0.009861818181818182
0.0226
0.04211818181818182
-0.14669454545454544
0.07704545454545454
0.1058090909090909
-0.02075090909090909
0.18223818181818183
0.12203999999999998
-0.005341818181818182
0.19929090909090907
0.10293272727272727
-0.08711272727272727
0.0727309090909091
-0.05958181818181818
-0.14053090909090907
-0.014792727272727272
-0.05958181818181818
0.021367272727272728
0.1577890909090909
0.08444181818181817
0.057527272727272726
0.22168545454545452
0.08115454545454545
0.07375818181818182
0.12224545454545453
-0.07745636363636363
-0.04417272727272727
-0.030407272727272724
-0.04602181818181818
-0.01992909090909091
-0.027530909090909092
-0.029585454545454543
0.048487272727272726
-0.00020545454545454542
-0.021778181818181818
0.12799818181818182
0.10868545454545453
0.0006163636363636364
0.07951090909090908
0.04150181818181818
-0.09122181818181817
0.08978363636363636
-0.03205090909090909
-0.02670909090909091
0.08937272727272727
-0.05773272727272727
-0.013560000000000001
0.0895781818181818
0.012327272727272727
-0.07067636363636363
0.18347090909090907
0.011094545454545454
0.02609272727272727
0.22538363636363634
-0.05300727272727272
0.02568181818181818
0.10005636363636364
-0.08937272727272727
-0.05259636363636363
0.09697454545454545
-0.10457636363636363
-0.007807272727272727
0.15347454545454545
-0.005136363636363636
0.037598181818181815
0.1321072727272727
0.09574181818181818
0.02218909090909091
0.02075090909090909
-0.1088909090909091
0.11526
0.03451636363636364
-0.062458181818181815
0.20730363636363636
0.01623090909090909
0.051569090909090905
0.2331909090909091
0.15635090909090907
0.05876
0.20319454545454546
-0.01725818181818182
-0.02670909090909091
0.11752
-0.1528581818181818
0.03800909090909091
0.06512909090909091
-0.16621272727272726
-0.028969090909090906
0.11176727272727273
-0.08485272727272727
0.1366272727272727
0.15265272727272727
-0.12594363636363634
0.10005636363636364
0.12409454545454546
0.013970909090909091
0.01623090909090909
0.03410545454545454
-0.11382181818181818
0.06985454545454545
-0.03554363636363636
-0.15059818181818183
0.20463272727272727
-0.00020545454545454542
0.07232
0.15676181818181817
0.04232363636363636
0.07108727272727272
0.08793454545454545
0.07478545454545454
0.08094909090909091
0.059170909090909087
-0.12121818181818181
0.05608909090909091
0.051569090909090905
-0.12553272727272727
0.011505454545454544
0.03472181818181818
-0.08320909090909091
0.07745636363636363
0.02198363636363636
-0.051569090909090905
0.14053090909090907
-0.059170909090909087
-0.019723636363636363
0.05691090909090909
-0.042529090909090905
-0.001438181818181818
0.13025818181818183
0.04828181818181818
-0.06348545454545454
0.18984
0.027325454545454545
0.07026545454545453
0.23031454545454547
-0.006163636363636363
0.05711636363636363
0.06800545454545455
-0.0039036363636363635
0.11423272727272726
0.05177454545454545
-0.0940981818181818
0.08218181818181818
0.05362363636363636
-0.06081454545454545
0.09245454545454544
0.05033636363636364
-0.01664181818181818
0.12142363636363637
0.08279818181818181
-0.09368727272727272
0.055678181818181814
0.10601454545454544
-0.0113
0.0447890909090909
-0.10806909090909089
0.019107272727272726
0.18984
-0.15717272727272727
0.08896181818181817
0.07478545454545454
-0.062458181818181815
0.1058090909090909
0.027941818181818182
0.11464363636363636
-0.11423272727272726
0.24921636363636362
0.10231636363636364
-0.14607818181818183
0.15039272727272726
-0.10539818181818181
0.18490909090909088
-0.007807272727272727
-0.0904
0.09101636363636363
-0.06040363636363636
-0.01171090909090909
0.08197636363636364
0.08711272727272727
-0.16498
0.10334363636363636
0.1088909090909091
-0.00020545454545454542
0.1370381818181818
0.08444181818181817
0.07190909090909091
0.11977999999999998
0.029996363636363634
-0.11279454545454545
0.09122181818181817
-0.06081454545454545
-0.06081454545454545
0.02342181818181818
-0.18121090909090906
-0.051569090909090905
0.18141636363636363
0.005547272727272727
-0.02075090909090909
0.22374
-0.0067800000000000004
0.12882
0.11443818181818181
-0.02034
0.13313454545454545
-0.04417272727272727
-0.01705272727272727
0.07252545454545453
0.014176363636363636
-0.04068
0.16724
0.08526363636363636
-0.05115818181818182
0.22271272727272726
0.019723636363636363
0.008834545454545454
0.23339636363636362
-0.06697818181818181
-0.050747272727272724
0.012121818181818182
-0.13107999999999997
0.1103290909090909
-0.0030818181818181817
-0.11998545454545453
0.12882
0.09923454545454545
0.028969090909090906
0.15491272727272726
0.1865527272727273
-0.06553999999999999
0.01623090909090909
0.11402727272727273
-0.12409454545454546
0.0226
-0.033694545454545456
-0.0749909090909091
0.06266363636363637
-0.12060181818181817
-0.004725454545454545
0.09594727272727273
0.08998909090909091
0.20031818181818178
0.1781290909090909
0.04602181818181818
0.07909999999999999
0.19004545454545455
0.013354545454545456
-0.049925454545454544
0.09122181818181817
-0.009861818181818182
-0.07006
0.0010272727272727274
-0.08115454545454545
0.034310909090909086
0.0805381818181818
-0.018285454545454546
0.059787272727272724
0.04746
-0.016436363636363638
0.06574545454545455
0.04869272727272727
-0.13806545454545455
0.06903272727272727
0.05526727272727273
-0.13642181818181817
0.1103290909090909
0.06430727272727273
-0.02403818181818182
0.1035490909090909
0.08834545454545455
0.010683636363636364
0.08341454545454545
0.0447890909090909
0.03800909090909091
0.17011636363636362
-0.02075090909090909
0.019723636363636363
0.13477818181818182
-0.10252181818181817
-0.014998181818181817
0.15388545454545455
-0.1314909090909091
-0.05444545454545455
0.13539454545454546
-0.0764290909090909
0.08218181818181818
0.11587636363636362
-0.005547272727272727
0.12594363636363634
0.08916727272727272
-0.002876363636363636
0.08403090909090909
-0.033489090909090906
-0.17422545454545454
0.06369090909090909
-0.0069854545454545456
-0.05198
0.14628363636363637
0.06636181818181817
0.030407272727272724
0.15902181818181815
0.04437818181818182
0.0024654545454545454
0.1723763636363636
-0.05259636363636363
-0.06923818181818181
0.0940981818181818
-0.08259272727272728
0.06985454545454545
0.25394181818181816
-0.06101999999999999
0.08505818181818181
0.2142890909090909
-0.08238727272727273
0.13991454545454546
0.14751636363636364
-0.023216363636363632
0.014176363636363636
-0.032872727272727276
-0.09430363636363637
0.016436363636363638
0.11875272727272726
-0.010683636363636364
0.12347818181818182
-0.03739272727272727
-0.07108727272727272
0.25702363636363634
0.00452
-0.0039036363636363635
0.2251781818181818
0.008834545454545454
-0.012738181818181817
0.09307090909090908
-0.03451636363636364
0.02527090909090909
-0.01664181818181818
-0.12450545454545454
-0.0069854545454545456
0.002876363636363636
-0.07519636363636363
0.10930181818181818
0.19641454545454545
-0.02218909090909091
0.06101999999999999
0.14135272727272727
0.0010272727272727274
0.12039636363636362
0.09553636363636364
-0.12799818181818182
0.0006163636363636364
-0.12450545454545454
-0.1499818181818182
0.2052490909090909
0.02301090909090909
-0.005547272727272727
0.20956363636363634
0.031023636363636364
-0.029174545454545453
0.06821090909090909
-0.014998181818181817
-0.14525636363636363
-0.07827818181818182
-0.028147272727272726
-0.02691454545454545
0.14422909090909092
0.07622363636363635
-0.0034927272727272728
0.23955999999999997
-0.02650363636363636
-0.05793818181818181
0.22497272727272724
-0.0764290909090909
0.11238363636363637
0.031845454545454545
-0.1306690909090909
0.1569672727272727
0.005958181818181818
0.11074
0.13334
0.04951454545454545
0.033489090909090906
0.08731818181818181
0.16292545454545454
-0.06718363636363636
0.053212727272727266
0.07190909090909091
-0.05958181818181818
0.11197272727272727
-0.05218545454545454
-0.00020545454545454542
0.15676181818181817
-0.18223818181818183
0.05485636363636363
0.12060181818181817
-0.21305636363636363
0.10642545454545453
0.24839454545454545
-0.034927272727272723
0.05547272727272727
0.20319454545454546
-0.055883636363636364
0.0805381818181818
0.10457636363636363
-0.12512181818181817
0.056705454545454545
0.0452
-0.05300727272727272
0.16272
0.08382545454545455
-0.07047090909090908
0.23093090909090908
0.01890181818181818
0.003698181818181818
0.12080727272727272
-0.15922727272727272
0.0069854545454545456
0.004725454545454545
-0.14402363636363635
-0.051569090909090905
0.10211090909090909
-0.031845454545454545
0.12409454545454546
0.21860363636363636
-0.05218545454545454
0.17628
0.04129636363636364
-0.06677272727272728
0.12882
-0.07334727272727272
-0.06697818181818181
0.11669818181818181
-0.061841818181818185
-0.08526363636363636
0.10457636363636363
0.0
-0.04458363636363636
0.09697454545454545
0.040063636363636364
-0.005136363636363636
0.16169272727272727
0.04294
0.08259272727272728
0.1058090909090909
-0.07293636363636363
0.0805381818181818
0.07396363636363636
0.014381818181818181
0.06821090909090909
0.031639999999999995
-0.03883090909090909
0.09019454545454544
0.05773272727272727
-0.04622727272727272
0.1469
0.07478545454545454
-0.02013454545454545
0.10437090909090908
0.01171090909090909
-0.06903272727272727
0.08731818181818181
-0.0016436363636363634
-0.10827454545454546
0.0339
0.07745636363636363
0.025065454545454544
0.14772181818181818
0.10724727272727272
-0.05937636363636363
0.16806181818181817
0.00904
-0.1171090909090909
0.06122545454545455
-0.06923818181818181
0.0063690909090909084
0.07108727272727272
0.0006163636363636364
0.07437454545454546
0.15018727272727272
0.0749909090909091
0.16949999999999998
0.19538727272727272
-0.07067636363636363
-0.019518181818181816
0.05526727272727273
-0.11156181818181818
-0.058349090909090906
0.0020545454545454547
-0.12943636363636363
-0.0039036363636363635
0.03246181818181818
-0.015819999999999997
0.14669454545454544
0.07478545454545454
-0.015819999999999997
0.1483381818181818
0.01664181818181818
-0.07560727272727272
0.17073272727272726
-0.03410545454545454
-0.10252181818181817
0.14916
-0.03739272727272727
-0.13683272727272727
0.08094909090909091
0.07745636363636363
0.14422909090909092
0.18922363636363634
-0.09122181818181817
0.17463636363636362
0.24387454545454545
-0.05896545454545454
0.22004181818181817
0.0904
-0.08546909090909091
0.09779636363636364
0.0030818181818181817
0.0
0.045610909090909084
-0.05608909090909091
-0.0041090909090909095
0.09101636363636363
-0.03225636363636363
-0.06471818181818181
0.10663090909090908
0.08156545454545455
-0.12779272727272725
0.005958181818181818
0.014176363636363636
-0.03636545454545455
0.10067272727272727
-0.05341818181818182
0.09964545454545454
0.11382181818181818
-0.02670909090909091
0.22415090909090907
0.11238363636363637
0.019723636363636363
0.10745272727272726
0.019723636363636363
0.00945090909090909
0.014792727272727272
-0.030407272727272724
-0.024654545454545453
0.04417272727272727
0.02568181818181818
-0.05814363636363636
-0.0016436363636363634
0.05465090909090909
0.05876
0.1171090909090909
-0.030818181818181814
-0.016436363636363638
0.11772545454545454
0.03616
0.03451636363636364
-0.025065454545454544
-0.005547272727272727
0.027736363636363635
0.037598181818181815
-0.04211818181818182
-0.07601818181818182
0.13025818181818183
-0.009656363636363637
-0.055678181818181814
0.11361636363636363
-0.04807636363636364
0.03944727272727273
0.1935381818181818
0.029585454545454543
0.16949999999999998
-0.026298181818181814
-0.10046727272727272
0.2979090909090909
0.03225636363636363
-0.048487272727272726
0.10704181818181817
0.05013090909090909
0.015819999999999997
0.015819999999999997
0.04787090909090909
0.04232363636363636
0.08074363636363636
0.028147272727272726
-0.06923818181818181
-0.03328363636363636
0.13046363636363634
0.05033636363636364
0.18860727272727273
-0.01725818181818182
-0.20134545454545455
0.24469636363636363
-0.15039272727272726
-0.009245454545454545
0.21983636363636364
-0.2165490909090909
-0.025887272727272724
0.04930909090909091
-0.046432727272727264
0.03718727272727273
0.09286545454545453
0.02342181818181818
0.1668290909090909
0.07355272727272727
-0.04437818181818182
0.22723272727272725
0.08567454545454545
-0.10231636363636364
-0.00945090909090909
-0.012121818181818182
-0.050747272727272724
0.12224545454545453
0.08444181818181817
0.030818181818181814
0.12450545454545454
0.05876
-0.027530909090909092
0.04725454545454546
0.0024654545454545454
-0.06677272727272728
0.15819999999999998
-0.08875636363636363
0.034927272727272723
0.15573454545454543
-0.23812181818181818
0.08670181818181817
0.12532727272727273
0.00041090909090909085
0.1608709090909091
0.09882363636363636
0.10971272727272725
0.07190909090909091
-0.040885454545454544
-0.003287272727272727
0.06677272727272728
-0.04458363636363636
-0.019312727272727273
0.04725454545454546
-0.06512909090909091
-0.06821090909090909
0.04232363636363636
0.07437454545454546
0.06410181818181818
0.20586545454545455
0.10601454545454544
0.05547272727272727
0.226
0.07108727272727272
-0.012738181818181817
0.08341454545454545
-0.06163636363636363
-0.1397090909090909
0.04807636363636364
-0.10642545454545453
0.013149090909090907
0.14012
-0.13169636363636364
0.09307090909090908
0.031639999999999995
-0.01849090909090909
0.09718
-0.03554363636363636
-0.003287272727272727
0.040885454545454544
-0.0020545454545454547
-0.05280181818181818
0.04889818181818182
0.09861818181818181
0.04787090909090909
0.04109090909090909
0.1464890909090909
-0.015203636363636362
0.08156545454545455
0.03451636363636364
-0.15080363636363636
0.23832727272727272
-0.07252545454545453
-0.039241818181818176
0.17422545454545454
-0.04910363636363636
0.0678
0.04396727272727272
-0.012943636363636362
0.08793454545454545
0.020956363636363638
-0.12142363636363637
0.14012
0.07745636363636363
0.009861818181818182
0.14402363636363635
0.10704181818181817
0.04869272727272727
-0.010478181818181819
0.0764290909090909
-0.10745272727272726
0.01171090909090909
0.0
-0.05115818181818182
0.1306690909090909
-0.07971636363636364
0.07314181818181818
0.2251781818181818
0.010683636363636364
0.013354545454545456
0.22579454545454544
-0.017463636363636362
-0.07560727272727272
0.10498727272727272
-0.05177454545454545
-0.002876363636363636
0.05013090909090909
0.02403818181818182
0.06985454545454545
0.20874181818181817
0.05691090909090909
0.059787272727272724
0.10313818181818181
-0.07232
0.03698181818181818
-0.028558181818181816
-0.03718727272727273
-0.00226
0.06903272727272727
0.05711636363636363
0.026298181818181814
0.05115818181818182
0.024243636363636363
0.09985090909090909
0.006574545454545454
0.07951090909090908
0.03718727272727273
-0.012327272727272727
0.06492363636363636
0.05177454545454545
-0.027530909090909092
-0.003698181818181818
0.04437818181818182
-0.14936545454545455
0.050747272727272724
-0.0008218181818181817
-0.02116181818181818
0.20360545454545456
0.013354545454545456
0.06615636363636364
0.10622
0.00452
0.11382181818181818
0.2093581818181818
0.011505454545454544
-0.08978363636363636
-0.05444545454545455
-0.015819999999999997
0.06266363636363637
-0.03513272727272727
-0.0402690909090909
0.17463636363636362
0.19497636363636361
-0.08444181818181817
0.18696363636363633
0.12553272727272727
-0.14073636363636363
-0.02403818181818182
-0.1637472727272727
0.038419999999999996
-0.044994545454545454
0.07170363636363636
0.056705454545454545
0.03698181818181818
0.2654472727272727
-0.08341454545454545
0.2504490909090909
0.05608909090909091
-0.23627272727272725
0.16148727272727273
-0.04376181818181818
-0.021778181818181818
0.14669454545454544
-0.02403818181818182
-0.02568181818181818
0.11916363636363636
0.08136
0.07889454545454545
0.06985454545454545
0.02239454545454545
0.025887272727272724
0.16251454545454544
-0.05793818181818181
-0.16272
0.2582563636363636
-0.14977636363636362
-0.05526727272727273
0.13621636363636364
-0.21305636363636363
0.051569090909090905
0.016847272727272728
-0.12512181818181817
0.05218545454545454
0.14402363636363635
0.010683636363636364
0.24038181818181817
0.25373636363636365
-0.07437454545454546
0.1296418181818182
0.10806909090909089
-0.15347454545454545
-0.011094545454545454
0.027530909090909092
-0.14299636363636362
0.1356
0.028763636363636363
0.005752727272727272
0.32420727272727273
-0.055883636363636364
0.09820727272727273
0.24223090909090908
-0.05259636363636363
0.02075090909090909
0.00862909090909091
-0.09759090909090909
-0.1415581818181818
0.0063690909090909084
0.027941818181818182
0.10005636363636364
0.16744545454545454
0.01705272727272727
0.24962727272727273
0.16210363636363637
-0.04725454545454546
0.12655999999999998
0.010272727272727272
-0.12820363636363635
0.031639999999999995
0.014176363636363636
-0.11115090909090909
0.1631309090909091
-0.10868545454545453
-0.09081090909090908
0.17751272727272727
-0.08711272727272727
0.1058090909090909
0.09759090909090909
0.08649636363636364
0.06143090909090909
0.13765454545454545
-0.0034927272727272728
0.025065454545454544
0.08279818181818181
-0.2075090909090909
0.19826363636363634
-0.13724363636363635
-0.057527272727272726
0.10848000000000001
-0.08485272727272727
0.08649636363636364
-0.029585454545454543
0.24757272727272725
-0.07766181818181818
0.03143454545454545
0.19456545454545454
-0.08978363636363636
0.07766181818181818
-0.08444181818181817
-0.05444545454545455
0.026298181818181814
-0.09450909090909092
-0.03451636363636364
0.17052727272727272
-0.08814
0.06492363636363636
0.18223818181818183
-0.035954545454545454
0.11423272727272726
0.08074363636363636
0.031639999999999995
-0.113
0.1600490909090909
0.012121818181818182
0.02013454545454545
0.21141272727272728
-0.13785999999999998
0.19271636363636363
0.1686781818181818
-0.017463636363636362
0.13847636363636362
0.08649636363636364
-0.06677272727272728
0.03985818181818182
0.08629090909090908
-0.10806909090909089
0.04417272727272727
0.05300727272727272
-0.1419690909090909
0.015203636363636362
0.10827454545454546
-0.11731454545454545
0.12142363636363637
0.11402727272727273
-0.04930909090909091
0.18881272727272727
-0.02362727272727273
0.07396363636363636
0.16415818181818181
-0.08855090909090908
0.00041090909090909085
-0.015409090909090907
-0.07355272727272727
0.028969090909090906
0.09081090909090908
0.032872727272727276
0.11977999999999998
0.19477090909090908
0.10334363636363636
0.09307090909090908
0.08115454545454545
0.11053454545454545
0.11505454545454545
0.012532727272727272
-0.15224181818181817
0.027120000000000002
0.032872727272727276
-0.16477454545454545
0.06903272727272727
-0.0565
-0.05095272727272727
0.09533090909090909
-0.031023636363636364
0.1058090909090909
-0.03225636363636363
-0.026298181818181814
0.1836763636363636
-0.05793818181818181
-0.07252545454545453
0.08998909090909091
0.059170909090909087
0.0012327272727272727
-0.02218909090909091
0.11382181818181818
0.0470490909090909
0.03533818181818182
0.19066181818181818
0.07909999999999999
0.06821090909090909
-0.025887272727272724
0.031639999999999995
0.07807272727272727
-0.04889818181818182
0.00452
0.045610909090909084
0.002876363636363636
-0.06122545454545455
0.0786890909090909
0.004314545454545455
0.049925454545454544
0.15470727272727272
0.05136363636363636
0.003287272727272727
0.04211818181818182
0.08341454545454545
0.012943636363636362
0.0339
-0.09594727272727273
-0.04314545454545454
-0.010478181818181819
-0.010067272727272725
0.08197636363636364
0.01664181818181818
-0.0226
0.11094545454545454
0.1727872727272727
-0.09122181818181817
0.17607454545454546
0.19538727272727272
-0.10868545454545453
0.13190181818181818
0.0904
-0.04437818181818182
0.14320181818181818
0.0470490909090909
-0.10252181818181817
0.057527272727272726
-0.06985454545454545
0.031229090909090908
0.19456545454545454
-0.07293636363636363
-0.05300727272727272
0.10519272727272726
0.0030818181818181817
0.011505454545454544
0.22086363636363635
-0.0113
-0.03143454545454545
0.11998545454545453
-0.11628727272727273
-0.02444909090909091
0.03246181818181818
-0.042529090909090905
0.0452
-0.025476363636363634
-0.14895454545454545
0.14422909090909092
0.19127818181818182
-0.04746
0.2586672727272727
0.010272727272727272
-0.10067272727272727
0.3258509090909091
-0.003698181818181818
-0.06225272727272727
0.07848363636363635
-0.10704181818181817
-0.08649636363636364
0.06574545454545455
-0.001438181818181818
-0.001438181818181818
0.2518872727272727
0.035749090909090904
0.0470490909090909
0.16580181818181816
-0.09656363636363637
0.12265636363636362
0.1076581818181818
-0.1314909090909091
0.04787090909090909
0.08752363636363636
-0.04602181818181818
0.06574545454545455
0.04211818181818182
-0.01664181818181818
0.10786363636363637
0.002670909090909091
0.05485636363636363
0.13005272727272726
-0.02342181818181818
-0.10560363636363636
0.07478545454545454
-0.05300727272727272
-0.10683636363636365
0.14381818181818182
-0.04376181818181818
0.03246181818181818
0.02362727272727273
-0.04294
0.12512181818181817
0.05444545454545455
0.08629090909090908
0.1935381818181818
0.14381818181818182
0.01766909090909091
0.11608181818181817
0.1257381818181818
-0.06636181818181817
-0.05218545454545454
-0.009656363636363637
-0.11567090909090909
0.015819999999999997
0.03307818181818182
-0.11505454545454545
0.13477818181818182
0.031845454545454545
-0.03328363636363636
0.1524472727272727
-0.001438181818181818
0.014587272727272727
0.08896181818181817
-0.023832727272727273
-0.015819999999999997
0.0678
-0.055883636363636364
0.04663818181818182
0.19271636363636363
-0.035749090909090904
0.03533818181818182
0.18758
-0.00020545454545454542
0.02444909090909091
0.04417272727272727
-0.07355272727272727
0.0678
0.09635818181818182
-0.0069854545454545456
0.08279818181818181
0.08362
-0.05608909090909091
0.11998545454545453
0.054240000000000003
-0.226
0.12039636363636362
0.11649272727272726
-0.1551181818181818
0.1999072727272727
0.14587272727272727
-0.12409454545454546
0.2097690909090909
0.03903636363636363
-0.07889454545454545
0.12183454545454545
-0.0990290909090909
-0.060609090909090904
0.16025454545454546
-0.07560727272727272
-0.08177090909090909
0.30284
-0.17196545454545456
0.10909636363636364
0.21264545454545453
-0.21798727272727272
0.27756909090909093
0.06882727272727272
-0.14176363636363634
-0.16046
0.10396
0.005547272727272727
-0.07581272727272727
0.3309872727272727
0.027736363636363635
0.31927636363636364
0.12409454545454546
-0.19888
0.20668727272727272
-0.019312727272727273
-0.1865527272727273
0.04068
-0.0024654545454545454
-0.02444909090909091
0.05177454545454545
0.019312727272727273
0.1325181818181818
-0.029585454545454543
-0.08937272727272727
0.02650363636363636
0.15265272727272727
0.07745636363636363
0.09841272727272728
0.1415581818181818
-0.01705272727272727
0.11012363636363637
-0.06574545454545455
-0.021367272727272728
0.11895818181818181
0.03698181818181818
0.015614545454545454
-0.009656363636363637
0.02116181818181818
-0.02362727272727273
0.10293272727272727
0.027736363636363635
0.05218545454545454
0.2346290909090909
0.09779636363636364
0.07560727272727272
0.062458181818181815
-0.1284090909090909
-0.08238727272727273
-0.05876
-0.1668290909090909
0.09389272727272728
0.02116181818181818
0.045816363636363634
0.17628
0.02198363636363636
0.001849090909090909
-0.051569090909090905
0.04663818181818182
-0.05896545454545454
-0.0034927272727272728
0.0006163636363636364
-0.03965272727272728
0.2165490909090909
-0.03513272727272727
-0.006163636363636363
0.21305636363636363
0.03225636363636363
-0.024243636363636363
0.09944
0.045816363636363634
-0.14977636363636362
0.030407272727272724
0.04314545454545454
-0.09450909090909092
-0.0339
0.14936545454545455
0.12429999999999998
0.10971272727272725
0.15162545454545454
-0.1247109090909091
0.19888
-0.06451272727272726
-0.13785999999999998
0.34639636363636367
-0.12676545454545454
0.0727309090909091
0.11382181818181818
-0.03328363636363636
0.10663090909090908
-0.23093090909090908
0.08423636363636364
0.012738181818181817
-0.2525036363636364
0.27756909090909093
0.11423272727272726
0.0041090909090909095
0.30900363636363637
-0.030612727272727274
-0.023216363636363632
0.19025090909090905
0.003698181818181818
-0.10231636363636364
0.054034545454545446
0.11793090909090909
-0.09923454545454545
0.07827818181818182
0.2142890909090909
-0.09923454545454545
0.062458181818181815
0.24818909090909091
-0.09923454545454545
0.14135272727272727
0.020545454545454544
-0.13436727272727272
0.08444181818181817
-0.21120727272727272
-0.025476363636363634
0.08012727272727273
0.03328363636363636
0.19045636363636362
0.16888363636363635
0.05198
0.02362727272727273
0.013765454545454546
0.035954545454545454
-0.0039036363636363635
-0.05198
0.04129636363636364
0.002876363636363636
-0.13457272727272726
-0.07047090909090908
0.13169636363636364
-0.08711272727272727
-0.014176363636363636
0.08793454545454545
0.07314181818181818
0.10601454545454544
-0.033489090909090906
0.2691454545454545
-0.008423636363636364
-0.03143454545454545
0.10704181818181817
-0.09122181818181817
0.22682181818181818
0.010067272727272725
-0.08834545454545455
0.11156181818181818
-0.1351890909090909
-0.11012363636363637
0.10663090909090908
-0.002670909090909091
0.08629090909090908
0.04746
0.14464
0.05198
-0.04828181818181818
0.18429272727272727
-0.09964545454545454
0.012532727272727272
-0.07601818181818182
-0.007601818181818181
0.1374490909090909
-0.012943636363636362
0.1306690909090909
0.21059090909090908
0.002876363636363636
-0.06841636363636364
0.22004181818181817
-0.11649272727272726
0.06738909090909091
0.07581272727272727
-0.2165490909090909
0.20093454545454545
-0.018696363636363636
-0.15121454545454543
0.22867090909090906
0.17422545454545454
-0.059170909090909087
0.2997581818181818
0.020956363636363638
-0.13888727272727272
0.22456181818181817
-0.1125890909090909
-0.06738909090909091
0.12327272727272726
-0.05177454545454545
-0.2966763636363636
0.1881963636363636
0.021367272727272728
-0.10930181818181818
0.31639999999999996
-0.10786363636363637
0.09286545454545453
0.09841272727272728
-0.1321072727272727
0.07478545454545454
0.16251454545454544
-0.14669454545454544
-0.021367272727272728
0.05526727272727273
-0.18100545454545455
0.17484181818181818
0.08875636363636363
-0.034927272727272723
0.14422909090909092
0.14977636363636362
-0.003287272727272727
0.19559272727272728
0.045816363636363634
0.04602181818181818
0.3531763636363636
-0.15080363636363636
-0.09923454545454545
0.21983636363636364
-0.029174545454545453
-0.14628363636363637
0.17607454545454546
-0.1171090909090909
-0.12286181818181818
0.2307254545454545
-0.03307818181818182
0.049925454545454544
-0.035749090909090904
-0.05218545454545454
0.03143454545454545
0.010683636363636364
-0.04787090909090909
0.0628690909090909
0.10149454545454545
-0.05876
0.2052490909090909
0.08752363636363636
-0.014998181818181817
0.21326181818181816
0.14484545454545456
-0.06553999999999999
0.10437090909090908
-0.028352727272727273
0.028969090909090906
0.1686781818181818
-0.19148363636363636
0.06718363636363636
-0.014792727272727272
-0.10149454545454545
-0.03698181818181818
0.17463636363636362
0.016847272727272728
-0.06595090909090909
0.2753090909090909
-0.10375454545454545
0.059170909090909087
0.035954545454545454
0.11505454545454545
0.03554363636363636
-0.03944727272727273
-0.07786727272727272
-0.04972
0.22887636363636363
-0.44275454545454546
0.24017636363636363
0.10005636363636364
-0.33879454545454546
0.22148
0.02198363636363636
0.20874181818181817
0.04663818181818182
0.1686781818181818
0.19374363636363634
-0.02362727272727273
0.0402690909090909
0.09327636363636364
0.05814363636363636
0.021367272727272728
-0.0904
0.042529090909090905
0.03451636363636364
-0.21716545454545452
0.3811181818181818
-0.14094181818181817
-0.04972
0.13868181818181818
-0.15717272727272727
0.2767472727272727
-0.08094909090909091
0.07909999999999999
0.2210690909090909
0.06492363636363636
-0.12347818181818182
0.06348545454545454
0.058349090909090906
-0.07519636363636363
0.04951454545454545
-0.058349090909090906
-0.07149818181818181
-0.03554363636363636
0.1608709090909091
-0.04129636363636364
0.21552181818181818
0.0063690909090909084
-0.034927272727272723
0.19456545454545454
-0.07992181818181819
0.06718363636363636
-0.016025454545454544
0.004930909090909091
0.04047454545454546
0.08197636363636364
-0.07026545454545453
0.14669454545454544
0.15573454545454543
0.0024654545454545454
0.1781290909090909
-0.047665454545454546
0.001849090909090909
0.06677272727272728
0.0402690909090909
-0.1171090909090909
0.021367272727272728
-0.05259636363636363
-0.09574181818181818
0.15573454545454543
-0.08464727272727272
0.0339
0.22435636363636363
0.030818181818181814
0.04910363636363636
0.18244363636363634
-0.02609272727272727
0.05896545454545454
-0.08444181818181817
-0.03225636363636363
0.1088909090909091
-0.09348181818181817
0.03616
0.020545454545454544
0.013970909090909091
-0.11238363636363637
0.21038545454545451
0.07437454545454546
-0.02403818181818182
0.31126363636363635
0.13005272727272726
0.08752363636363636
0.08526363636363636
0.20442727272727274
-0.055678181818181814
0.0024654545454545454
-0.05218545454545454
-0.1454618181818182
0.08341454545454545
-0.14402363636363635
0.07704545454545454
0.15470727272727272
-0.05732181818181818
0.0339
0.16210363636363637
-0.15409090909090908
-0.11998545454545453
0.08978363636363636
-0.058349090909090906
-0.03965272727272728
0.06369090909090909
0.1600490909090909
0.0063690909090909084
0.21305636363636363
0.07232
-0.013560000000000001
0.18881272727272727
-0.08033272727272728
0.07848363636363635
0.09718
-0.09656363636363637
0.11608181818181817
0.0452
-0.18696363636363633
0.0452
-0.02198363636363636
-0.005958181818181818
0.09533090909090909
-0.017463636363636362
0.025065454545454544
-0.06553999999999999
0.05115818181818182
0.03883090909090909
0.17463636363636362
0.11854727272727272
-0.0565
0.22127454545454545
-0.014587272727272727
-0.033694545454545456
0.15840545454545454
-0.14669454545454544
-0.04396727272727272
0.07478545454545454
-0.12820363636363635
0.061841818181818185
0.027736363636363635
0.06574545454545455
0.15409090909090908
-0.015203636363636362
0.04889818181818182
0.06903272727272727
0.08937272727272727
-0.06553999999999999
0.06903272727272727
0.1374490909090909
-0.1510090909090909
0.18018363636363635
0.16498
-0.03328363636363636
0.28147272727272726
0.07190909090909091
0.012943636363636362
0.13765454545454545
-0.09594727272727273
0.06636181818181817
0.025887272727272724
-0.18758
0.0805381818181818
0.0452
-0.12799818181818182
0.13190181818181818
0.09450909090909092
-0.13642181818181817
0.05937636363636363
0.14217454545454544
0.04211818181818182
0.07232
0.17196545454545456
0.025065454545454544
0.004725454545454545
0.13683272727272727
-0.15573454545454543
0.11156181818181818
0.0020545454545454547
-0.28640363636363636
0.3040727272727273
0.031023636363636364
-0.1653909090909091
0.30181272727272723
0.004930909090909091
-0.03636545454545455
0.1939490909090909
-0.001849090909090909
0.07807272727272727
0.042734545454545456
-0.04828181818181818
0.039241818181818176
-0.09286545454545453
-0.17648545454545456
-0.030407272727272724
0.11587636363636362
0.03451636363636364
0.05958181818181818
0.28702
-0.03533818181818182
-0.02342181818181818
0.11012363636363637
-0.2255890909090909
0.0006163636363636364
-0.04068
-0.11854727272727272
0.14237999999999998
0.07766181818181818
0.025887272727272724
0.23606727272727274
0.14895454545454545
-0.08197636363636364
0.1723763636363636
0.02444909090909091
-0.07519636363636363
0.15758363636363634
-0.031845454545454545
-0.03513272727272727
0.10560363636363636
-0.002876363636363636
0.08793454545454545
0.16272
-0.05485636363636363
0.10930181818181818
0.10683636363636365
-0.12080727272727272
0.030818181818181814
0.06821090909090909
-0.05876
0.05691090909090909
0.10991818181818182
-0.08937272727272727
0.04807636363636364
-0.01890181818181818
-0.1125890909090909
0.12635454545454544
0.00452
-0.15429636363636362
0.23627272727272725
0.20072909090909088
-0.08916727272727272
0.32235818181818177
0.05711636363636363
-0.11012363636363637
0.20011272727272728
-0.09163272727272727
-0.17895090909090908
0.1836763636363636
-0.1555290909090909
-0.12203999999999998
0.37968
-0.2929781818181818
0.06369090909090909
0.37372181818181816
-0.04294
0.08649636363636364
0.024243636363636363
0.14505090909090906
-0.11361636363636363
-0.028147272727272726
0.10334363636363636
-0.18470363636363635
-0.08526363636363636
0.04294
0.09204363636363636
0.18306
0.15039272727272726
0.009861818181818182
0.17360909090909088
0.034310909090909086
-0.05115818181818182
-0.03739272727272727
0.06307454545454545
0.04951454545454545
-0.1758690909090909
0.13539454545454546
0.013765454545454546
-0.033694545454545456
0.11895818181818181
0.03472181818181818
-0.02342181818181818
0.20894727272727273
0.17504727272727272
-0.004930909090909091
0.20545454545454545
-0.017463636363636362
0.0918381818181818
-0.0470490909090909
-0.11156181818181818
0.07601818181818182
-0.041912727272727275
0.0
0.01766909090909091
0.1257381818181818
-0.10067272727272727
-0.03020181818181818
0.09594727272727273
0.05444545454545455
0.046432727272727264
0.08362
0.05773272727272727
-0.015409090909090907
0.10416545454545453
-0.13477818181818182
-0.0008218181818181817
0.06040363636363636
-0.11772545454545454
0.14279090909090908
0.1686781818181818
-0.12491636363636363
0.1678563636363636
0.11053454545454545
-0.2296981818181818
0.1419690909090909
-0.04951454545454545
-0.05259636363636363
0.10601454545454544
0.031845454545454545
-0.041912727272727275
0.004725454545454545
0.14874909090909091
0.013149090909090907
0.20812545454545453
0.10663090909090908
-0.029174545454545453
0.02198363636363636
0.031845454545454545
0.0010272727272727274
0.10498727272727272
-0.06533454545454545
-0.15635090909090907
0.24757272727272725
-0.16559636363636362
0.06081454545454545
0.21983636363636364
-0.1668290909090909
0.1088909090909091
-0.042529090909090905
-0.07478545454545454
0.1510090909090909
0.07622363636363635
-0.06307454545454545
0.14607818181818183
0.07458
-0.16600727272727273
0.20463272727272727
0.15306363636363635
-0.09142727272727272
0.17710181818181817
0.22641090909090908
-0.010478181818181819
0.1058090909090909
0.07622363636363635
-0.009861818181818182
0.19744181818181816
0.008834545454545454
-0.019723636363636363
0.20319454545454546
-0.12820363636363635
-0.0918381818181818
0.19497636363636361
-0.21264545454545453
-0.08320909090909091
0.14279090909090908
-0.15532363636363636
0.08197636363636364
0.08074363636363636
0.001849090909090909
0.09553636363636364
-0.034927272727272723
0.055883636363636364
0.08896181818181817
0.020545454545454544
-0.02527090909090909
0.18100545454545455
0.001849090909090909
-0.12327272727272726
0.2490109090909091
0.05177454545454545
-0.03718727272727273
0.1296418181818182
0.021367272727272728
0.036776363636363635
0.10848000000000001
-0.06451272727272726
0.00452
0.02527090909090909
-0.07971636363636364
0.06369090909090909
0.04869272727272727
-0.04540545454545454
0.005547272727272727
0.12121818181818181
-0.07437454545454546
-0.034927272727272723
0.1555290909090909
-0.09512545454545453
0.02609272727272727
0.11094545454545454
-0.06369090909090909
0.11115090909090909
0.01766909090909091
-0.06327999999999999
0.15388545454545455
0.008218181818181819
-0.05629454545454545
0.2097690909090909
0.04047454545454546
-0.011916363636363636
0.10190545454545454
0.09327636363636364
0.04376181818181818
-0.03883090909090909
0.13765454545454545
-0.04602181818181818
0.24757272727272725
-0.12203999999999998
0.03883090909090909
0.1980581818181818
-0.2901018181818181
0.2206581818181818
-0.06471818181818181
0.19970181818181817
-0.1125890909090909
0.22867090909090906
0.01766909090909091
-0.07129272727272727
0.35708
-0.3881036363636363
0.4674090909090909
-0.18860727272727273
0.028147272727272726
0.18429272727272727
-0.20031818181818178
0.010478181818181819
-0.12799818181818182
0.10683636363636365
-0.38769272727272724
0.21079636363636362
-0.14279090909090908
0.05814363636363636
0.2527090909090909
0.01705272727272727
0.24264181818181818
0.12943636363636363
0.15265272727272727
-0.1791563636363636
0.34988909090909087
-0.2116181818181818
0.17032181818181816
0.061841818181818185
-0.22045272727272727
0.15367999999999998
-0.09450909090909092
0.20381090909090907
-0.02486
0.2500381818181818
-0.3338636363636363
0.23997090909090907
0.15676181818181817
-0.24757272727272725
0.2829109090909091
-0.1791563636363636
0.018285454545454546
0.019312727272727273
0.06348545454545454
-0.08341454545454545
0.20381090909090907
-0.0010272727272727274
0.06574545454545455
0.13107999999999997
-0.059170909090909087
0.1686781818181818
0.005547272727272727
0.11238363636363637
-0.22045272727272727
0.1035490909090909
-0.08444181818181817
0.00945090909090909
0.07745636363636363
-0.15080363636363636
0.18758
-0.02218909090909091
0.12039636363636362
0.10416545454545453
0.2346290909090909
0.011916363636363636
0.20463272727272727
0.07232
-0.15203636363636364
0.14217454545454544
-0.13888727272727272
0.03246181818181818
-0.1894290909090909
0.07458
-0.0741690909090909
0.013354545454545456
0.04396727272727272
-0.030407272727272724
0.3494781818181818
-0.13087454545454547
0.19559272727272728
-0.12532727272727273
0.07190909090909091
-0.1216290909090909
0.07149818181818181
0.18531999999999998
-0.25435272727272723
0.40063636363636357
-0.23216363636363635
0.2991418181818182
0.016847272727272728
0.03739272727272727
0.16600727272727273
-0.20689272727272728
0.26380363636363635
-0.16970545454545455
0.20381090909090907
-0.07540181818181818
0.14895454545454545
-0.011916363636363636
-0.13950363636363636
0.27366545454545455
-0.08978363636363636
0.09985090909090909
-0.05937636363636363
0.040063636363636364
-0.03307818181818182
0.19066181818181818
0.07683999999999999
0.16169272727272727
0.10519272727272726
-0.11957454545454545
0.17936181818181818
-0.10539818181818181
0.06738909090909091
-0.08012727272727273
0.1314909090909091
-0.23709454545454545
-0.01171090909090909
0.20545454545454545
-0.17032181818181816
0.24798363636363635
-0.05362363636363636
0.16272
-0.026298181818181814
0.008012727272727272
0.11053454545454545
0.05855454545454545
-0.020956363636363638
-0.05259636363636363
0.21922
-0.1125890909090909
0.15963818181818182
0.14135272727272727
0.11012363636363637
0.01849090909090909
0.0470490909090909
-0.028352727272727273
-0.09224909090909092
0.04951454545454545
-0.19066181818181818
0.1678563636363636
-0.1296418181818182
-0.04376181818181818
0.14381818181818182
-0.010478181818181819
0.032667272727272725
0.10519272727272726
0.13868181818181818
-0.11895818181818181
0.2364781818181818
0.022805454545454542
0.07848363636363635
0.1727872727272727
-0.05732181818181818
0.0628690909090909
-0.012943636363636362
-0.035749090909090904
-0.05876
0.059787272727272724
-0.0470490909090909
0.10416545454545453
0.05855454545454545
-0.040885454545454544
0.1306690909090909
0.2023727272727273
0.050747272727272724
0.07745636363636363
0.16415818181818181
-0.10313818181818181
0.1103290909090909
-0.07725090909090909
0.016025454545454544
-0.009245454545454545
-0.010478181818181819
0.16888363636363635
-0.03513272727272727
0.1510090909090909
-0.07293636363636363
0.1682672727272727
-0.030407272727272724
-0.1686781818181818
0.14361272727272725
-0.12450545454545454
0.0041090909090909095
0.07396363636363636
0.06327999999999999
-0.01808
0.13395636363636362
0.10375454545454545
0.06307454545454545
0.13169636363636364
-0.08320909090909091
0.046432727272727264
-0.0039036363636363635
-0.11793090909090909
-0.04746
0.11998545454545453
-0.07129272727272727
0.007601818181818181
0.2194254545454545
-0.06985454545454545
0.14731090909090908
0.18162181818181816
-0.04458363636363636
0.007396363636363636
0.028969090909090906
-0.04910363636363636
0.07889454545454545
-0.019107272727272726
-0.13457272727272726
0.12758727272727272
-0.06533454545454545
-0.1499818181818182
0.1296418181818182
0.05033636363636364
-0.0402690909090909
0.23606727272727274
0.031023636363636364
0.03985818181818182
0.25661272727272727
-0.02157272727272727
0.09245454545454544
0.05608909090909091
-0.08875636363636363
-0.04663818181818182
0.048487272727272726
-0.0339
0.02670909090909091
0.1370381818181818
-0.04417272727272727
0.2116181818181818
0.12224545454545453
-0.0010272727272727274
0.16888363636363635
0.10149454545454545
-0.1257381818181818
-0.04109090909090909
0.012327272727272727
-0.14587272727272727
0.14422909090909092
0.04540545454545454
0.10005636363636364
0.1569672727272727
0.02444909090909091
0.23771090909090908
0.1999072727272727
-0.07396363636363636
-0.0030818181818181817
0.12902545454545453
-0.2500381818181818
-0.01705272727272727
0.02362727272727273
-0.09122181818181817
0.03821454545454545
0.016025454545454544
0.031023636363636364
-0.02157272727272727
0.2342181818181818
-0.03821454545454545
0.2707890909090909
0.05095272727272727
-0.13888727272727272
0.23031454545454547
-0.037598181818181815
0.05341818181818182
-0.013354545454545456
0.15388545454545455
-0.31907090909090907
0.15676181818181817
-0.02486
-0.18449818181818184
0.13539454545454546
-0.2555854545454545
0.2835272727272727
-0.2177818181818182
0.16477454545454545
0.04787090909090909
0.1397090909090909
0.01808
-0.11382181818181818
0.3572854545454545
-0.4240581818181818
0.30941454545454544
0.011094545454545454
-0.040063636363636364
0.1370381818181818
-0.0020545454545454547
0.15491272727272726
-0.003698181818181818
0.19785272727272726
-0.11053454545454545
0.2029890909090909
-0.16970545454545455
-0.07190909090909091
0.17956727272727271
-0.011916363636363636
-0.15491272727272726
0.1727872727272727
0.21511090909090907
-0.15306363636363635
0.53562
-0.04211818181818182
0.12203999999999998
0.07807272727272727
-0.08711272727272727
0.06903272727272727
-0.15018727272727272
0.045610909090909084
-0.09307090909090908
0.1415581818181818
-0.22928727272727273
0.13457272727272726
0.11690363636363636
-0.13190181818181818
0.16744545454545454
0.09779636363636364
-0.045610909090909084
0.00041090909090909085
0.27736363636363637
-0.16559636363636362
0.1479272727272727
-0.04417272727272727
-0.040063636363636364
0.09985090909090909
-0.11197272727272727
0.12265636363636362
0.05115818181818182
0.17463636363636362
-0.03225636363636363
0.21675454545454545
0.016025454545454544
0.03965272727272728
0.22086363636363635
-0.03636545454545455
0.02650363636363636
0.031845454545454545
0.013354545454545456
-0.16908909090909088
0.05444545454545455
-0.16477454545454545
0.06636181818181817
0.014587272727272727
-0.08012727272727273
0.2525036363636364
-0.17607454545454546
0.1247109090909091
0.041912727272727275
-0.021778181818181818
-0.06615636363636364
0.07232
0.17648545454545456
-0.02013454545454545
0.16415818181818181
-0.05485636363636363
0.2783909090909091
0.002670909090909091
0.038625454545454546
0.18326545454545454
0.041707272727272725
-0.00862909090909091
-0.02239454545454545
0.2274381818181818
-0.35132727272727265
0.06040363636363636
0.09944
-0.12306727272727273
0.043350909090909086
0.005752727272727272
0.23832727272727272
0.14628363636363637
0.09450909090909092
-0.07129272727272727
0.15635090909090907
-0.11115090909090909
-0.07725090909090909
0.16046
-0.08834545454545455
0.016847272727272728
-0.03944727272727273
0.08978363636363636
-0.15388545454545455
-0.02670909090909091
-0.00452
-0.019312727272727273
0.0990290909090909
-0.001849090909090909
0.09533090909090909
0.05198
0.18860727272727273
0.08855090909090908
0.21079636363636362
-0.04828181818181818
0.15470727272727272
0.22148
-0.12820363636363635
0.18306
-0.05362363636363636
-0.12984727272727273
-0.004930909090909091
0.0226
-0.17360909090909088
0.13231272727272728
0.10971272727272725
-0.06389636363636363
0.10457636363636363
-0.13868181818181818
0.018285454545454546
0.09204363636363636
0.1351890909090909
0.007601818181818181
0.2414090909090909
0.07622363636363635
-0.07006
0.27654181818181817
-0.16210363636363637
-0.09512545454545453
0.11669818181818181
-0.08341454545454545
-0.08300363636363636
0.1284090909090909
-0.042529090909090905
0.10498727272727272
0.21634363636363635
-0.06512909090909091
0.12635454545454544
0.10971272727272725
-0.02444909090909091
0.1532690909090909
0.02116181818181818
-0.23565636363636364
0.17093818181818182
-0.06595090909090909
0.02568181818181818
0.19785272727272726
0.05218545454545454
0.13868181818181818
0.028763636363636363
0.16292545454545454
-0.17525272727272728
0.15470727272727272
-0.09122181818181817
-0.06862181818181817
0.06964909090909091
-0.14073636363636363
0.13724363636363635
-0.009245454545454545
0.13642181818181817
-0.2693509090909091
0.30715454545454546
-0.0565
-0.10457636363636363
0.32934363636363634
-0.11854727272727272
0.27099454545454543
-0.21285090909090906
0.05013090909090909
0.09163272727272727
0.02609272727272727
-0.11526
0.019312727272727273
0.06163636363636363
-0.17689636363636363
0.25435272727272723
-0.0226
0.2116181818181818
0.06615636363636364
0.27777454545454544
0.09492
0.036776363636363635
0.11977999999999998
-0.1341618181818182
0.1524472727272727
-0.30715454545454546
-0.03698181818181818
0.0678
-0.08814
-0.02979090909090909
0.26277636363636364
-0.03944727272727273
0.0063690909090909084
0.33119272727272725
-0.20463272727272727
0.08567454545454545
-0.007190909090909091
0.061841818181818185
0.09738545454545454
0.04910363636363636
-0.0030818181818181817
0.13929818181818182
0.15819999999999998
-0.12183454545454545
0.20483818181818178
-0.07478545454545454
0.030407272727272724
0.019723636363636363
0.07149818181818181
-0.006574545454545454
0.014587272727272727
0.14587272727272727
-0.10683636363636365
0.2206581818181818
-0.09224909090909092
0.02568181818181818
0.12450545454545454
-0.1686781818181818
-0.02157272727272727
0.11341090909090909
-0.07519636363636363
0.10724727272727272
0.2494218181818182
-0.13395636363636362
0.1962090909090909
0.08033272727272728
-0.08567454545454545
-0.056705454545454545
-0.00226
-0.08998909090909091
-0.0967690909090909
0.06040363636363636
-0.1329290909090909
0.2970872727272727
0.06636181818181817
0.037598181818181815
0.25784545454545454
0.07622363636363635
0.0452
0.00945090909090909
0.08300363636363636
-0.21141272727272728
0.18162181818181816
-0.04889818181818182
-0.0063690909090909084
0.2609272727272727
-0.08567454545454545
0.2987309090909091
0.0452
-0.06738909090909091
0.12717636363636362
0.04746
-0.24777818181818181
0.13909272727272726
0.11546545454545454
-0.12532727272727273
0.11341090909090909
-0.07683999999999999
0.1058090909090909
-0.035749090909090904
0.06738909090909091
0.0012327272727272727
0.17484181818181818
0.17751272727272727
0.0024654545454545454
0.25579090909090907
-0.043350909090909086
0.1329290909090909
0.01705272727272727
-0.0940981818181818
-0.0113
-0.014381818181818181
-0.024654545454545453
0.054034545454545446
-0.02013454545454545
-0.033694545454545456
0.20483818181818178
-0.05095272727272727
0.12121818181818181
0.09820727272727273
0.07622363636363635
-0.03718727272727273
0.01705272727272727
0.02938
-0.1483381818181818
0.14176363636363634
-0.13477818181818182
0.02979090909090909
0.11526
0.04889818181818182
0.10950727272727273
0.03616
0.06430727272727273
-0.0016436363636363634
-0.02938
-0.12943636363636363
0.025065454545454544
0.09882363636363636
-0.030407272727272724
-0.03513272727272727
0.17566363636363633
0.02301090909090909
0.06225272727272727
0.24346363636363635
-0.0452
0.028558181818181816
0.10622
-0.08978363636363636
-0.01766909090909091
0.10375454545454545
-0.03800909090909091
0.09635818181818182
0.029996363636363634
0.0020545454545454547
0.17360909090909088
0.043556363636363636
-0.11279454545454545
0.17525272727272728
0.17422545454545454
-0.23894363636363636
0.21798727272727272
0.061841818181818185
0.042529090909090905
0.08423636363636364
-0.16970545454545455
0.09348181818181817
-0.02362727272727273
-0.038625454545454546
-0.03718727272727273
0.1881963636363636
-0.08177090909090909
0.15306363636363635
0.21675454545454545
-0.12183454545454545
0.18737454545454543
0.05526727272727273
0.11526
-0.15984363636363638
0.14895454545454545
-0.007601818181818181
-0.01705272727272727
0.12882
-0.20792
0.2625709090909091
-0.12450545454545454
0.007190909090909091
0.19970181818181817
0.07683999999999999
-0.02116181818181818
0.038625454545454546
0.02670909090909091
-0.1415581818181818
0.0226
-0.08978363636363636
0.08711272727272727
-0.09615272727272728
0.16498
0.09820727272727273
0.11074
0.16600727272727273
-0.009861818181818182
0.18901818181818184
-0.15943272727272728
0.13991454545454546
-0.041707272727272725
-0.035749090909090904
0.015614545454545454
-0.08834545454545455
0.06369090909090909
-0.06923818181818181
0.03698181818181818
0.07622363636363635
0.19333272727272727
0.03328363636363636
0.13868181818181818
0.05773272727272727
0.07992181818181819
0.054034545454545446
0.08197636363636364
0.04068
-0.11156181818181818
0.22620545454545452
-0.09224909090909092
-0.013354545454545456
-0.016025454545454544
0.03307818181818182
0.09697454545454545
-0.02157272727272727
0.06307454545454545
0.0006163636363636364
0.10457636363636363
0.01171090909090909
0.08115454545454545
0.007601818181818181
-0.007396363636363636
0.07478545454545454
0.07396363636363636
-0.04437818181818182
0.15573454545454543
0.08629090909090908
-0.12039636363636362
0.17011636363636362
-0.03698181818181818
0.08793454545454545
0.08259272727272728
0.06430727272727273
-0.08156545454545455
0.0113
-0.03739272727272727
-0.20114
0.2568181818181818
-0.18799090909090907
0.040885454545454544
0.11916363636363636
-0.015819999999999997
0.26688545454545454
0.24079272727272724
0.04663818181818182
-0.10231636363636364
0.14895454545454545
-0.2070981818181818
0.011916363636363636
0.06040363636363636
-0.13950363636363636
0.04417272727272727
0.0034927272727272728
-0.03472181818181818
-0.017463636363636362
0.15039272727272726
-0.10437090909090908
0.0990290909090909
-0.014792727272727272
-0.17895090909090908
0.17771818181818183
0.14381818181818182
-0.0226
0.05793818181818181
0.06225272727272727
-0.11505454545454545
0.27962363636363635
0.04622727272727272
0.14361272727272725
0.29215636363636366
-0.041707272727272725
0.17052727272727272
-0.019518181818181816
0.027325454545454545
0.11731454545454545
0.10005636363636364
-0.033694545454545456
-0.027530909090909092
0.04951454545454545
-0.14525636363636363
0.11505454545454545
0.07766181818181818
-0.18244363636363634
0.025065454545454544
0.03944727272727273
-0.05691090909090909
0.24284727272727274
-0.030818181818181814
-0.03554363636363636
0.22004181818181817
-0.06923818181818181
0.016847272727272728
0.07478545454545454
0.010272727272727272
0.012532727272727272
0.1723763636363636
-0.0039036363636363635
0.06492363636363636
0.24613454545454547
-0.01725818181818182
0.1826490909090909
0.03451636363636364
-0.08998909090909091
0.10478181818181817
-0.02691454545454545
-0.08074363636363636
0.06800545454545455
-0.09286545454545453
-0.07622363636363635
0.19497636363636361
0.006163636363636363
0.0034927272727272728
0.010889090909090909
0.03246181818181818
0.011094545454545454
0.006574545454545454
0.021367272727272728
-0.09985090909090909
0.12697090909090908
-0.041912727272727275
-0.05999272727272727
0.113
-0.12183454545454545
0.0008218181818181817
0.17258181818181817
-0.03225636363636363
0.018696363636363636
0.17402
0.04663818181818182
0.11895818181818181
0.1415581818181818
-0.0016436363636363634
0.00226
0.11608181818181817
0.02034
0.04417272727272727
0.14381818181818182
-0.08629090909090908
0.07807272727272727
0.00945090909090909
-0.13272363636363635
0.14484545454545456
0.04787090909090909
0.00020545454545454542
0.1686781818181818
0.024243636363636363
-0.1419690909090909
0.14936545454545455
0.1261490909090909
-0.005547272727272727
0.07108727272727272
-0.07149818181818181
0.020545454545454544
0.20894727272727273
0.00904
-0.06697818181818181
0.12820363636363635
-0.19497636363636361
-0.03328363636363636
0.1758690909090909
-0.20894727272727273
0.15943272727272728
0.25579090909090907
-0.07540181818181818
0.05177454545454545
0.10211090909090909
0.02444909090909091
0.1088909090909091
-0.015203636363636362
-0.06636181818181817
0.07725090909090909
-0.05136363636363636
0.03636545454545455
0.2516818181818182
0.06759454545454545
-0.049925454545454544
0.26010545454545453
0.07314181818181818
-0.08279818181818181
0.09286545454545453
-0.09574181818181818
0.02362727272727273
-0.00945090909090909
-0.10848000000000001
0.005752727272727272
0.0012327272727272727
0.03985818181818182
0.08197636363636364
0.08649636363636364
-0.046432727272727264
0.1713490909090909
0.12101272727272726
-0.11854727272727272
0.11156181818181818
0.0339
0.044994545454545454
0.06266363636363637
-0.009861818181818182
0.06800545454545455
0.031845454545454545
-0.019107272727272726
0.0741690909090909
0.08629090909090908
-0.08588
0.15203636363636364
0.13025818181818183
-0.011916363636363636
0.14299636363636362
0.10416545454545453
0.002670909090909091
-0.03883090909090909
0.08362
-0.004725454545454545
-0.08423636363636364
-0.02691454545454545
0.005752727272727272
0.004930909090909091
-0.021778181818181818
0.04622727272727272
0.12080727272727272
0.08814
-0.05855454545454545
0.13785999999999998
0.04109090909090909
-0.13457272727272726
0.09697454545454545
0.02444909090909091
-0.08074363636363636
0.05814363636363636
0.1479272727272727
0.03513272727272727
0.05526727272727273
0.05095272727272727
0.09553636363636364
0.06738909090909091
-0.10457636363636363
0.0940981818181818
0.12758727272727272
-0.05855454545454545
0.003287272727272727
0.1397090909090909
0.0
-0.03143454545454545
0.13991454545454546
0.03472181818181818
-0.002876363636363636
0.04211818181818182
-0.05465090909090909
0.1216290909090909
0.17484181818181818
-0.12327272727272726
0.13683272727272727
0.12553272727272727
-0.08711272727272727
0.17032181818181816
-0.05259636363636363
-0.12902545454545453
0.12327272727272726
0.03739272727272727
-0.16210363636363637
0.05711636363636363
0.17504727272727272
0.03246181818181818
0.1836763636363636
0.036776363636363635
-0.0041090909090909095
0.19929090909090907
0.008423636363636364
-0.038419999999999996
0.12142363636363637
-0.06923818181818181
-0.02116181818181818
0.15409090909090908
-0.034310909090909086
0.1035490909090909
0.12409454545454546
-0.0008218181818181817
0.06163636363636363
0.02075090909090909
-0.05608909090909091
-0.013560000000000001
-0.010478181818181819
-0.11567090909090909
0.11053454545454545
-0.05341818181818182
-0.0402690909090909
0.27161090909090907
-0.0402690909090909
0.05259636363636363
0.10087818181818181
-0.028558181818181816
0.15819999999999998
0.05465090909090909
-0.02218909090909091
0.10437090909090908
0.07108727272727272
-0.05054181818181818
0.029996363636363634
0.04725454545454546
-0.02650363636363636
0.08136
-0.06348545454545454
-0.08752363636363636
0.18121090909090906
0.06697818181818181
0.00945090909090909
0.21963090909090907
0.07519636363636363
-0.02198363636363636
0.15162545454545454
0.011094545454545454
-0.09019454545454544
0.04663818181818182
-0.10868545454545453
-0.1682672727272727
0.16354181818181818
-0.005958181818181818
0.05259636363636363
0.28743090909090907
-0.017463636363636362
0.0741690909090909
0.1360109090909091
-0.05198
-0.01623090909090909
0.09533090909090909
-0.08772909090909091
0.029996363636363634
0.19867454545454544
-0.038625454545454546
0.15367999999999998
0.17689636363636363
0.0008218181818181817
0.14936545454545455
0.05465090909090909
-0.18326545454545454
0.054034545454545446
0.04129636363636364
-0.22497272727272724
0.058349090909090906
0.06327999999999999
-0.03821454545454545
0.18326545454545454
0.06553999999999999
-0.05198
0.2075090909090909
0.047665454545454546
-0.03903636363636363
0.18347090909090907
-0.13128545454545454
-0.0452
0.14607818181818183
-0.08444181818181817
-0.08834545454545455
0.028763636363636363
0.003698181818181818
-0.043350909090909086
0.03903636363636363
0.03328363636363636
0.06492363636363636
0.20874181818181817
-0.01808
0.11464363636363636
0.21244
-0.19929090909090907
0.33468545454545456
-0.02691454545454545
-0.1921
0.10005636363636364
-0.17155454545454543
0.14587272727272727
-0.05280181818181818
0.17895090909090908
-0.04458363636363636
0.20278363636363633
0.06081454545454545
-0.029996363636363634
0.5068563636363635
-0.34639636363636367
0.11546545454545454
-0.11587636363636362
0.014792727272727272
0.02362727272727273
-0.19744181818181816
0.41748363636363633
-0.10457636363636363
0.1826490909090909
-0.03410545454545454
0.2206581818181818
0.11998545454545453
-0.1721709090909091
0.1686781818181818
-0.11628727272727273
-0.030612727272727274
0.014587272727272727
0.10437090909090908
-0.039241818181818176
0.12882
-0.08649636363636364
0.2465454545454545
0.12429999999999998
-0.08916727272727272
0.33468545454545456
-0.034927272727272723
0.12306727272727273
-0.05136363636363636
0.14813272727272728
-0.14936545454545455
-0.03739272727272727
0.15963818181818182
-0.19682545454545455
0.02198363636363636
-0.09820727272727273
0.13354545454545455
-0.03636545454545455
0.038419999999999996
-0.04663818181818182
0.13621636363636364
0.11916363636363636
-0.07375818181818182
0.17052727272727272
-0.013765454545454546
0.04622727272727272
-0.10539818181818181
0.07663454545454546
-0.0764290909090909
0.0727309090909091
-0.03020181818181818
-0.06019818181818181
0.19045636363636362
-0.19415454545454544
0.17771818181818183
0.17751272727272727
0.0012327272727272727
-0.10930181818181818
0.1894290909090909
0.0470490909090909
-0.11526
0.1469
-0.013149090909090907
0.17997818181818181
0.005136363636363636
0.055678181818181814
0.1532690909090909
0.1721709090909091
0.02938
0.18326545454545454
0.05465090909090909
-0.3051
0.08896181818181817
0.09820727272727273
-0.11053454545454545
-0.1939490909090909
0.09964545454545454
-0.1744309090909091
0.1103290909090909
0.07108727272727272
-0.0452
0.3694072727272727
-0.17196545454545456
0.17176
0.14854363636363635
0.03533818181818182
0.03739272727272727
0.11567090909090909
0.09635818181818182
-0.2165490909090909
0.13107999999999997
-0.08320909090909091
0.13498363636363636
0.16908909090909088
-0.025476363636363634
0.12738181818181818
0.13539454545454546
-0.0069854545454545456
0.12327272727272726
0.15491272727272726
-0.17114363636363633
0.20504363636363634
-0.04150181818181818
-0.11957454545454545
0.012327272727272727
-0.06759454545454545
-0.0010272727272727274
0.03307818181818182
-0.04910363636363636
-0.15840545454545454
0.2650363636363636
0.020545454545454544
0.021367272727272728
0.14012
-0.023216363636363632
0.019107272727272726
0.034927272727272723
0.04746
-0.029996363636363634
0.03472181818181818
-0.04930909090909091
0.19518181818181818
0.12409454545454546
0.00041090909090909085
0.16292545454545454
0.17463636363636362
0.025065454545454544
-0.03698181818181818
0.08629090909090908
-0.09697454545454545
0.10930181818181818
-0.05300727272727272
-0.06512909090909091
0.027736363636363635
-0.11875272727272726
0.1668290909090909
0.10704181818181817
-0.08341454545454545
-0.06204727272727273
0.24469636363636363
-0.0226
-0.10272727272727272
0.16744545454545454
-0.06389636363636363
0.04602181818181818
0.09471454545454545
-0.1171090909090909
0.00945090909090909
0.0904
-0.03554363636363636
0.14484545454545456
0.033489090909090906
-0.039241818181818176
0.13827090909090908
0.17381454545454544
0.04807636363636364
0.06595090909090909
0.19867454545454544
-0.05773272727272727
0.10642545454545453
0.02979090909090909
-0.07355272727272727
0.039241818181818176
-0.06882727272727272
-0.08094909090909091
0.07909999999999999
-0.03307818181818182
-0.12676545454545454
0.35481999999999997
-0.07211454545454546
0.018285454545454546
0.15943272727272728
-0.09738545454545454
0.1744309090909091
0.08731818181818181
0.050747272727272724
-0.057527272727272726
0.1645690909090909
-0.02979090909090909
0.06040363636363636
0.08485272727272727
-0.2301090909090909
0.12512181818181817
0.0006163636363636364
-0.11916363636363636
0.05896545454545454
0.12553272727272727
-0.09430363636363637
0.21100181818181818
0.1495709090909091
-0.08752363636363636
0.20422181818181817
0.027941818181818182
0.031229090909090908
0.07786727272727272
-0.1076581818181818
0.02157272727272727
0.2730490909090909
-0.06533454545454545
0.11464363636363636
0.19230545454545456
-0.07314181818181818
0.17176
0.059170909090909087
-0.1356
-0.010272727272727272
0.1216290909090909
-0.17895090909090908
-0.023216363636363632
0.007601818181818181
-0.11875272727272726
0.1374490909090909
0.018696363636363636
0.07519636363636363
0.1224509090909091
-0.021778181818181818
0.06903272727272727
0.2331909090909091
-0.0940981818181818
-0.06348545454545454
0.17936181818181818
-0.041912727272727275
-0.029585454545454543
0.0918381818181818
0.013354545454545456
-0.03965272727272728
0.0895781818181818
-0.09841272727272728
0.10971272727272725
0.12265636363636362
-0.06615636363636364
0.2851709090909091
0.06369090909090909
-0.0967690909090909
0.08012727272727273
0.043556363636363636
-0.15799454545454544
-0.07293636363636363
-0.008218181818181819
-0.0904
0.041707272727272725
0.00862909090909091
0.024243636363636363
0.17895090909090908
0.0764290909090909
0.014587272727272727
0.22641090909090908
-0.007601818181818181
-0.05136363636363636
0.1577890909090909
0.011505454545454544
-0.08834545454545455
0.08505818181818181
0.17340363636363634
-0.05855454545454545
0.1935381818181818
0.07375818181818182
-0.03410545454545454
0.1577890909090909
-0.1017
0.038625454545454546
0.10498727272727272
-0.049925454545454544
0.06882727272727272
0.1356
-0.07930545454545455
0.08588
0.11587636363636362
-0.0402690909090909
0.10067272727272727
-0.0113
-0.02938
0.030818181818181814
0.12943636363636363
0.02650363636363636
0.11669818181818181
0.08300363636363636
-0.06512909090909091
0.1668290909090909
-0.041912727272727275
-0.08711272727272727
0.060609090909090904
-0.07293636363636363
-0.11238363636363637
0.15039272727272726
-0.05136363636363636
-0.004725454545454545
0.27099454545454543
0.04725454545454546
0.06451272727272726
0.04746
-0.0008218181818181817
0.01725818181818182
0.02650363636363636
-0.08608545454545455
0.048487272727272726
0.031639999999999995
-0.04889818181818182
0.16991090909090908
0.07519636363636363
0.011505454545454544
0.09245454545454544
0.09307090909090908
-0.10457636363636363
-0.04622727272727272
0.008218181818181819
-0.007807272727272727
0.05300727272727272
-0.08382545454545455
0.10149454545454545
0.10622
-0.01992909090909091
0.09697454545454545
0.1479272727272727
-0.007396363636363636
0.0226
0.19333272727272727
-0.024654545454545453
0.056705454545454545
0.11197272727272727
-0.02075090909090909
0.0628690909090909
0.00226
-0.04458363636363636
0.08567454545454545
-0.023216363636363632
-0.05054181818181818
0.16580181818181816
0.031229090909090908
0.04047454545454546
0.17710181818181817
0.14361272727272725
0.08259272727272728
0.07540181818181818
0.0764290909090909
-0.05444545454545455
0.00041090909090909085
-0.10231636363636364
-0.08834545454545455
0.043350909090909086
-0.09820727272727273
0.06101999999999999
0.09759090909090909
0.02218909090909091
0.04951454545454545
0.08505818181818181
-0.028352727272727273
-0.05485636363636363
0.10868545454545453
-0.0940981818181818
-0.00904
0.19477090909090908
0.06389636363636363
0.10539818181818181
0.16148727272727273
0.030818181818181814
0.15614545454545453
0.13724363636363635
-0.14751636363636364
0.031229090909090908
-0.024654545454545453
-0.15717272727272727
0.037598181818181815
-0.012532727272727272
-0.08464727272727272
0.11176727272727273
0.11608181818181817
-0.06903272727272727
0.14237999999999998
0.04602181818181818
0.007807272727272727
0.11752
-0.09553636363636364
0.06307454545454545
0.1573781818181818
-0.021367272727272728
0.02034
0.13107999999999997
-0.0226
0.06677272727272728
0.09430363636363637
-0.07725090909090909
0.09245454545454544
0.06266363636363637
-0.051569090909090905
0.13087454545454547
0.0967690909090909
-0.10375454545454545
0.15450181818181818
0.004725454545454545
-0.10108363636363636
0.21305636363636363
-0.08588
-0.05362363636363636
0.21408363636363634
0.010272727272727272
-0.014176363636363636
0.22538363636363634
0.08218181818181818
0.05095272727272727
0.17607454545454546
-0.04602181818181818
-0.029174545454545453
0.053212727272727266
-0.08033272727272728
-0.08567454545454545
0.018696363636363636
-0.12265636363636362
0.05855454545454545
0.15881636363636362
-0.06225272727272727
0.17422545454545454
0.06574545454545455
-0.004930909090909091
0.11957454545454545
-0.013765454545454546
-0.028352727272727273
0.02691454545454545
-0.00452
-0.05300727272727272
0.055061818181818184
0.015614545454545454
0.04910363636363636
0.1321072727272727
0.0012327272727272727
0.07149818181818181
0.15902181818181815
-0.07581272727272727
0.11156181818181818
0.1528581818181818
-0.18347090909090907
0.10437090909090908
0.04787090909090909
-0.04232363636363636
0.11341090909090909
-0.01890181818181818
-0.03657090909090909
0.05444545454545455
0.013560000000000001
-0.05300727272727272
0.11279454545454545
0.06451272727272726
0.02486
0.08279818181818181
0.07088181818181817
-0.009656363636363637
0.13785999999999998
0.0039036363636363635
-0.12183454545454545
0.23052
-0.14443454545454545
0.02670909090909091
0.20874181818181817
-0.10396
0.18141636363636363
0.16580181818181816
-0.04622727272727272
0.06019818181818181
0.07540181818181818
-0.13806545454545455
0.04109090909090909
0.09389272727272728
-0.11176727272727273
0.028352727272727273
0.1193690909090909
-0.05485636363636363
0.16806181818181817
0.20196181818181816
-0.030407272727272724
0.22949272727272724
-0.05362363636363636
-0.0940981818181818
0.14587272727272727
-0.10622
-0.15573454545454543
0.048487272727272726
-0.021778181818181818
-0.19867454545454544
0.13087454545454547
0.07540181818181818
-0.026298181818181814
0.14566727272727273
-0.014792727272727272
-0.0039036363636363635
0.09697454545454545
-0.03780363636363636
0.11176727272727273
0.11628727272727273
-0.16128181818181817
0.10334363636363636
0.06964909090909091
-0.06451272727272726
0.1532690909090909
0.10519272727272726
0.02568181818181818
0.13991454545454546
0.12758727272727272
-0.027325454545454545
0.16518545454545455
0.09204363636363636
-0.02218909090909091
0.1569672727272727
-0.10622
-0.047665454545454546
0.1411472727272727
-0.07314181818181818
-0.10252181818181817
0.0339
-0.014998181818181817
-0.04725454545454546
0.14525636363636363
0.04314545454545454
0.07149818181818181
0.10211090909090909
-0.04232363636363636
0.12758727272727272
0.026298181818181814
-0.003287272727272727
0.13806545454545455
-0.010067272727272725
-0.02670909090909091
0.08300363636363636
0.17771818181818183
0.10252181818181817
0.09820727272727273
0.09204363636363636
-0.00020545454545454542
0.08875636363636363
-0.06369090909090909
0.013149090909090907
0.08793454545454545
-0.16908909090909088
-0.03657090909090909
0.10087818181818181
-0.03143454545454545
-0.0041090909090909095
0.10601454545454544
0.05033636363636364
-0.02609272727272727
0.0452
-0.033489090909090906
-0.009245454545454545
0.16559636363636362
-0.09224909090909092
-0.024654545454545453
0.08567454545454545
-0.03821454545454545
0.09224909090909092
0.0039036363636363635
-0.09718
0.020545454545454544
0.12368363636363637
-0.08814
0.04109090909090909
0.1678563636363636
-0.003287272727272727
0.17176
0.09471454545454545
0.04787090909090909
0.14525636363636363
0.07047090909090908
-0.05937636363636363
0.03739272727272727
-0.045610909090909084
-0.09944
0.07930545454545455
-0.02157272727272727
0.07560727272727272
0.08279818181818181
-0.004314545454545455
-0.02075090909090909
0.17422545454545454
0.07108727272727272
-0.03718727272727273
0.16148727272727273
-0.06677272727272728
0.07232
0.08341454545454545
-0.08382545454545455
0.07047090909090908
-0.020956363636363638
-0.10396
0.08136
-0.05773272727272727
-0.03739272727272727
0.23278000000000001
0.04396727272727272
0.027120000000000002
0.10498727272727272
0.14628363636363637
0.06738909090909091
0.11156181818181818
-0.0039036363636363635
-0.023832727272727273
0.07006
-0.18511454545454545
-0.005958181818181818
0.09081090909090908
0.08238727272727273
0.11382181818181818
0.25373636363636365
-0.04540545454545454
0.08197636363636364
0.11916363636363636
-0.1840872727272727
0.20689272727272728
-0.23709454545454545
-0.023216363636363632
0.031023636363636364
-0.13909272727272726
0.10087818181818181
-0.018285454545454546
0.14751636363636364
-0.014176363636363636
0.20607090909090908
0.08197636363636364
-0.04437818181818182
0.10498727272727272
-0.0067800000000000004
0.04889818181818182
0.003287272727272727
-0.13888727272727272
0.0764290909090909
0.23668363636363635
-0.23524545454545454
0.10005636363636364
0.09060545454545453
-0.03472181818181818
0.1035490909090909
-0.0024654545454545454
0.11916363636363636
-0.025887272727272724
0.22435636363636363
0.02362727272727273
0.09101636363636363
0.03821454545454545
-0.1573781818181818
0.16498
-0.1495709090909091
-0.12347818181818182
0.07170363636363636
0.02691454545454545
-0.03985818181818182
0.1510090909090909
0.0678
0.014176363636363636
0.15388545454545455
0.02650363636363636
-0.03533818181818182
0.015409090909090907
0.02301090909090909
-0.17751272727272727
0.2188090909090909
-0.00020545454545454542
-0.019107272727272726
0.29215636363636366
-0.09820727272727273
0.17196545454545456
0.10375454545454545
-0.033694545454545456
0.10211090909090909
-0.021367272727272728
-0.08238727272727273
0.043350909090909086
0.013149090909090907
-0.00041090909090909085
0.18470363636363635
0.044994545454545454
-0.02198363636363636
0.06944363636363636
0.0678
-0.10642545454545453
0.09245454545454544
0.028147272727272726
-0.12265636363636362
0.19107272727272728
-0.010683636363636364
0.044994545454545454
0.15018727272727272
-0.06944363636363636
-0.03657090909090909
0.08279818181818181
-0.1088909090909091
-0.046432727272727264
0.16724
-0.11505454545454545
0.15018727272727272
0.20648181818181818
-0.06841636363636364
0.19538727272727272
0.19723636363636363
-0.0113
0.040885454545454544
0.03328363636363636
-0.07683999999999999
0.06143090909090909
0.010889090909090909
-0.009245454545454545
0.15963818181818182
0.03616
0.07437454545454546
0.20134545454545455
-0.02301090909090909
-0.037598181818181815
0.08978363636363636
-0.18182727272727273
-0.1216290909090909
0.060609090909090904
-0.05629454545454545
0.053212727272727266
0.07006
-0.009245454545454545
0.12717636363636362
0.11690363636363636
0.014998181818181817
0.24058727272727273
0.07129272727272727
-0.1247109090909091
0.18778545454545456
0.027120000000000002
-0.011094545454545454
0.11012363636363637
-0.04828181818181818
-0.021778181818181818
-0.013970909090909091
-0.010478181818181819
0.004930909090909091
0.041707272727272725
0.048487272727272726
0.0006163636363636364
0.08772909090909091
0.06451272727272726
0.07766181818181818
0.17751272727272727
-0.04437818181818182
-0.023216363636363632
0.029996363636363634
-0.14751636363636364
0.0034927272727272728
-0.04910363636363636
-0.04972
0.0727309090909091
0.02198363636363636
0.14566727272727273
0.1257381818181818
0.054034545454545446
0.008834545454545454
0.013354545454545456
0.042734545454545456
-0.11875272727272726
0.05300727272727272
0.08177090909090909
0.00862909090909091
0.24675090909090908
0.05629454545454545
0.05793818181818181
0.21901454545454546
0.041912727272727275
0.03944727272727273
0.06903272727272727
-0.08279818181818181
-0.11731454545454545
0.01623090909090909
-0.034310909090909086
-0.020545454545454544
0.11156181818181818
0.07396363636363636
0.030612727272727274
0.19867454545454544
0.04889818181818182
0.043556363636363636
0.24161454545454544
-0.10046727272727272
0.04869272727272727
0.09841272727272728
-0.09697454545454545
0.06656727272727272
0.005958181818181818
-0.09224909090909092
0.03533818181818182
0.00945090909090909
-0.10560363636363636
0.0538290909090909
0.01808
0.07170363636363636
0.12861454545454545
0.032872727272727276
0.04930909090909091
0.19086727272727272
0.024243636363636363
-0.09142727272727272
0.2188090909090909
-0.16703454545454544
-0.10437090909090908
0.14381818181818182
-0.1366272727272727
0.09964545454545454
0.1682672727272727
-0.028147272727272726
0.12861454545454545
0.1865527272727273
-0.08526363636363636
0.034927272727272723
0.02362727272727273
-0.13087454545454547
0.0069854545454545456
-0.04930909090909091
-0.1573781818181818
0.08752363636363636
0.15819999999999998
-0.06923818181818181
0.21613818181818178
0.1247109090909091
0.07006
0.17381454545454544
-0.03410545454545454
0.03225636363636363
-0.008834545454545454
0.015614545454545454
-0.04314545454545454
0.010067272727272725
-0.028352727272727273
-0.01664181818181818
0.1370381818181818
0.06143090909090909
0.1397090909090909
0.1148490909090909
0.0678
0.14607818181818183
0.12101272727272726
-0.06307454545454545
0.10334363636363636
0.030612727272727274
-0.09327636363636364
0.09697454545454545
-0.007807272727272727
-0.03821454545454545
0.014792727272727272
0.031845454545454545
-0.054240000000000003
0.044994545454545454
0.01664181818181818
0.00452
0.21264545454545453
0.02670909090909091
0.010889090909090909
0.17032181818181816
0.011916363636363636
-0.038625454545454546
0.09841272727272728
-0.010478181818181819
-0.04828181818181818
0.03698181818181818
-0.031229090909090908
0.036776363636363635
0.1088909090909091
-0.07519636363636363
0.0470490909090909
0.15676181818181817
-0.12984727272727273
0.021367272727272728
0.031845454545454545
-0.07437454545454546
0.05465090909090909
0.01890181818181818
0.007807272727272727
0.11854727272727272
0.17114363636363633
0.058349090909090906
0.22723272727272725
0.012943636363636362
-0.10313818181818181
0.17936181818181818
-0.14566727272727273
-0.1454618181818182
0.08197636363636364
-0.13005272727272726
-0.04622727272727272
0.0967690909090909
-0.0749909090909091
0.043556363636363636
0.12799818181818182
-0.014587272727272727
0.059787272727272724
0.1306690909090909
-0.0452
0.043556363636363636
0.19970181818181817
-0.05177454545454545
0.1631309090909091
0.13642181818181817
-0.10786363636363637
0.1826490909090909
0.05115818181818182
0.0012327272727272727
0.20730363636363636
0.019723636363636363
-0.08218181818181818
0.17093818181818182
-0.00020545454545454542
-0.06348545454545454
0.2278490909090909
0.014587272727272727
-0.06101999999999999
0.08670181818181817
-0.05793818181818181
-0.06410181818181818
0.07006
-0.06410181818181818
-0.019518181818181816
0.03739272727272727
-0.019518181818181816
0.14340727272727272
0.10498727272727272
0.0041090909090909095
0.10745272727272726
0.017874545454545452
-0.03965272727272728
0.14751636363636364
0.036776363636363635
-0.07745636363636363
0.08670181818181817
0.06019818181818181
0.06204727272727273
0.12224545454545453
0.003698181818181818
0.10971272727272725
0.11628727272727273
-0.0402690909090909
-0.005958181818181818
0.013560000000000001
-0.028147272727272726
0.04828181818181818
0.05547272727272727
-0.12779272727272725
0.022805454545454542
0.11998545454545453
0.010889090909090909
-0.015203636363636362
0.02342181818181818
-0.010067272727272725
0.02116181818181818
0.049925454545454544
-0.031229090909090908
0.06862181818181817
-0.05773272727272727
0.07252545454545453
0.07951090909090908
-0.04232363636363636
0.028147272727272726
0.00041090909090909085
0.1577890909090909
0.006163636363636363
0.09656363636363637
0.07232
0.07560727272727272
0.2742818181818182
0.032667272727272725
0.07252545454545453
0.029585454545454543
-0.032872727272727276
0.002670909090909091
0.011505454545454544
-0.14217454545454544
-0.07519636363636363
0.10457636363636363
-0.1325181818181818
0.02486
0.18285454545454544
0.05999272727272727
0.043350909090909086
0.12882
-0.03205090909090909
0.03246181818181818
0.12491636363636363
-0.0024654545454545454
0.15142
-0.031023636363636364
-0.034927272727272723
0.1791563636363636
0.018285454545454546
-0.14176363636363634
0.09348181818181817
-0.03143454545454545
-0.21963090909090907
0.09718
-0.008423636363636364
0.009245454545454545
0.12224545454545453
0.08505818181818181
0.0990290909090909
0.12882
0.06574545454545455
0.09122181818181817
0.16559636363636362
-0.1586109090909091
0.01849090909090909
0.15470727272727272
-0.08998909090909091
0.11998545454545453
0.23298545454545452
-0.03533818181818182
0.09019454545454544
0.12368363636363637
-0.05362363636363636
0.09861818181818181
-0.14073636363636363
-0.055883636363636364
0.02198363636363636
-0.13785999999999998
-0.008423636363636364
0.08546909090909091
0.08588
0.0226
0.20894727272727273
0.028147272727272726
0.04068
0.17628
0.008834545454545454
-0.003698181818181818
0.03307818181818182
-0.029585454545454543
-0.027120000000000002
0.08875636363636363
-0.06369090909090909
0.06553999999999999
-0.05013090909090909
-0.06862181818181817
0.11669818181818181
0.05198
0.06862181818181817
0.056705454545454545
0.21326181818181816
-0.005547272727272727
0.052390909090909085
0.10149454545454545
-0.053212727272727266
0.03020181818181818
-0.12779272727272725
-0.11217818181818182
-0.0041090909090909095
-0.033694545454545456
-0.05198
0.14484545454545456
-0.0016436363636363634
0.010889090909090909
0.23853272727272726
0.006163636363636363
-0.027941818181818182
0.05855454545454545
-0.006163636363636363
-0.11731454545454545
0.07848363636363635
-0.00041090909090909085
0.05341818181818182
0.24058727272727273
-0.030407272727272724
0.18531999999999998
0.13498363636363636
-0.08033272727272728
0.13087454545454547
0.06964909090909091
-0.1397090909090909
0.05341818181818182
0.07252545454545453
-0.09635818181818182
0.1678563636363636
0.10560363636363636
-0.014587272727272727
0.1483381818181818
0.056705454545454545
-0.06595090909090909
0.07458
0.016847272727272728
-0.05793818181818181
0.12368363636363637
-0.009861818181818182
0.02670909090909091
0.14237999999999998
-0.00020545454545454542
0.03410545454545454
0.09512545454545453
-0.05773272727272727
-0.09779636363636364
0.08608545454545455
0.015819999999999997
0.07190909090909091
0.20011272727272728
0.06903272727272727
0.1035490909090909
0.12142363636363637
-0.028969090909090906
0.08916727272727272
0.04869272727272727
-0.16251454545454544
0.02527090909090909
-0.06985454545454545
-0.05732181818181818
0.12820363636363635
0.017874545454545452
0.09718
0.13765454545454545
0.02938
0.0012327272727272727
0.03821454545454545
-0.05958181818181818
-0.08670181818181817
-0.014587272727272727
-0.10622
-0.016847272727272728
0.09759090909090909
-0.012943636363636362
0.17484181818181818
0.13025818181818183
-0.03328363636363636
0.17628
0.055678181818181814
0.003287272727272727
0.07848363636363635
-0.01992909090909091
0.04746
0.11649272727272726
-0.05485636363636363
-0.03965272727272728
0.09697454545454545
-0.029174545454545453
-0.003287272727272727
0.07889454545454545
-0.0538290909090909
0.10806909090909089
0.16888363636363635
-0.055061818181818184
0.12347818181818182
0.15142
0.0020545454545454547
0.113
-0.00945090909090909
-0.16559636363636362
0.00945090909090909
-0.03883090909090909
-0.01664181818181818
0.12902545454545453
0.005547272727272727
0.09718
0.1623090909090909
0.08834545454545455
-0.013765454545454546
0.06964909090909091
0.0063690909090909084
-0.17956727272727271
0.12512181818181817
-0.061841818181818185
-0.046432727272727264
0.2545581818181818
0.04150181818181818
0.09820727272727273
0.16662363636363633
0.044994545454545454
0.05814363636363636
0.1608709090909091
-0.09450909090909092
-0.10868545454545453
0.044994545454545454
-0.15573454545454543
-0.023216363636363632
0.06677272727272728
-0.040885454545454544
0.13868181818181818
0.14772181818181818
-0.06923818181818181
0.1637472727272727
0.16169272727272727
-0.08916727272727272
0.09718
0.02527090909090909
-0.11320545454545454
0.06019818181818181
-0.015409090909090907
-0.13888727272727272
0.11772545454545454
0.0012327272727272727
-0.11115090909090909
0.21018
-0.05095272727272727
0.003287272727272727
0.3180436363636363
-0.007807272727272727
0.035749090909090904
0.24449090909090906
-0.10293272727272727
-0.001849090909090909
0.15922727272727272
-0.24983272727272726
0.031639999999999995
0.0967690909090909
-0.13005272727272726
0.17155454545454543
0.18059454545454545
0.03739272727272727
0.18429272727272727
0.2029890909090909
-0.030818181818181814
0.12429999999999998
0.004930909090909091
-0.17710181818181817
0.010067272727272725
-0.13827090909090908
-0.16251454545454544
0.09060545454545453
0.002670909090909091
0.02670909090909091
0.2609272727272727
0.028352727272727273
0.15388545454545455
0.1984690909090909
-0.025887272727272724
0.07766181818181818
-0.00452
-0.09081090909090908
-0.006163636363636363
0.045610909090909084
-0.07909999999999999
0.046432727272727264
0.06492363636363636
-0.009656363636363637
0.10848000000000001
0.11793090909090909
0.05136363636363636
0.0918381818181818
0.09553636363636364
-0.08300363636363636
0.05013090909090909
-0.08546909090909091
-0.05115818181818182
0.045610909090909084
-0.07293636363636363
0.02670909090909091
-0.035954545454545454
0.0339
-0.0447890909090909
0.06225272727272727
0.08855090909090908
0.014792727272727272
0.09471454545454545
0.005958181818181818
0.08526363636363636
0.09656363636363637
-0.03205090909090909
0.005958181818181818
0.12409454545454546
-0.1125890909090909
0.02979090909090909
0.13621636363636364
-0.040885454545454544
0.08115454545454545
0.05773272727272727
0.08300363636363636
0.08403090909090909
0.14710545454545454
0.02403818181818182
0.009245454545454545
0.0452
-0.09286545454545453
0.08670181818181817
0.04787090909090909
-0.056705454545454545
0.0447890909090909
0.12121818181818181
0.06451272727272726
0.20155090909090906
0.17628
0.04129636363636364
0.08238727272727273
-0.08834545454545455
-0.005341818181818182
0.048487272727272726
-0.14258545454545454
-0.11217818181818182
0.031639999999999995
-0.17463636363636362
-0.04684363636363636
0.23236909090909091
-0.03020181818181818
0.07827818181818182
0.13868181818181818
0.03903636363636363
0.07848363636363635
0.046432727272727264
0.1088909090909091
0.12902545454545453
-0.012738181818181817
-0.12306727272727273
0.1058090909090909
0.06903272727272727
-0.08855090909090908
0.15450181818181818
0.11402727272727273
-0.09122181818181817
0.08998909090909091
0.06348545454545454
-0.02301090909090909
0.12101272727272726
-0.027120000000000002
0.03903636363636363
0.02444909090909091
-0.17956727272727271
0.059787272727272724
0.09861818181818181
-0.09265999999999999
-0.003698181818181818
0.03903636363636363
-0.010272727272727272
0.06512909090909091
0.10724727272727272
0.11916363636363636
0.007190909090909091
-0.014998181818181817
0.005958181818181818
0.03451636363636364
0.06697818181818181
-0.02609272727272727
0.11053454545454545
-0.01705272727272727
0.045610909090909084
0.22353454545454546
0.06204727272727273
0.20504363636363634
0.13005272727272726
-0.02609272727272727
0.04663818181818182
0.06204727272727273
-0.0113
-0.020956363636363638
-0.05115818181818182
-0.05814363636363636
0.11977999999999998
0.01890181818181818
-0.054240000000000003
0.08814
0.05937636363636363
-0.05465090909090909
0.038419999999999996
0.005752727272727272
-0.12080727272727272
0.1469
0.06040363636363636
-0.06081454545454545
0.05485636363636363
0.012943636363636362
0.08588
0.05485636363636363
-0.013560000000000001
0.0034927272727272728
0.11608181818181817
-0.01808
-0.013354545454545456
0.19744181818181816
-0.004725454545454545
0.055061818181818184
0.23278000000000001
-0.04109090909090909
-0.04828181818181818
0.13005272727272726
-0.06862181818181817
0.07375818181818182
-0.06307454545454545
-0.2023727272727273
0.13991454545454546
-0.02075090909090909
0.035954545454545454
0.12183454545454545
0.04807636363636364
-0.04437818181818182
0.059170909090909087
0.2097690909090909
-0.08464727272727272
0.10437090909090908
0.10272727272727272
-0.06327999999999999
0.16272
-0.03225636363636363
-0.08218181818181818
0.16970545454545455
-0.06862181818181817
-0.08814
0.044994545454545454
-0.14854363636363635
0.11895818181818181
0.16169272727272727
-0.019312727272727273
0.10211090909090909
0.15943272727272728
0.09389272727272728
0.11526
0.13539454545454546
-0.13642181818181817
0.0034927272727272728
0.07909999999999999
-0.08259272727272728
0.13765454545454545
0.12327272727272726
-0.024243636363636363
0.24161454545454544
0.13847636363636362
-0.1148490909090909
0.11238363636363637
-0.003698181818181818
-0.09142727272727272
-0.012532727272727272
-0.13046363636363634
-0.12635454545454544
0.09738545454545454
0.03246181818181818
-0.024243636363636363
0.07992181818181819
-0.04540545454545454
0.2194254545454545
0.1826490909090909
-0.06985454545454545
0.11341090909090909
0.11916363636363636
-0.028147272727272726
0.02444909090909091
0.05300727272727272
-0.012121818181818182
0.09615272727272728
-0.010067272727272725
-0.11197272727272727
-0.0113
-0.011094545454545454
-0.042734545454545456
0.1314909090909091
0.10293272727272727
-0.019518181818181816
0.2029890909090909
0.06759454545454545
0.04869272727272727
0.10067272727272727
-0.06574545454545455
-0.02486
0.007807272727272727
-0.07704545454545454
-0.09450909090909092
0.041707272727272725
0.055678181818181814
0.11156181818181818
0.10334363636363636
0.07334727272727272
0.0452
0.07088181818181817
0.03513272727272727
-0.08444181818181817
0.043556363636363636
-0.04232363636363636
0.032667272727272725
0.06471818181818181
-0.008834545454545454
0.2023727272727273
0.1351890909090909
0.019107272727272726
0.11669818181818181
0.08115454545454545
-0.07190909090909091
0.038419999999999996
0.05711636363636363
0.013560000000000001
0.04869272727272727
0.010067272727272725
0.013354545454545456
0.04951454545454545
0.04211818181818182
-0.08731818181818181
0.06019818181818181
-0.0067800000000000004
-0.08012727272727273
0.0940981818181818
-0.009245454545454545
0.1356
0.13827090909090908
-0.031639999999999995
0.10149454545454545
0.014792727272727272
-0.11135636363636363
0.054034545454545446
-0.05999272727272727
-0.08916727272727272
0.08649636363636364
0.008012727272727272
0.06595090909090909
0.15450181818181818
0.1351890909090909
0.09471454545454545
0.17566363636363633
0.019518181818181816
-0.040885454545454544
0.16292545454545454
-0.1337509090909091
-0.05711636363636363
0.14936545454545455
-0.040885454545454544
0.058349090909090906
0.15409090909090908
0.02650363636363636
0.09265999999999999
0.09265999999999999
-0.09430363636363637
0.016025454545454544
-0.013354545454545456
-0.08300363636363636
0.028763636363636363
-0.00041090909090909085
-0.04951454545454545
0.12388909090909091
0.1510090909090909
-0.01705272727272727
0.1532690909090909
0.08793454545454545
0.02198363636363636
0.1193690909090909
-0.013354545454545456
0.10272727272727272
0.13868181818181818
-0.006163636363636363
0.040063636363636364
-0.02034
-0.09368727272727272
0.032667272727272725
0.02157272727272727
-0.08423636363636364
-0.007807272727272727
0.07971636363636364
0.028558181818181816
0.13477818181818182
0.17176
0.007396363636363636
0.11135636363636363
0.02527090909090909
-0.1193690909090909
-0.03205090909090909
-0.14135272727272727
-0.14176363636363634
0.042734545454545456
-0.025887272727272724
-0.03143454545454545
0.23236909090909091
0.10457636363636363
0.028147272727272726
0.16354181818181818
-0.06266363636363637
-0.01992909090909091
0.15347454545454545
-0.08711272727272727
-0.01890181818181818
0.1411472727272727
0.007396363636363636
0.08875636363636363
0.18429272727272727
0.06903272727272727
0.009245454545454545
0.12306727272727273
-0.032667272727272725
-0.028763636363636363
0.07745636363636363
-0.20422181818181817
-0.02486
0.08731818181818181
-0.13128545454545454
0.11279454545454545
0.18593636363636362
0.008012727272727272
0.18306
0.09245454545454544
-0.029585454545454543
0.18758
0.061841818181818185
-0.03472181818181818
0.16744545454545454
0.011094545454545454
-0.10087818181818181
0.16806181818181817
-0.044994545454545454
-0.06225272727272727
0.17504727272727272
-0.08690727272727272
-0.07252545454545453
0.17093818181818182
0.04972
-0.0067800000000000004
0.23627272727272725
-0.008423636363636364
-0.042529090909090905
0.17689636363636363
-0.07437454545454546
0.030407272727272724
0.07211454545454546
-0.14587272727272727
0.07252545454545453
0.12758727272727272
-0.1296418181818182
0.11834181818181817
0.12820363636363635
-0.019312727272727273
0.17422545454545454
-0.018285454545454546
-0.07971636363636364
0.04232363636363636
-0.05711636363636363
-0.08320909090909091
0.06225272727272727
-0.08444181818181817
-0.0402690909090909
0.24510727272727273
-0.05259636363636363
0.024243636363636363
0.1803890909090909
-0.028558181818181816
0.08711272727272727
0.057527272727272726
-0.08649636363636364
0.07190909090909091
0.06677272727272728
-0.0967690909090909
0.04232363636363636
0.07108727272727272
-0.07766181818181818
0.06903272727272727
0.19929090909090907
-0.005341818181818182
0.11053454545454545
0.13087454545454547
-0.02157272727272727
0.13642181818181817
-0.01725818181818182
-0.05711636363636363
0.06841636363636364
0.019312727272727273
-0.0226
0.02362727272727273
-0.010272727272727272
-0.0008218181818181817
0.09122181818181817
0.013765454545454546
0.04951454545454545
0.05218545454545454
0.05814363636363636
0.11464363636363636
0.13025818181818183
-0.03513272727272727
0.030407272727272724
0.15162545454545454
-0.09265999999999999
0.027530909090909092
0.04602181818181818
-0.04294
0.11012363636363637
0.11669818181818181
-0.04828181818181818
0.09718
0.10971272727272725
-0.008834545454545454
0.17011636363636362
-0.11628727272727273
-0.1076581818181818
0.14422909090909092
0.029585454545454543
-0.06738909090909091
0.05711636363636363
0.05608909090909091
0.061841818181818185
0.24387454545454545
0.01623090909090909
0.023216363636363632
0.036776363636363635
-0.04930909090909091
0.005752727272727272
-0.06122545454545455
-0.16600727272727273
-0.07067636363636363
0.06985454545454545
-0.19148363636363636
0.004725454545454545
0.14094181818181817
-0.010683636363636364
0.20566
0.08567454545454545
-0.0402690909090909
0.15265272727272727
0.013765454545454546
-0.04437818181818182
0.19189454545454546
-0.0727309090909091
-0.0741690909090909
0.11567090909090909
0.013765454545454546
0.08423636363636364
0.13868181818181818
0.13190181818181818
0.03020181818181818
0.12882
0.001438181818181818
-0.030818181818181814
0.1871690909090909
-0.04746
0.03328363636363636
0.08526363636363636
-0.1610763636363636
0.06944363636363636
0.08074363636363636
-0.09450909090909092
0.10334363636363636
-0.09882363636363636
-0.05485636363636363
0.16066545454545456
-0.002876363636363636
0.10416545454545453
0.10786363636363637
0.017874545454545452
0.021367272727272728
0.13580545454545453
0.002876363636363636
0.0452
0.1826490909090909
-0.027325454545454545
0.09163272727272727
0.04889818181818182
0.028763636363636363
0.15162545454545454
0.10539818181818181
-0.04211818181818182
0.03718727272727273
0.04787090909090909
-0.10457636363636363
0.1148490909090909
-0.028558181818181816
-0.13868181818181818
0.05629454545454545
0.06821090909090909
-0.02034
-0.005958181818181818
0.04787090909090909
0.013354545454545456
0.11074
-0.03739272727272727
-0.06553999999999999
0.0895781818181818
-0.05177454545454545
0.05115818181818182
0.07026545454545453
-0.0967690909090909
-0.004930909090909091
0.11382181818181818
0.03800909090909091
-0.007396363636363636
0.07581272727272727
0.04725454545454546
0.08814
0.1296418181818182
0.016847272727272728
0.06471818181818181
0.22867090909090906
-0.05629454545454545
0.04068
0.15614545454545453
-0.2767472727272727
0.09286545454545453
0.10457636363636363
-0.19127818181818182
0.07026545454545453
0.002670909090909091
0.002876363636363636
0.23627272727272725
0.05362363636363636
-0.11217818181818182
0.16066545454545456
0.03533818181818182
-0.027530909090909092
0.15573454545454543
-0.0226
-0.09492
0.10067272727272727
0.03944727272727273
-0.04294
0.1713490909090909
-0.09738545454545454
-0.05013090909090909
0.1524472727272727
-0.1633363636363636
-0.025887272727272724
0.1510090909090909
0.028147272727272726
0.07375818181818182
0.11135636363636363
-0.005341818181818182
0.22127454545454545
0.14320181818181818
-0.05444545454545455
0.17114363636363633
-0.07334727272727272
-0.12902545454545453
0.21018
0.020956363636363638
-0.10375454545454545
0.21038545454545451
0.06512909090909091
-0.02075090909090909
0.11320545454545454
-0.07067636363636363
-0.025887272727272724
0.057527272727272726
-0.04951454545454545
-0.05033636363636364
0.008834545454545454
-0.07232
0.10190545454545454
0.13868181818181818
-0.02979090909090909
0.15635090909090907
0.19641454545454545
0.06800545454545455
0.03533818181818182
0.07581272727272727
-0.05362363636363636
0.028763636363636363
0.02301090909090909
-0.08300363636363636
0.13025818181818183
-0.07232
0.028352727272727273
0.19970181818181817
-0.1314909090909091
-0.02979090909090909
0.18203272727272726
0.04889818181818182
0.03225636363636363
0.10971272727272725
0.02075090909090909
0.027120000000000002
0.06862181818181817
-0.050747272727272724
-0.08033272727272728
0.01664181818181818
-0.06923818181818181
-0.017463636363636362
0.05095272727272727
-0.07232
0.12306727272727273
0.13888727272727272
0.0010272727272727274
0.08012727272727273
0.07540181818181818
-0.02691454545454545
0.05095272727272727
0.05177454545454545
-0.12080727272727272
0.03800909090909091
0.02034
0.009861818181818182
0.12861454545454545
-0.0010272727272727274
0.06553999999999999
0.13272363636363635
-0.03554363636363636
0.007396363636363636
0.1337509090909091
-0.041912727272727275
-0.010889090909090909
0.13950363636363636
0.008218181818181819
-0.002670909090909091
0.17504727272727272
0.05115818181818182
0.019723636363636363
0.09861818181818181
-0.11587636363636362
0.01623090909090909
-0.0008218181818181817
-0.07006
0.1682672727272727
0.003287272727272727
-0.01705272727272727
0.14443454545454545
0.02157272727272727
-0.06266363636363637
0.09286545454545453
0.07129272727272727
-0.08238727272727273
0.13498363636363636
0.06821090909090909
-0.04109090909090909
0.24962727272727273
0.09163272727272727
0.08567454545454545
0.2555854545454545
-0.06615636363636364
0.04417272727272727
0.10437090909090908
-0.19127818181818182
0.02403818181818182
0.05115818181818182
-0.1577890909090909
0.045816363636363634
0.12265636363636362
-0.004314545454545455
0.1193690909090909
0.12655999999999998
-0.015819999999999997
0.028969090909090906
-0.058349090909090906
-0.1224509090909091
0.07540181818181818
-0.07108727272727272
-0.09122181818181817
0.20011272727272728
-0.00226
0.01890181818181818
0.1916890909090909
0.0069854545454545456
0.09635818181818182
0.13395636363636362
-0.07149818181818181
0.10437090909090908
0.041912727272727275
-0.1257381818181818
0.15594
-0.01992909090909091
-0.13498363636363636
0.11546545454545454
0.05958181818181818
-0.14566727272727273
0.06574545454545455
0.1397090909090909
-0.11649272727272726
0.14443454545454545
0.09224909090909092
-0.04622727272727272
0.17628
0.041707272727272725
-0.0030818181818181817
0.05465090909090909
-0.1483381818181818
-0.013560000000000001
0.09882363636363636
-0.11690363636363636
0.028147272727272726
0.18203272727272726
0.08896181818181817
0.03718727272727273
0.1678563636363636
0.0034927272727272728
-0.06862181818181817
0.17628
-0.07951090909090908
-0.040885454545454544
0.13929818181818182
0.011094545454545454
0.12224545454545453
0.09635818181818182
0.019107272727272726
0.17052727272727272
0.09307090909090908
-0.007601818181818181
0.1125890909090909
-0.03985818181818182
-0.15265272727272727
0.009656363636363637
0.0226
-0.1633363636363636
0.011505454545454544
0.14566727272727273
-0.028969090909090906
0.13457272727272726
0.07355272727272727
0.06225272727272727
0.2177818181818182
-0.007396363636363636
0.041912727272727275
0.13991454545454546
-0.10457636363636363
0.010272727272727272
0.09779636363636364
-0.1483381818181818
-0.04725454545454546
0.09635818181818182
-0.1017
-0.10868545454545453
0.14217454545454544
0.02198363636363636
0.06718363636363636
0.17463636363636362
-0.012532727272727272
0.16744545454545454
0.08115454545454545
-0.07293636363636363
0.11546545454545454
0.005136363636363636
-0.11443818181818181
0.0678
0.055061818181818184
-0.04725454545454546
0.13477818181818182
0.08362
0.09964545454545454
0.20853636363636363
-0.047665454545454546
-0.024654545454545453
0.13991454545454546
-0.1682672727272727
-0.15265272727272727
0.036776363636363635
-0.18922363636363634
0.013765454545454546
0.11546545454545454
-0.008834545454545454
0.15594
0.21572727272727274
0.13457272727272726
0.1193690909090909
0.12984727272727273
-0.019518181818181816
0.10437090909090908
0.03985818181818182
-0.1573781818181818
0.06492363636363636
0.015203636363636362
-0.1469
0.02444909090909091
0.07149818181818181
-0.00226
0.1678563636363636
0.10663090909090908
0.03718727272727273
0.06923818181818181
-0.03883090909090909
0.035749090909090904
0.06841636363636364
-0.04972
-0.027325454545454545
0.07951090909090908
-0.05362363636363636
0.05958181818181818
0.05115818181818182
-0.10683636363636365
0.11238363636363637
0.05177454545454545
-0.08752363636363636
0.033694545454545456
0.11793090909090909
-0.031845454545454545
0.12820363636363635
0.08444181818181817
-0.13888727272727272
0.10724727272727272
0.014792727272727272
-0.07458
0.0786890909090909
0.05691090909090909
-0.02157272727272727
0.15265272727272727
0.013765454545454546
-0.05444545454545455
0.31044181818181815
0.007190909090909091
-0.07088181818181817
0.12060181818181817
-0.06595090909090909
-0.015409090909090907
0.08526363636363636
-0.08546909090909091
0.055678181818181814
0.11977999999999998
-0.04889818181818182
0.21798727272727272
0.13498363636363636
-0.02239454545454545
0.07909999999999999
0.11423272727272726
-0.09512545454545453
-0.02486
0.06738909090909091
-0.21634363636363635
0.0538290909090909
-0.042529090909090905
-0.09533090909090909
0.16210363636363637
0.013354545454545456
0.08156545454545455
0.2165490909090909
-0.015409090909090907
-0.02075090909090909
0.2938
0.01766909090909091
-0.022805454545454542
0.1758690909090909
-0.05937636363636363
-0.04869272727272727
0.08649636363636364
-0.06636181818181817
0.027736363636363635
0.08670181818181817
-0.11197272727272727
0.16847272727272727
0.045816363636363634
-0.05013090909090909
0.20833090909090907
0.1035490909090909
0.03307818181818182
-0.02116181818181818
0.012121818181818182
-0.10026181818181817
0.004314545454545455
0.05300727272727272
-0.17854
0.04602181818181818
-0.010478181818181819
-0.027530909090909092
0.24243636363636362
0.020956363636363638
0.0226
0.15347454545454545
-0.07047090909090908
0.03533818181818182
0.07190909090909091
-0.03883090909090909
0.0805381818181818
-0.029174545454545453
-0.005547272727272727
0.13765454545454545
0.09471454545454545
0.16292545454545454
0.17997818181818181
-0.008218181818181819
-0.043350909090909086
0.05198
-0.013765454545454546
-0.013354545454545456
0.05362363636363636
-0.06266363636363637
-0.07930545454545455
0.04725454545454546
0.02157272727272727
0.028558181818181816
0.08649636363636364
-0.001849090909090909
0.009245454545454545
0.09635818181818182
-0.055883636363636364
0.09944
0.1370381818181818
-0.06410181818181818
0.07622363636363635
0.025065454545454544
-0.034927272727272723
0.059787272727272724
0.11115090909090909
-0.0786890909090909
-0.03307818181818182
0.06225272727272727
-0.023832727272727273
0.15080363636363636
0.10293272727272727
0.09779636363636364
0.12060181818181817
0.04869272727272727
0.028558181818181816
0.016436363636363638
-0.00904
-0.01664181818181818
0.02670909090909091
-0.12388909090909091
-0.06369090909090909
0.13046363636363634
0.027120000000000002
-0.0041090909090909095
0.09389272727272728
-0.04396727272727272
0.010272727272727272
0.17011636363636362
0.014587272727272727
0.04930909090909091
0.061841818181818185
-0.06081454545454545
0.09122181818181817
0.0565
-0.11731454545454545
0.06225272727272727
0.04807636363636364
-0.12347818181818182
-0.001438181818181818
0.044994545454545454
0.04807636363636364
0.14053090909090907
0.06964909090909091
0.02691454545454545
0.14731090909090908
0.05896545454545454
0.04787090909090909
0.16354181818181818
-0.08731818181818181
-0.07992181818181819
0.12717636363636362
-0.07396363636363636
-0.015203636363636362
0.2820890909090909
0.0764290909090909
0.0470490909090909
0.17052727272727272
-0.03718727272727273
0.021367272727272728
0.026298181818181814
-0.07437454545454546
0.0113
-0.10026181818181817
-0.1479272727272727
0.11176727272727273
0.07314181818181818
0.0113
0.14484545454545456
0.11916363636363636
0.04376181818181818
0.10745272727272726
0.1321072727272727
-0.014998181818181817
0.08177090909090909
-0.011916363636363636
0.010889090909090909
0.02568181818181818
-0.13580545454545453
0.1337509090909091
0.06225272727272727
-0.10642545454545453
-0.051569090909090905
0.02034
-0.024243636363636363
0.07560727272727272
0.1623090909090909
-0.03410545454545454
0.08772909090909091
0.1224509090909091
0.028969090909090906
-0.00945090909090909
-0.00041090909090909085
-0.03780363636363636
-0.023832727272727273
-0.06553999999999999
-0.12902545454545453
0.09389272727272728
0.03698181818181818
0.019518181818181816
0.08136
0.0565
-0.034927272727272723
0.09122181818181817
0.1216290909090909
-0.16477454545454545
0.028352727272727273
0.026298181818181814
0.04869272727272727
0.17607454545454546
-0.001438181818181818
0.10663090909090908
0.20627636363636362
-0.0030818181818181817
0.04540545454545454
0.14422909090909092
-0.09759090909090909
0.02938
0.10005636363636364
-0.08382545454545455
0.010478181818181819
0.1247109090909091
0.03800909090909091
0.01766909090909091
0.06738909090909091
-0.08197636363636364
0.057527272727272726
0.032667272727272725
-0.12820363636363635
0.15491272727272726
0.08012727272727273
-0.09204363636363636
0.22086363636363635
0.07971636363636364
-0.09615272727272728
0.22908181818181816
-0.02218909090909091
-0.10971272727272725
0.11341090909090909
-0.034310909090909086
0.00041090909090909085
0.16415818181818181
0.05259636363636363
0.05465090909090909
0.22702727272727272
-0.0113
0.010683636363636364
0.14402363636363635
-0.11320545454545454
-0.002876363636363636
0.1193690909090909
-0.21449454545454544
-0.045610909090909084
0.14751636363636364
-0.051569090909090905
0.09985090909090909
0.05136363636363636
-0.019518181818181816
0.07560727272727272
0.0447890909090909
-0.058349090909090906
-0.007396363636363636
-0.0113
-0.050747272727272724
0.1808
-0.03780363636363636
0.012943636363636362
0.22456181818181817
-0.014792727272727272
0.04869272727272727
0.0727309090909091
0.007396363636363636
0.08567454545454545
0.07971636363636364
0.008012727272727272
0.1058090909090909
-0.005958181818181818
-0.030612727272727274
0.15142
-0.02938
-0.10437090909090908
0.041707272727272725
0.055678181818181814
-0.03780363636363636
0.10478181818181817
0.06019818181818181
0.0538290909090909
0.15902181818181815
0.0024654545454545454
0.0024654545454545454
0.07375818181818182
-0.027120000000000002
-0.08690727272727272
0.011094545454545454
-0.17895090909090908
-0.04972
0.1479272727272727
0.011505454545454544
0.09204363636363636
0.10272727272727272
0.07006
0.0339
0.08629090909090908
-0.060609090909090904
0.005752727272727272
0.15491272727272726
-0.09512545454545453
0.07827818181818182
0.10909636363636364
-0.008423636363636364
0.15039272727272726
0.1351890909090909
-0.03410545454545454
0.028352727272727273
-0.006574545454545454
-0.1035490909090909
0.05362363636363636
-0.09163272727272727
-0.08012727272727273
0.07848363636363635
-0.010067272727272725
0.03410545454545454
0.1668290909090909
0.08115454545454545
0.06903272727272727
0.18326545454545454
-0.030612727272727274
-0.015203636363636362
0.1668290909090909
-0.03513272727272727
-0.00452
0.08731818181818181
-0.1411472727272727
0.03985818181818182
0.14895454545454545
-0.10868545454545453
0.06204727272727273
0.11546545454545454
-0.051569090909090905
0.1569672727272727
0.13046363636363634
-0.015614545454545454
0.21100181818181818
0.08937272727272727
-0.06040363636363636
0.06656727272727272
-0.009245454545454545
-0.005958181818181818
0.09985090909090909
-0.026298181818181814
-0.030818181818181814
0.13642181818181817
0.029996363636363634
0.09944
0.1125890909090909
-0.017463636363636362
0.03616
0.01849090909090909
-0.09224909090909092
-0.05896545454545454
0.026298181818181814
-0.17525272727272728
0.0678
0.05033636363636364
-0.19148363636363636
0.22497272727272724
0.13046363636363634
0.01623090909090909
0.16210363636363637
-0.03328363636363636
-0.00945090909090909
0.11341090909090909
-0.017874545454545452
-0.007601818181818181
0.020545454545454544
-0.05937636363636363
0.013765454545454546
-0.0010272727272727274
-0.03410545454545454
0.09492
0.15902181818181815
-0.0041090909090909095
0.0565
0.1088909090909091
-0.08772909090909091
0.03903636363636363
0.06964909090909091
-0.03636545454545455
0.01171090909090909
-0.017874545454545452
0.021367272727272728
0.1012890909090909
-0.030407272727272724
-0.03698181818181818
0.12286181818181818
0.026298181818181814
-0.01623090909090909
0.14977636363636362
-0.003287272727272727
-0.01890181818181818
0.22476727272727273
-0.048487272727272726
-0.02403818181818182
0.1329290909090909
-0.05218545454545454
0.02342181818181818
0.03780363636363636
0.011916363636363636
0.0786890909090909
0.12347818181818182
0.06595090909090909
0.04150181818181818
0.12902545454545453
0.06553999999999999
-0.008218181818181819
0.13190181818181818
-0.0764290909090909
-0.04376181818181818
0.14751636363636364
-0.16066545454545456
0.09430363636363637
0.10971272727272725
0.02218909090909091
0.2142890909090909
0.024243636363636363
0.034310909090909086
0.04129636363636364
-0.05033636363636364
-0.04376181818181818
-0.04150181818181818
-0.09450909090909092
-0.12327272727272726
-0.03718727272727273
0.03307818181818182
-0.02157272727272727
0.14936545454545455
0.12224545454545453
0.0069854545454545456
0.20607090909090908
-0.06697818181818181
0.08012727272727273
0.16662363636363633
-0.14402363636363635
0.09204363636363636
0.04417272727272727
-0.0727309090909091
0.02444909090909091
0.12121818181818181
0.03246181818181818
0.014381818181818181
0.16724
-0.02034
0.0067800000000000004
0.11895818181818181
-0.05711636363636363
0.08423636363636364
0.016847272727272728
-0.08259272727272728
0.19641454545454545
-0.08156545454545455
-0.06615636363636364
0.13128545454545454
-0.11197272727272727
0.01992909090909091
0.048487272727272726
-0.001849090909090909
0.040063636363636364
0.033489090909090906
0.0749909090909091
0.02362727272727273
0.10930181818181818
0.060609090909090904
0.07067636363636363
0.1306690909090909
-0.0918381818181818
0.11526
0.17504727272727272
-0.07047090909090908
0.14484545454545456
0.10087818181818181
0.024654545454545453
0.1148490909090909
-0.024654545454545453
0.09697454545454545
0.027530909090909092
-0.14320181818181818
-0.00945090909090909
0.02444909090909091
-0.045610909090909084
-0.08546909090909091
0.09779636363636364
0.015203636363636362
-0.032872727272727276
0.15614545454545453
-0.042734545454545456
0.01890181818181818
0.10909636363636364
-0.047665454545454546
0.028969090909090906
0.05547272727272727
0.019107272727272726
0.15080363636363636
0.04622727272727272
-0.12717636363636362
0.12121818181818181
0.07766181818181818
-0.04889818181818182
0.025887272727272724
0.00226
0.01725818181818182
0.052390909090909085
0.18121090909090906
-0.007396363636363636
0.09224909090909092
0.1600490909090909
-0.08218181818181818
0.14751636363636364
-0.11156181818181818
-0.05136363636363636
0.14566727272727273
-0.16744545454545454
0.04602181818181818
0.04047454545454546
-0.05526727272727273
0.1645690909090909
0.1555290909090909
-0.007601818181818181
-0.034310909090909086
0.12758727272727272
0.05115818181818182
0.001849090909090909
0.07108727272727272
-0.13539454545454546
0.09738545454545454
0.08382545454545455
-0.19025090909090905
0.12676545454545454
-0.013765454545454546
-0.13991454545454546
0.12429999999999998
-0.005547272727272727
-0.07581272727272727
0.16600727272727273
0.13929818181818182
0.0538290909090909
0.12532727272727273
0.1058090909090909
0.11546545454545454
0.1247109090909091
-0.07951090909090908
-0.10622
0.11402727272727273
-0.19867454545454544
-0.013560000000000001
0.2368890909090909
-0.09779636363636364
0.1524472727272727
0.13272363636363635
0.030818181818181814
0.10067272727272727
0.017463636363636362
0.005136363636363636
-0.012532727272727272
-0.10416545454545453
-0.12553272727272727
0.10724727272727272
-0.00452
-0.029585454545454543
0.2346290909090909
0.11505454545454545
-0.02218909090909091
0.23606727272727274
0.1058090909090909
0.001438181818181818
0.13683272727272727
-0.12491636363636363
0.042734545454545456
-0.023832727272727273
-0.09265999999999999
0.10149454545454545
-0.039241818181818176
-0.00945090909090909
0.03903636363636363
0.10005636363636364
0.02301090909090909
0.13683272727272727
0.14135272727272727
-0.02403818181818182
0.17155454545454543
0.09307090909090908
-0.059787272727272724
0.10272727272727272
0.02301090909090909
-0.12347818181818182
0.028763636363636363
-0.09594727272727273
-0.059170909090909087
0.059170909090909087
-0.06101999999999999
0.03616
0.13107999999999997
0.03410545454545454
0.010478181818181819
0.20627636363636362
-0.06841636363636364
-0.10313818181818181
0.15594
-0.08588
-0.056705454545454545
0.12429999999999998
0.07601818181818182
0.0452
0.14402363636363635
0.05136363636363636
0.058349090909090906
0.1261490909090909
-0.08300363636363636
0.03020181818181818
0.05937636363636363
-0.12902545454545453
0.05608909090909091
0.0764290909090909
-0.10991818181818182
0.09224909090909092
0.11875272727272726
-0.05526727272727273
0.0470490909090909
0.024243636363636363
-0.07704545454545454
0.048487272727272726
0.07006
-0.017874545454545452
0.11012363636363637
0.04930909090909091
0.0034927272727272728
0.1637472727272727
0.010889090909090909
-0.05608909090909091
0.08793454545454545
0.026298181818181814
-0.01725818181818182
0.09841272727272728
0.09286545454545453
0.10211090909090909
0.1374490909090909
0.07375818181818182
0.11443818181818181
0.08608545454545455
-0.02403818181818182
0.031229090909090908
-0.005958181818181818
-0.09553636363636364
0.04396727272727272
0.013354545454545456
-0.0067800000000000004
0.15183090909090907
0.07478545454545454
0.0447890909090909
0.11464363636363636
0.031229090909090908
-0.012738181818181817
0.027325454545454545
-0.08094909090909091
-0.09882363636363636
0.024243636363636363
0.008834545454545454
0.08012727272727273
0.08505818181818181
-0.032872727272727276
0.14566727272727273
0.1676509090909091
0.014381818181818181
0.13909272727272726
0.09450909090909092
0.024243636363636363
0.07252545454545453
0.0041090909090909095
0.015409090909090907
0.022805454545454542
-0.05054181818181818
-0.04376181818181818
0.017463636363636362
-0.09512545454545453
-0.004725454545454545
0.13991454545454546
-0.05218545454545454
0.028147272727272726
0.06964909090909091
-0.040063636363636364
0.10457636363636363
0.07396363636363636
-0.0339
0.014381818181818181
-0.030612727272727274
-0.08177090909090909
0.010272727272727272
0.06471818181818181
-0.07581272727272727
0.07047090909090908
0.2251781818181818
-0.03965272727272728
0.10149454545454545
0.09861818181818181
-0.09245454545454544
0.07581272727272727
0.0538290909090909
-0.005958181818181818
0.031229090909090908
0.11813636363636362
0.043350909090909086
0.05958181818181818
0.15470727272727272
0.013149090909090907
0.08670181818181817
0.042734545454545456
-0.08937272727272727
0.13107999999999997
-0.06163636363636363
-0.1836763636363636
0.16210363636363637
-0.07581272727272727
-0.04930909090909091
0.20504363636363634
-0.003287272727272727
0.09779636363636364
0.17689636363636363
0.08218181818181818
0.05999272727272727
0.10211090909090909
0.05465090909090909
0.09964545454545454
0.10416545454545453
-0.17155454545454543
0.044994545454545454
0.03780363636363636
-0.19436
0.057527272727272726
0.07026545454545453
-0.1351890909090909
0.1337509090909091
0.14628363636363637
-0.05341818181818182
0.28065090909090906
0.005136363636363636
0.023832727272727273
0.26955636363636365
-0.10683636363636365
-0.011094545454545454
0.06081454545454545
-0.08855090909090908
-0.03883090909090909
0.054034545454545446
-0.11217818181818182
0.02013454545454545
0.18203272727272726
-0.036776363636363635
0.14710545454545454
0.13005272727272726
-0.06266363636363637
0.06225272727272727
-0.05711636363636363
-0.1600490909090909
0.057527272727272726
-0.08156545454545455
-0.06512909090909091
0.12758727272727272
-0.030818181818181814
0.10211090909090909
0.21716545454545452
0.09697454545454545
0.0678
0.22168545454545452
-0.02239454545454545
-0.001849090909090909
0.21572727272727274
-0.19662
-0.026298181818181814
0.03965272727272728
-0.1148490909090909
0.05773272727272727
0.06101999999999999
0.038625454545454546
0.10950727272727273
0.19888
0.06512909090909091
0.03944727272727273
0.10519272727272726
-0.010272727272727272
0.014381818181818181
0.06204727272727273
-0.10252181818181817
0.043556363636363636
0.03698181818181818
-0.08855090909090908
0.09820727272727273
-0.031229090909090908
0.025476363636363634
0.10848000000000001
-0.04622727272727272
0.031639999999999995
0.11895818181818181
0.0063690909090909084
0.03328363636363636
0.18573090909090906
-0.03513272727272727
-0.016025454545454544
0.17977272727272728
-0.04828181818181818
-0.005547272727272727
0.13929818181818182
-0.11423272727272726
0.02527090909090909
0.12738181818181818
-0.028558181818181816
0.11752
0.0940981818181818
-0.0041090909090909095
-0.02362727272727273
0.017463636363636362
-0.09800181818181818
0.03903636363636363
0.07560727272727272
-0.11957454545454545
0.16641818181818183
0.09081090909090908
0.06348545454545454
0.13621636363636364
-0.005136363636363636
-0.025476363636363634
-0.007601818181818181
-0.01992909090909091
-0.01725818181818182
-0.014381818181818181
-0.15409090909090908
0.07540181818181818
0.08362
-0.10190545454545454
0.1419690909090909
0.22004181818181817
0.029585454545454543
0.06882727272727272
0.1668290909090909
0.027941818181818182
0.09450909090909092
0.15470727272727272
-0.005547272727272727
-0.0030818181818181817
0.11012363636363637
-0.05958181818181818
0.0904
0.08629090909090908
-0.1678563636363636
0.1360109090909091
0.030407272727272724
-0.04150181818181818
0.09368727272727272
0.02403818181818182
0.05773272727272727
0.12532727272727273
0.05732181818181818
-0.03698181818181818
0.09759090909090909
-0.026298181818181814
-0.041912727272727275
0.05218545454545454
-0.1528581818181818
0.007396363636363636
0.11094545454545454
-0.06697818181818181
0.11628727272727273
0.15635090909090907
-0.010683636363636364
0.07293636363636363
0.06430727272727273
-0.008423636363636364
0.06800545454545455
0.043556363636363636
-0.047665454545454546
0.08362
0.09245454545454544
0.01808
0.16498
0.07683999999999999
-0.014792727272727272
0.07026545454545453
-0.10478181818181817
-0.04417272727272727
0.10642545454545453
-0.10108363636363636
0.0
0.07786727272727272
-0.009656363636363637
0.012943636363636362
0.006574545454545454
0.07581272727272727
-0.01808
0.06204727272727273
0.05814363636363636
-0.02075090909090909
0.12799818181818182
-0.051569090909090905
0.12224545454545453
0.21038545454545451
-0.09450909090909092
0.0402690909090909
0.03903636363636363
-0.02218909090909091
0.09224909090909092
0.00041090909090909085
-0.03143454545454545
0.07026545454545453
0.12779272727272725
0.038419999999999996
0.06512909090909091
0.17771818181818183
0.060609090909090904
0.09327636363636364
-0.01808
-0.11217818181818182
0.07766181818181818
-0.07478545454545454
-0.06019818181818181
0.13231272727272728
-0.08834545454545455
0.0904
0.23031454545454547
-0.04787090909090909
0.06471818181818181
0.06204727272727273
-0.017874545454545452
0.04129636363636364
0.07026545454545453
-0.08588
-0.03944727272727273
0.10786363636363637
-0.06040363636363636
0.10149454545454545
0.023832727272727273
-0.13621636363636364
0.1284090909090909
0.029585454545454543
-0.19744181818181816
0.1224509090909091
0.06985454545454545
-0.03616
0.2979090909090909
0.0020545454545454547
0.1284090909090909
0.23668363636363635
-0.10416545454545453
0.06697818181818181
0.07519636363636363
-0.15902181818181815
-0.06718363636363636
0.14340727272727272
0.02239454545454545
0.09841272727272728
0.13334
0.0565
0.10991818181818182
-0.005341818181818182
-0.12409454545454546
0.1469
0.029585454545454543
-0.2409981818181818
0.22887636363636363
-0.05855454545454545
-0.08362
0.20812545454545453
0.035749090909090904
0.16970545454545455
0.13128545454545454
0.0727309090909091
0.06636181818181817
0.15121454545454543
-0.06369090909090909
0.002670909090909091
0.04684363636363636
-0.13087454545454547
0.11526
0.019312727272727273
-0.09471454545454545
0.08115454545454545
0.07560727272727272
-0.14710545454545454
0.12121818181818181
0.03225636363636363
-0.04109090909090909
0.24305272727272725
0.041912727272727275
0.09923454545454545
0.09861818181818181
0.01171090909090909
-0.10005636363636364
0.010067272727272725
-0.02116181818181818
-0.1653909090909091
0.041707272727272725
-0.10087818181818181
-0.020956363636363638
0.15532363636363636
-0.02362727272727273
0.011094545454545454
0.18429272727272727
-0.02013454545454545
-0.020545454545454544
0.03225636363636363
-0.07067636363636363
0.06738909090909091
0.008834545454545454
-0.007396363636363636
0.13929818181818182
0.1999072727272727
0.027941818181818182
0.1608709090909091
0.1569672727272727
-0.09019454545454544
0.11793090909090909
-0.007601818181818181
-0.11320545454545454
0.07088181818181817
-0.0006163636363636364
-0.04684363636363636
0.17340363636363634
0.02157272727272727
-0.014998181818181817
0.21038545454545451
-0.10539818181818181
-0.07190909090909091
0.11690363636363636
-0.05115818181818182
0.007396363636363636
0.19682545454545455
0.005136363636363636
0.027120000000000002
0.16498
-0.035954545454545454
0.09307090909090908
0.059787272727272724
-0.0741690909090909
0.08033272727272728
0.07252545454545453
-0.07807272727272727
0.1808
0.13046363636363634
-0.04540545454545454
0.30366181818181814
0.05691090909090909
-0.03883090909090909
0.14566727272727273
-0.0918381818181818
-0.17196545454545456
0.06677272727272728
-0.05999272727272727
-0.08464727272727272
0.24223090909090908
-0.030612727272727274
0.045610909090909084
0.21983636363636364
-0.07971636363636364
0.015614545454545454
0.14977636363636362
-0.1631309090909091
-0.07622363636363635
0.11793090909090909
-0.1419690909090909
0.06327999999999999
0.08033272727272728
-0.0452
0.08259272727272728
0.06636181818181817
0.05855454545454545
0.11094545454545454
0.07807272727272727
0.006574545454545454
0.20894727272727273
0.014587272727272727
-0.0538290909090909
0.15635090909090907
0.013765454545454546
-0.02486
-0.03657090909090909
-0.038625454545454546
-0.009861818181818182
0.06512909090909091
-0.028147272727272726
-0.009861818181818182
0.11053454545454545
0.019723636363636363
0.15121454545454543
0.14484545454545456
-0.04663818181818182
0.024654545454545453
0.07088181818181817
-0.13888727272727272
-0.018696363636363636
0.009656363636363637
-0.07704545454545454
0.14361272727272725
0.10375454545454545
0.06163636363636363
0.15121454545454543
0.14135272727272727
0.031023636363636364
0.05095272727272727
-0.005341818181818182
-0.09163272727272727
0.07683999999999999
0.06204727272727273
-0.03883090909090909
0.11793090909090909
0.045816363636363634
0.03780363636363636
0.20196181818181816
-0.05485636363636363
-0.017874545454545452
0.09533090909090909
-0.046432727272727264
-0.08300363636363636
-0.019518181818181816
0.00020545454545454542
-0.050747272727272724
0.09574181818181818
0.007601818181818181
0.06595090909090909
0.21346727272727273
-0.0039036363636363635
0.12183454545454545
0.08978363636363636
-0.09019454545454544
0.09081090909090908
0.0034927272727272728
-0.03328363636363636
0.005136363636363636
-0.09923454545454545
0.02218909090909091
0.018285454545454546
0.08218181818181818
0.010889090909090909
0.07088181818181817
0.1569672727272727
-0.015203636363636362
0.2364781818181818
0.05896545454545454
0.042734545454545456
0.1921
-0.1076581818181818
-0.029996363636363634
0.0918381818181818
-0.07704545454545454
0.014792727272727272
0.09944
-0.08156545454545455
0.0940981818181818
0.09882363636363636
0.05814363636363636
0.12799818181818182
0.11094545454545454
0.022805454545454542
0.008423636363636364
0.0447890909090909
-0.17730727272727273
0.017463636363636362
-0.027736363636363635
-0.06369090909090909
0.13477818181818182
0.00862909090909091
0.0805381818181818
0.15491272727272726
0.1257381818181818
0.0967690909090909
0.08259272727272728
-0.030818181818181814
0.06841636363636364
0.038625454545454546
-0.07190909090909091
0.015614545454545454
0.012943636363636362
-0.05814363636363636
-0.07149818181818181
0.12861454545454545
-0.035954545454545454
0.09101636363636363
0.20319454545454546
0.046432727272727264
0.08978363636363636
-0.010683636363636364
0.027325454545454545
0.021367272727272728
-0.09245454545454544
-0.07396363636363636
0.08218181818181818
-0.08074363636363636
-0.0805381818181818
0.10601454545454544
0.02198363636363636
-0.08629090909090908
0.05526727272727273
0.13765454545454545
-0.08444181818181817
0.13025818181818183
0.054034545454545446
0.05711636363636363
0.14320181818181818
-0.15450181818181818
0.05773272727272727
0.09348181818181817
-0.04951454545454545
0.08074363636363636
0.10046727272727272
-0.06430727272727273
0.09327636363636364
0.22928727272727273
0.05341818181818182
0.07314181818181818
0.14731090909090908
-0.03780363636363636
0.05259636363636363
0.07971636363636364
-0.18018363636363635
0.1881963636363636
-0.07108727272727272
-0.16498
0.23380727272727272
-0.0470490909090909
0.10622
0.25476363636363636
0.06656727272727272
-0.04211818181818182
0.0452
-0.015203636363636362
-0.0565
0.11012363636363637
-0.12368363636363637
-0.1351890909090909
0.09204363636363636
-0.08094909090909091
0.09923454545454545
0.28763636363636363
-0.06944363636363636
0.22805454545454545
0.21346727272727273
-0.11895818181818181
0.18388181818181817
0.11074
-0.06697818181818181
0.013354545454545456
0.031023636363636364
-0.12655999999999998
-0.007396363636363636
0.03903636363636363
0.015409090909090907
0.16641818181818183
-0.0741690909090909
-0.014792727272727272
0.16210363636363637
-0.03205090909090909
0.059787272727272724
0.18901818181818184
-0.1247109090909091
-0.02116181818181818
0.13765454545454545
-0.11998545454545453
-0.03410545454545454
0.01171090909090909
-0.04211818181818182
0.005136363636363636
-0.009656363636363637
0.0034927272727272728
0.20689272727272728
0.07581272727272727
-0.06307454545454545
0.22620545454545452
-0.023216363636363632
-0.06492363636363636
0.21223454545454545
-0.024243636363636363
-0.08259272727272728
0.06985454545454545
0.08423636363636364
0.10067272727272727
0.14813272727272728
0.13313454545454545
0.10950727272727273
0.03985818181818182
0.015614545454545454
0.08937272727272727
-0.03410545454545454
-0.1370381818181818
-0.009656363636363637
0.07170363636363636
-0.10622
-0.038625454545454546
0.1148490909090909
-0.02218909090909091
0.16580181818181816
0.09142727272727272
-0.14381818181818182
0.08814
0.04294
0.028352727272727273
0.07992181818181819
-0.08012727272727273
0.09779636363636364
0.12861454545454545
-0.03472181818181818
-0.003698181818181818
0.09389272727272728
0.07766181818181818
-0.07108727272727272
0.08916727272727272
0.053212727272727266
-0.03821454545454545
0.22456181818181817
0.09368727272727272
0.06040363636363636
0.0967690909090909
-0.07581272727272727
0.11587636363636362
0.041912727272727275
-0.16559636363636362
-0.027530909090909092
-0.007396363636363636
-0.06595090909090909
0.0990290909090909
0.11053454545454545
-0.08937272727272727
0.11053454545454545
0.19189454545454546
-0.006163636363636363
0.04417272727272727
0.003287272727272727
0.0034927272727272728
0.16128181818181817
-0.09286545454545453
-0.06553999999999999
0.13539454545454546
-0.02670909090909091
0.045816363636363634
0.010683636363636364
-0.07293636363636363
0.0041090909090909095
0.11443818181818181
0.05198
0.014381818181818181
0.13107999999999997
0.0452
0.19292181818181817
0.18347090909090907
-0.06821090909090909
0.09019454545454544
0.05054181818181818
-0.1758690909090909
0.08197636363636364
-0.0226
-0.17854
0.23298545454545452
0.08937272727272727
0.0008218181818181817
0.16888363636363635
-0.00020545454545454542
0.03965272727272728
0.1374490909090909
-0.00904
-0.11957454545454545
0.0008218181818181817
-0.04807636363636364
-0.025887272727272724
0.09594727272727273
-0.028352727272727273
0.09286545454545453
0.23278000000000001
0.038419999999999996
0.03985818181818182
0.19559272727272728
-0.029174545454545453
-0.015203636363636362
0.09327636363636364
-0.07334727272727272
-0.005341818181818182
-0.005136363636363636
0.0012327272727272727
0.07026545454545453
-0.04458363636363636
-0.046432727272727264
0.12697090909090908
0.07601818181818182
0.0339
0.16395272727272728
0.05526727272727273
0.05608909090909091
0.19374363636363634
0.033694545454545456
-0.012327272727272727
0.05485636363636363
-0.047665454545454546
-0.06081454545454545
-0.06389636363636363
-0.09348181818181817
-0.05300727272727272
0.09122181818181817
0.07930545454545455
0.007807272727272727
0.1524472727272727
0.06307454545454545
0.04437818181818182
0.10806909090909089
-0.08855090909090908
0.031639999999999995
0.06389636363636363
-0.06225272727272727
0.16395272727272728
0.09122181818181817
0.010683636363636364
0.16847272727272727
0.1088909090909091
0.043350909090909086
0.03205090909090909
0.06964909090909091
-0.014176363636363636
0.014176363636363636
0.007396363636363636
-0.11793090909090909
0.08362
-0.06923818181818181
-0.03554363636363636
0.2206581818181818
-0.14977636363636362
-0.07601818181818182
0.14710545454545454
-0.12183454545454545
0.019723636363636363
0.16066545454545456
-0.0113
0.08608545454545455
0.14874909090909091
0.04396727272727272
0.030818181818181814
0.06923818181818181
-0.06327999999999999
0.04068
0.10519272727272726
-0.12265636363636362
0.1360109090909091
0.11567090909090909
-0.04437818181818182
0.22949272727272724
0.07108727272727272
-0.02013454545454545
0.19066181818181818
-0.06697818181818181
-0.08855090909090908
0.08485272727272727
-0.13190181818181818
0.010272727272727272
0.1600490909090909
-0.05280181818181818
0.029585454545454543
0.23709454545454545
0.03883090909090909
0.06204727272727273
0.19867454545454544
-0.11895818181818181
0.00945090909090909
0.06759454545454545
-0.18429272727272727
0.07190909090909091
0.06122545454545455
-0.04725454545454546
0.18347090909090907
0.03328363636363636
0.02568181818181818
0.22374
0.034310909090909086
0.05793818181818181
0.22127454545454545
0.13785999999999998
-0.006163636363636363
0.08300363636363636
0.08505818181818181
-0.08320909090909091
-0.03513272727272727
-0.09122181818181817
-0.03410545454545454
-0.02362727272727273
-0.17997818181818181
0.10149454545454545
0.11608181818181817
-0.12635454545454544
0.12512181818181817
0.1411472727272727
-0.040063636363636364
0.07396363636363636
0.07909999999999999
-0.022805454545454542
-0.025887272727272724
-0.03883090909090909
-0.09574181818181818
0.04314545454545454
0.036776363636363635
-0.013765454545454546
0.21552181818181818
0.048487272727272726
0.012532727272727272
0.19456545454545454
-0.009656363636363637
-0.12060181818181817
0.0447890909090909
0.0452
-0.08937272727272727
0.14320181818181818
0.0452
-0.01808
0.19312727272727273
-0.04437818181818182
0.02198363636363636
0.1374490909090909
-0.058349090909090906
0.04294
0.05341818181818182
-0.1296418181818182
0.06225272727272727
0.07601818181818182
-0.04889818181818182
0.09492
0.07992181818181819
-0.013354545454545456
0.11156181818181818
0.13334
-0.02218909090909091
0.11505454545454545
0.04622727272727272
-0.0113
0.1781290909090909
-0.005958181818181818
-0.01992909090909091
0.113
-0.04458363636363636
-0.020956363636363638
0.08341454545454545
-0.027941818181818182
0.02157272727272727
0.18388181818181817
0.07745636363636363
0.058349090909090906
0.14751636363636364
0.011505454545454544
0.16210363636363637
0.08341454545454545
-0.16559636363636362
0.1247109090909091
0.02034
-0.1216290909090909
0.08649636363636364
-0.023216363636363632
-0.07334727272727272
0.10437090909090908
0.07601818181818182
0.04047454545454546
0.09389272727272728
-0.04622727272727272
-0.008834545454545454
0.0538290909090909
-0.17422545454545454
-0.03780363636363636
0.14813272727272728
-0.1356
0.004314545454545455
0.1653909090909091
-0.0226
0.1633363636363636
0.17319818181818183
0.052390909090909085
0.08834545454545455
0.003287272727272727
-0.007396363636363636
0.12902545454545453
-0.03883090909090909
-0.18490909090909088
0.09307090909090908
-0.001849090909090909
-0.14710545454545454
0.11423272727272726
0.11176727272727273
0.0034927272727272728
0.15409090909090908
0.09122181818181817
0.045816363636363634
0.08998909090909091
-0.013970909090909091
0.020545454545454544
0.048487272727272726
-0.012327272727272727
0.017463636363636362
0.07786727272727272
-0.12676545454545454
-0.02239454545454545
0.12121818181818181
-0.06985454545454545
0.027120000000000002
0.11752
0.04663818181818182
-0.023832727272727273
0.11320545454545454
0.08998909090909091
0.03985818181818182
0.1012890909090909
-0.03636545454545455
0.11053454545454545
0.04211818181818182
-0.03657090909090909
0.25394181818181816
0.050747272727272724
-0.07971636363636364
0.22127454545454545
0.05629454545454545
-0.08382545454545455
0.1411472727272727
-0.014792727272727272
-0.10971272727272725
0.03616
-0.031639999999999995
-0.10457636363636363
0.07190909090909091
0.04109090909090909
0.015819999999999997
0.25476363636363636
-0.04047454545454546
0.002876363636363636
0.1495709090909091
-0.15594
0.029996363636363634
0.03636545454545455
-0.17648545454545456
-0.027530909090909092
0.07190909090909091
-0.1125890909090909
0.04930909090909091
0.20586545454545455
0.06903272727272727
0.17545818181818182
0.019312727272727273
-0.00041090909090909085
0.23401272727272723
0.03780363636363636
-0.12532727272727273
0.16210363636363637
0.03205090909090909
-0.17073272727272726
0.1686781818181818
-0.014381818181818181
-0.08670181818181817
0.20052363636363635
0.04869272727272727
-0.02403818181818182
0.06492363636363636
-0.05095272727272727
0.14299636363636362
0.17648545454545456
-0.15676181818181817
0.1017
0.14237999999999998
-0.07478545454545454
0.0402690909090909
0.10868545454545453
-0.10005636363636364
-0.07232
0.13539454545454546
-0.05115818181818182
0.010889090909090909
0.07458
0.06512909090909091
0.14299636363636362
-0.008012727272727272
0.013354545454545456
0.17032181818181816
-0.046432727272727264
0.0
0.24859999999999996
-0.07807272727272727
0.030612727272727274
0.21079636363636362
0.09163272727272727
0.09019454545454544
-0.05937636363636363
0.028352727272727273
0.011505454545454544
-0.0741690909090909
0.00041090909090909085
-0.05773272727272727
-0.08320909090909091
-0.05465090909090909
0.05444545454545455
0.07047090909090908
-0.03944727272727273
0.1012890909090909
0.09553636363636364
0.004930909090909091
0.11423272727272726
-0.0039036363636363635
0.024243636363636363
0.12491636363636363
-0.0039036363636363635
-0.00862909090909091
0.12286181818181818
-0.015203636363636362
-0.0034927272727272728
0.1374490909090909
-0.1464890909090909
-0.03739272727272727
0.14032545454545453
0.0067800000000000004
0.07889454545454545
0.10375454545454545
0.025065454545454544
0.15491272727272726
0.1623090909090909
-0.012121818181818182
0.04129636363636364
0.08731818181818181
-0.05896545454545454
-0.043556363636363636
0.016847272727272728
-0.1419690909090909
0.13929818181818182
0.12039636363636362
-0.07992181818181819
0.19970181818181817
-0.005547272727272727
-0.031023636363636364
0.18799090909090907
-0.010889090909090909
-0.06759454545454545
0.1088909090909091
-0.08608545454545455
0.0041090909090909095
0.1957981818181818
-0.11957454545454545
0.07971636363636364
0.1668290909090909
-0.1296418181818182
-0.050747272727272724
0.09224909090909092
-0.030612727272727274
0.06718363636363636
0.10272727272727272
-0.05300727272727272
0.14916
0.12676545454545454
0.02670909090909091
0.1125890909090909
0.048487272727272726
-0.14607818181818183
0.04294
0.01890181818181818
-0.13785999999999998
0.15635090909090907
0.01992909090909091
0.05732181818181818
0.18121090909090906
0.007601818181818181
0.06759454545454545
0.09861818181818181
-0.10478181818181817
0.005136363636363636
0.07992181818181819
-0.15676181818181817
-0.02301090909090909
0.05773272727272727
0.02527090909090909
0.038419999999999996
0.18614181818181816
0.09245454545454544
0.15388545454545455
0.18511454545454545
-0.04602181818181818
0.14361272727272725
-0.09081090909090908
-0.023832727272727273
0.11423272727272726
-0.05896545454545454
0.005958181818181818
0.05526727272727273
0.002670909090909091
-0.02362727272727273
0.14361272727272725
-0.008012727272727272
0.019723636363636363
0.11793090909090909
0.04540545454545454
0.05608909090909091
0.12882
0.06821090909090909
0.07683999999999999
0.07766181818181818
-0.21901454545454546
0.05136363636363636
0.007190909090909091
-0.18470363636363635
0.0041090909090909095
0.0063690909090909084
-0.056705454545454545
0.039241818181818176
0.18860727272727273
-0.0030818181818181817
0.07067636363636363
0.08834545454545455
-0.009245454545454545
0.0034927272727272728
0.020956363636363638
-0.0010272727272727274
0.06903272727272727
0.09800181818181818
-0.011916363636363636
0.2052490909090909
0.012943636363636362
0.007190909090909091
0.16970545454545455
-0.03225636363636363
-0.05855454545454545
-0.015819999999999997
-0.030612727272727274
-0.05280181818181818
-0.009861818181818182
-0.00020545454545454542
0.13025818181818183
0.045610909090909084
0.005136363636363636
0.12491636363636363
0.06595090909090909
-0.13046363636363634
0.027941818181818182
0.21716545454545452
-0.16559636363636362
0.10293272727272727
0.1999072727272727
-0.03985818181818182
0.11176727272727273
0.06266363636363637
0.06821090909090909
0.01705272727272727
-0.03636545454545455
0.045816363636363634
0.07930545454545455
-0.08896181818181817
0.06656727272727272
0.23113636363636364
0.09122181818181817
0.11115090909090909
0.15491272727272726
0.04972
-0.1035490909090909
0.09985090909090909
-0.031023636363636364
-0.09142727272727272
0.024654545454545453
-0.09553636363636364
0.11135636363636363
0.05732181818181818
-0.022805454545454542
0.18963454545454544
0.08793454545454545
-0.11094545454545454
0.0678
0.02403818181818182
-0.07889454545454545
0.08588
-0.008218181818181819
-0.004725454545454545
0.08259272727272728
0.012738181818181817
0.09512545454545453
0.14772181818181818
-0.013970909090909091
0.10930181818181818
0.14443454545454545
-0.0402690909090909
0.10601454545454544
0.08998909090909091
-0.08916727272727272
0.03410545454545454
0.045610909090909084
-0.13539454545454546
0.02403818181818182
0.027530909090909092
-0.0741690909090909
0.05814363636363636
-0.0008218181818181817
0.04109090909090909
0.13806545454545455
0.0069854545454545456
0.008834545454545454
0.15635090909090907
0.01664181818181818
-0.08649636363636364
0.035954545454545454
-0.05115818181818182
-0.09224909090909092
0.05198
0.03451636363636364
0.03307818181818182
0.16189818181818183
0.12717636363636362
0.11402727272727273
0.11854727272727272
-0.0041090909090909095
0.06204727272727273
0.0904
-0.11053454545454545
-0.003698181818181818
0.1499818181818182
-0.0628690909090909
0.03410545454545454
0.18573090909090906
0.0020545454545454547
-0.004930909090909091
0.14977636363636362
0.0069854545454545456
-0.055061818181818184
0.024654545454545453
-0.1528581818181818
0.08423636363636364
0.02157272727272727
-0.17422545454545454
0.22702727272727272
0.06882727272727272
-0.11628727272727273
0.18901818181818184
0.08362
-0.036776363636363635
0.15121454545454543
0.011916363636363636
-0.04396727272727272
0.1261490909090909
0.005752727272727272
-0.013970909090909091
0.0918381818181818
-0.16210363636363637
-0.06903272727272727
0.226
-0.15409090909090908
-0.003287272727272727
0.2541472727272727
-0.041912727272727275
0.16210363636363637
0.18614181818181816
-0.03718727272727273
0.14505090909090906
0.13621636363636364
-0.12984727272727273
0.09759090909090909
-0.0016436363636363634
-0.22435636363636363
0.13128545454545454
-0.01992909090909091
-0.1148490909090909
0.18531999999999998
0.09471454545454545
0.03328363636363636
0.19929090909090907
0.014998181818181817
-0.012532727272727272
0.0990290909090909
-0.08094909090909091
-0.027530909090909092
0.030818181818181814
-0.07108727272727272
0.06451272727272726
0.11053454545454545
-0.04232363636363636
0.19764727272727273
0.17628
-0.03410545454545454
0.16148727272727273
0.07540181818181818
-0.02486
0.12943636363636363
-0.01766909090909091
-0.12409454545454546
0.05115818181818182
-0.06389636363636363
-0.042734545454545456
0.06101999999999999
-0.03883090909090909
0.0727309090909091
0.15409090909090908
0.010478181818181819
0.05198
0.16498
-0.06040363636363636
0.02116181818181818
0.08156545454545455
-0.05958181818181818
0.0069854545454545456
0.018285454545454546
-0.07622363636363635
0.008834545454545454
0.031639999999999995
-0.12306727272727273
0.08485272727272727
-0.012121818181818182
-0.015819999999999997
0.12306727272727273
-0.002876363636363636
0.05711636363636363
0.07478545454545454
0.017463636363636362
-0.05013090909090909
0.11587636363636362
0.03246181818181818
-0.014176363636363636
0.11977999999999998
-0.029174545454545453
0.010067272727272725
0.15367999999999998
0.08998909090909091
0.01890181818181818
0.22682181818181818
-0.010683636363636364
-0.11505454545454545
0.14094181818181817
-0.0565
-0.07663454545454546
0.037598181818181815
-0.05958181818181818
-0.02486
0.14320181818181818
0.030818181818181814
0.1608709090909091
0.14607818181818183
-0.04376181818181818
0.1035490909090909
0.04232363636363636
-0.029996363636363634
0.02568181818181818
0.03903636363636363
-0.11690363636363636
0.005547272727272727
0.06266363636363637
0.012327272727272727
0.11074
0.06471818181818181
0.0786890909090909
0.08978363636363636
0.0990290909090909
0.04129636363636364
0.1341618181818182
0.016847272727272728
-0.01725818181818182
0.08834545454545455
-0.09594727272727273
-0.0063690909090909084
0.08711272727272727
0.006163636363636363
-0.023216363636363632
0.10026181818181817
0.030818181818181814
0.08341454545454545
0.08526363636363636
-0.028969090909090906
0.1510090909090909
0.0006163636363636364
-0.06964909090909091
0.015203636363636362
-0.03143454545454545
-0.056705454545454545
-0.0041090909090909095
-0.09368727272727272
-0.03739272727272727
0.08341454545454545
-0.004725454545454545
0.1826490909090909
0.12799818181818182
0.039241818181818176
0.09142727272727272
0.04725454545454546
0.033694545454545456
0.05732181818181818
0.0012327272727272727
-0.11957454545454545
0.005958181818181818
0.02013454545454545
-0.012121818181818182
0.10190545454545454
0.15614545454545453
0.04396727272727272
0.06081454545454545
0.04129636363636364
-0.06800545454545455
0.0990290909090909
-0.02301090909090909
-0.06985454545454545
0.030407272727272724
-0.05033636363636364
0.05711636363636363
0.0538290909090909
-0.010683636363636364
0.06821090909090909
0.07971636363636364
0.00862909090909091
-0.0016436363636363634
0.05608909090909091
0.07992181818181819
0.06800545454545455
0.07930545454545455
-0.034310909090909086
-0.005958181818181818
0.1329290909090909
-0.02979090909090909
-0.011094545454545454
0.06882727272727272
-0.06101999999999999
0.03246181818181818
0.15142
-0.002670909090909091
0.0764290909090909
0.18984
0.016847272727272728
0.1337509090909091
0.048487272727272726
-0.03903636363636363
0.10642545454545453
-0.11875272727272726
-0.11115090909090909
0.06348545454545454
0.06081454545454545
-0.05691090909090909
0.10704181818181817
0.13395636363636362
-0.11731454545454545
0.14587272727272727
0.01705272727272727
-0.03513272727272727
0.09718
-0.12080727272727272
0.05526727272727273
0.08916727272727272
-0.06410181818181818
0.030407272727272724
0.17545818181818182
-0.11752
-0.05526727272727273
0.2188090909090909
-0.10005636363636364
0.11957454545454545
0.1600490909090909
-0.04396727272727272
0.12368363636363637
0.07334727272727272
0.09430363636363637
0.1682672727272727
-0.07663454545454546
-0.14299636363636362
0.12553272727272727
-0.14710545454545454
-0.1610763636363636
0.12902545454545453
-0.012532727272727272
0.03616
0.17484181818181818
0.08279818181818181
0.07129272727272727
0.19477090909090908
-0.023216363636363632
0.028969090909090906
0.05999272727272727
-0.15429636363636362
0.042734545454545456
0.06944363636363636
-0.09142727272727272
0.06964909090909091
0.15224181818181817
-0.06225272727272727
0.15306363636363635
0.11341090909090909
-0.04376181818181818
0.13190181818181818
0.01664181818181818
-0.035954545454545454
-0.014998181818181817
-0.012738181818181817
-0.031229090909090908
0.10437090909090908
0.013560000000000001
-0.05629454545454545
0.12799818181818182
-0.013354545454545456
-0.04232363636363636
0.14402363636363635
0.09923454545454545
-0.06451272727272726
0.10745272727272726
0.06266363636363637
0.04376181818181818
0.08485272727272727
-0.09841272727272728
0.05095272727272727
-0.015614545454545454
-0.18634727272727272
0.0006163636363636364
0.10601454545454544
-0.12101272727272726
0.08279818181818181
0.15635090909090907
-0.07478545454545454
0.16477454545454545
0.09081090909090908
-0.013765454545454546
0.028969090909090906
0.05177454545454545
0.04211818181818182
0.05485636363636363
0.025887272727272724
0.011916363636363636
0.17792363636363634
0.016025454545454544
0.07889454545454545
0.19333272727272727
-0.014176363636363636
-0.03143454545454545
0.11731454545454545
-0.042529090909090905
-0.13827090909090908
0.11053454545454545
-0.017874545454545452
-0.02198363636363636
0.029996363636363634
-0.04622727272727272
0.09553636363636364
-0.00226
-0.13005272727272726
0.09163272727272727
0.05280181818181818
-0.113
0.24839454545454545
0.11320545454545454
-0.05136363636363636
0.19025090909090905
0.11443818181818181
0.0041090909090909095
0.014587272727272727
0.07540181818181818
-0.05198
0.04663818181818182
-0.02609272727272727
-0.031845454545454545
0.15039272727272726
-0.06964909090909091
0.11238363636363637
0.23298545454545452
-0.10971272727272725
-0.01992909090909091
0.17176
-0.13580545454545453
-0.055678181818181814
0.04602181818181818
-0.07786727272727272
0.08916727272727272
0.02444909090909091
0.015409090909090907
0.1292309090909091
0.04458363636363636
-0.042529090909090905
0.11977999999999998
-0.011916363636363636
-0.09923454545454545
0.15388545454545455
-0.08772909090909091
-0.00226
0.11587636363636362
-0.06595090909090909
0.12717636363636362
0.10704181818181817
-0.003287272727272727
0.12491636363636363
0.16210363636363637
0.06204727272727273
0.15121454545454543
0.16046
-0.00452
0.05732181818181818
0.05711636363636363
-0.11156181818181818
0.037598181818181815
0.005341818181818182
-0.1881963636363636
0.02938
-0.03800909090909091
-0.08012727272727273
0.12039636363636362
0.04109090909090909
0.029996363636363634
0.1836763636363636
0.07334727272727272
0.10663090909090908
0.10313818181818181
-0.12738181818181818
0.027120000000000002
-0.005341818181818182
-0.01890181818181818
-0.001849090909090909
-0.0226
0.05095272727272727
0.03533818181818182
0.13868181818181818
-0.008834545454545454
0.018285454545454546
0.06553999999999999
0.005958181818181818
0.051569090909090905
0.001849090909090909
-0.0030818181818181817
0.1058090909090909
0.09163272727272727
-0.10991818181818182
0.13169636363636364
0.0741690909090909
-0.08793454545454545
0.1216290909090909
-0.033694545454545456
-0.11977999999999998
-0.012532727272727272
0.046432727272727264
-0.062458181818181815
-0.013354545454545456
0.03616
-0.017463636363636362
0.16436363636363635
0.008218181818181819
0.018696363636363636
0.16518545454545455
-0.03718727272727273
0.08197636363636364
0.11752
-0.023216363636363632
0.08362
0.10991818181818182
0.007396363636363636
-0.028558181818181816
0.06677272727272728
0.020545454545454544
0.034927272727272723
0.07909999999999999
-0.0678
0.09081090909090908
0.10498727272727272
0.03821454545454545
0.1758690909090909
0.0069854545454545456
0.032667272727272725
0.22045272727272727
-0.04725454545454546
-0.026298181818181814
0.09779636363636364
-0.1058090909090909
-0.01725818181818182
0.0538290909090909
0.010889090909090909
0.010478181818181819
0.12984727272727273
0.014587272727272727
0.041707272727272725
0.11402727272727273
-0.07519636363636363
0.11772545454545454
0.0012327272727272727
-0.08033272727272728
0.018285454545454546
0.04725454545454546
0.02013454545454545
0.11772545454545454
0.06410181818181818
-0.08177090909090909
0.17011636363636362
0.012121818181818182
0.039241818181818176
0.07375818181818182
0.0069854545454545456
0.009656363636363637
-0.00041090909090909085
-0.03698181818181818
-0.08731818181818181
0.07519636363636363
-0.07375818181818182
0.09759090909090909
0.06656727272727272
-0.07006
0.09861818181818181
0.15450181818181818
0.02239454545454545
-0.02301090909090909
0.14237999999999998
-0.10005636363636364
0.05629454545454545
0.07190909090909091
-0.03698181818181818
0.0012327272727272727
-0.05732181818181818
-0.07006
-0.02444909090909091
0.08731818181818181
-0.15388545454545455
0.14751636363636364
0.17545818181818182
-0.02938
0.1356
0.09224909090909092
0.011094545454545454
0.13929818181818182
0.13005272727272726
-0.11443818181818181
0.16929454545454545
0.04684363636363636
0.0067800000000000004
0.1836763636363636
-0.07047090909090908
0.023832727272727273
0.1808
-0.04211818181818182
-0.10252181818181817
0.16498
-0.08115454545454545
-0.047665454545454546
0.09718
-0.0940981818181818
0.04540545454545454
0.13087454545454547
0.028147272727272726
0.07519636363636363
0.13929818181818182
-0.10539818181818181
0.034310909090909086
0.045610909090909084
-0.11916363636363636
0.04129636363636364
-0.10272727272727272
-0.12553272727272727
0.15039272727272726
0.05814363636363636
0.02650363636363636
0.2541472727272727
0.016025454545454544
0.09553636363636364
0.16210363636363637
-0.06533454545454545
0.07293636363636363
0.12203999999999998
-0.04889818181818182
-0.12286181818181818
0.04663818181818182
-0.07088181818181817
0.05465090909090909
0.12080727272727272
-0.1193690909090909
0.13313454545454545
0.1103290909090909
-0.07006
0.12532727272727273
0.1076581818181818
-0.05095272727272727
0.15532363636363636
0.03944727272727273
-0.06841636363636364
0.11423272727272726
-0.02157272727272727
0.034310909090909086
0.05937636363636363
-0.09923454545454545
-0.061841818181818185
0.06738909090909091
0.027325454545454545
0.07252545454545453
0.08752363636363636
-0.02691454545454545
0.12039636363636362
0.06451272727272726
0.012121818181818182
0.14977636363636362
0.08937272727272727
0.003287272727272727
0.18634727272727272
0.07971636363636364
-0.09759090909090909
0.22024727272727274
0.05526727272727273
-0.0470490909090909
0.07683999999999999
-0.09615272727272728
-0.029585454545454543
-0.008834545454545454
-0.08937272727272727
-0.06738909090909091
-0.005547272727272727
-0.06163636363636363
0.031023636363636364
0.12286181818181818
-0.002876363636363636
0.08855090909090908
0.12635454545454544
0.0041090909090909095
0.05177454545454545
0.12019090909090908
-0.05711636363636363
0.06985454545454545
0.05095272727272727
-0.06451272727272726
0.10190545454545454
-0.041707272727272725
0.00862909090909091
0.010683636363636364
-0.00020545454545454542
-0.06533454545454545
0.02116181818181818
0.17545818181818182
-0.010478181818181819
0.17176
0.09389272727272728
0.07252545454545453
0.18162181818181816
0.02075090909090909
0.055883636363636364
0.0990290909090909
-0.04725454545454546
-0.10642545454545453
-0.006163636363636363
-0.08752363636363636
-0.02670909090909091
0.1148490909090909
0.033694545454545456
-0.030612727272727274
0.08896181818181817
0.00020545454545454542
0.10190545454545454
0.16580181818181816
-0.11752
0.11998545454545453
0.06656727272727272
-0.05280181818181818
0.16354181818181818
0.1171090909090909
-0.05280181818181818
0.05814363636363636
0.09697454545454545
-0.17977272727272728
0.07067636363636363
0.06944363636363636
-0.062458181818181815
0.14566727272727273
0.04663818181818182
-0.004725454545454545
0.13169636363636364
0.03533818181818182
-0.001849090909090909
0.12984727272727273
-0.18573090909090906
-0.02034
0.1469
-0.11526
0.04622727272727272
0.13642181818181817
0.05485636363636363
0.06143090909090909
0.16970545454545455
-0.031229090909090908
0.012532727272727272
0.05629454545454545
-0.10067272727272727
0.0402690909090909
-0.09368727272727272
-0.08608545454545455
0.14073636363636363
-0.003287272727272727
-0.040885454545454544
0.26174909090909093
0.05280181818181818
-0.0008218181818181817
0.18162181818181816
0.03410545454545454
-0.02034
-0.05711636363636363
0.06204727272727273
0.015203636363636362
0.003287272727272727
-0.011505454545454544
-0.005958181818181818
0.07951090909090908
-0.03451636363636364
0.07437454545454546
0.18573090909090906
0.04725454545454546
0.04396727272727272
0.1840872727272727
0.028969090909090906
0.09923454545454545
0.09492
-0.009245454545454545
0.0402690909090909
-0.11176727272727273
-0.06512909090909091
-0.06225272727272727
-0.05115818181818182
-0.025065454545454544
0.07807272727272727
0.03739272727272727
0.007190909090909091
0.20874181818181817
0.09224909090909092
-0.013765454545454546
0.05547272727272727
0.08136
-0.060609090909090904
0.10334363636363636
0.045610909090909084
0.005136363636363636
0.19826363636363634
-0.0041090909090909095
0.13190181818181818
0.07971636363636364
-0.06985454545454545
0.04314545454545454
0.015614545454545454
-0.11115090909090909
-0.06389636363636363
0.04150181818181818
-0.11608181818181817
-0.031229090909090908
0.08218181818181818
0.004930909090909091
0.07909999999999999
0.10498727272727272
-0.005547272727272727
0.11423272727272726
-0.031845454545454545
-0.06307454545454545
0.20956363636363634
-0.0069854545454545456
-0.010478181818181819
0.07766181818181818
0.02979090909090909
0.030407272727272724
0.08382545454545455
0.015819999999999997
-0.05958181818181818
0.07889454545454545
-0.00041090909090909085
0.028969090909090906
0.11608181818181817
0.03472181818181818
0.08362
0.17093818181818182
-0.027120000000000002
0.09122181818181817
0.12758727272727272
-0.13046363636363634
0.08136
-0.0024654545454545454
-0.08403090909090909
0.07375818181818182
0.04437818181818182
0.01705272727272727
0.10560363636363636
0.04951454545454545
0.011094545454545454
0.15963818181818182
-0.04294
-0.019312727272727273
0.09718
-0.11752
-0.04622727272727272
0.17710181818181817
-0.03410545454545454
0.043556363636363636
0.21059090909090908
-0.12553272727272727
0.1454618181818182
0.19477090909090908
-0.030407272727272724
0.20134545454545455
0.13231272727272728
-0.005958181818181818
0.12142363636363637
0.053212727272727266
-0.07807272727272727
0.07889454545454545
-0.07725090909090909
-0.13785999999999998
0.06143090909090909
-0.0452
-0.08403090909090909
0.10149454545454545
0.026298181818181814
-0.03246181818181818
0.15922727272727272
-0.02301090909090909
0.00041090909090909085
0.12717636363636362
-0.054034545454545446
-0.025887272727272724
0.02444909090909091
-0.06553999999999999
0.030407272727272724
0.13909272727272726
-0.028147272727272726
0.1577890909090909
0.18347090909090907
-0.0904
0.09718
0.08752363636363636
-0.1351890909090909
0.06451272727272726
0.0741690909090909
-0.09430363636363637
0.07211454545454546
0.06225272727272727
0.04787090909090909
0.12265636363636362
0.06882727272727272
-0.038625454545454546
0.11012363636363637
0.014998181818181817
-0.08814
0.2183981818181818
-0.15635090909090907
-0.08156545454545455
0.20627636363636362
-0.07437454545454546
-0.07149818181818181
0.11320545454545454
0.12717636363636362
0.00904
0.15388545454545455
-0.054240000000000003
0.04787090909090909
0.1916890909090909
-0.04663818181818182
0.12347818181818182
0.039241818181818176
-0.12183454545454545
0.10005636363636364
0.113
-0.14032545454545453
0.09759090909090909
0.03944727272727273
0.030612727272727274
0.1329290909090909
0.010478181818181819
0.11587636363636362
0.04972
0.06964909090909091
-0.027736363636363635
0.10519272727272726
-0.05485636363636363
-0.0538290909090909
0.13806545454545455
-0.21120727272727272
0.011505454545454544
0.09081090909090908
-0.045610909090909084
0.08814
0.12409454545454546
-0.05711636363636363
0.08937272727272727
0.12368363636363637
-0.04889818181818182
0.08978363636363636
-0.057527272727272726
-0.08978363636363636
0.028763636363636363
0.017874545454545452
-0.06636181818181817
0.12553272727272727
0.059170909090909087
0.04663818181818182
0.2206581818181818
0.02527090909090909
0.16498
0.09450909090909092
0.07458
0.05013090909090909
-0.056705454545454545
-0.03246181818181818
-0.013765454545454546
-0.00945090909090909
-0.09820727272727273
0.10211090909090909
0.07006
-0.035749090909090904
0.13539454545454546
0.19867454545454544
-0.0113
0.10806909090909089
0.11197272727272727
-0.07807272727272727
0.07396363636363636
-0.06307454545454545
-0.011505454545454544
0.08382545454545455
-0.05876
-0.06533454545454545
0.06451272727272726
0.011505454545454544
-0.05876
0.06410181818181818
0.02568181818181818
0.007396363636363636
0.09081090909090908
0.1088909090909091
-0.07375818181818182
0.1351890909090909
0.12306727272727273
0.0012327272727272727
0.15532363636363636
-0.06553999999999999
0.08279818181818181
0.07149818181818181
-0.06923818181818181
0.0764290909090909
0.1555290909090909
-0.07314181818181818
-0.03657090909090909
0.12203999999999998
-0.1573781818181818
0.015203636363636362
-0.04396727272727272
-0.09471454545454545
0.08567454545454545
-0.0067800000000000004
-0.09512545454545453
0.15039272727272726
0.21182363636363635
-0.06307454545454545
0.21100181818181818
0.012532727272727272
-0.08464727272727272
0.10642545454545453
-0.028352727272727273
-0.04622727272727272
0.033694545454545456
0.052390909090909085
-0.08300363636363636
0.17052727272727272
0.019518181818181816
0.0339
0.24079272727272724
-0.06389636363636363
0.07992181818181819
0.1415581818181818
-0.12286181818181818
0.11526
0.23052
-0.13169636363636364
0.08629090909090908
0.08012727272727273
-0.06225272727272727
0.12080727272727272
0.04951454545454545
0.009861818181818182
0.05485636363636363
0.03328363636363636
-0.09286545454545453
0.11382181818181818
0.041912727272727275
0.006163636363636363
0.17566363636363633
-0.08567454545454545
-0.02239454545454545
0.1292309090909091
-0.059787272727272724
-0.10026181818181817
0.04150181818181818
-0.06492363636363636
0.10868545454545453
0.13539454545454546
0.0012327272727272727
0.21408363636363634
0.08752363636363636
0.03554363636363636
0.09142727272727272
0.006574545454545454
-0.020545454545454544
0.058349090909090906
-0.06348545454545454
-0.06389636363636363
0.09163272727272727
0.015409090909090907
0.17463636363636362
0.1224509090909091
-0.04376181818181818
0.029996363636363634
0.033694545454545456
-0.05362363636363636
-0.052390909090909085
0.032667272727272725
-0.05362363636363636
-0.03800909090909091
0.05608909090909091
-0.045610909090909084
0.03410545454545454
0.18018363636363635
-0.059170909090909087
0.08752363636363636
0.15470727272727272
-0.1454618181818182
0.11505454545454545
0.09430363636363637
0.013765454545454546
0.14217454545454544
-0.0402690909090909
-0.05033636363636364
0.1216290909090909
0.08505818181818181
-0.09985090909090909
0.08156545454545455
0.08136
-0.12183454545454545
0.14505090909090906
0.0940981818181818
0.0012327272727272727
0.24675090909090908
0.020545454545454544
-0.033694545454545456
0.14607818181818183
-0.10457636363636363
-0.0039036363636363635
0.11135636363636363
-0.17792363636363634
0.031639999999999995
0.13642181818181817
-0.0749909090909091
0.1623090909090909
0.1103290909090909
-0.0628690909090909
0.10375454545454545
0.05547272727272727
-0.05999272727272727
0.044994545454545454
-0.005341818181818182
-0.12553272727272727
0.2070981818181818
0.047665454545454546
-0.11505454545454545
0.2603109090909091
-0.0016436363636363634
-0.07848363636363635
0.13169636363636364
-0.062458181818181815
-0.0039036363636363635
0.1499818181818182
-0.018696363636363636
0.008423636363636364
0.12429999999999998
-0.00226
0.11731454545454545
0.13929818181818182
-0.1483381818181818
-0.05855454545454545
0.029996363636363634
-0.08875636363636363
0.09224909090909092
0.12902545454545453
-0.011505454545454544
0.24387454545454545
0.11690363636363636
-0.06101999999999999
0.20853636363636363
-0.0470490909090909
-0.04314545454545454
0.12121818181818181
-0.12943636363636363
-0.14710545454545454
0.045610909090909084
0.036776363636363635
-0.0067800000000000004
0.20607090909090908
0.01725818181818182
0.09738545454545454
0.2229181818181818
-0.07478545454545454
0.08382545454545455
0.11875272727272726
-0.12327272727272726
-0.04294
0.12655999999999998
-0.059787272727272724
0.061841818181818185
0.10437090909090908
-0.018696363636363636
0.11402727272727273
-0.05033636363636364
-0.04951454545454545
0.05465090909090909
0.058349090909090906
0.016025454545454544
0.09964545454545454
0.03328363636363636
-0.07540181818181818
0.12532727272727273
-0.0024654545454545454
-0.07704545454545454
-0.001438181818181818
-0.07088181818181817
-0.02670909090909091
0.08505818181818181
-0.05773272727272727
-0.017463636363636362
0.22805454545454545
0.08793454545454545
0.03739272727272727
0.09307090909090908
-0.0067800000000000004
0.03307818181818182
0.11382181818181818
-0.08403090909090909
-0.008012727272727272
0.14073636363636363
-0.013765454545454546
0.14094181818181817
0.18306
-0.0039036363636363635
0.048487272727272726
0.1341618181818182
-0.04437818181818182
-0.05547272727272727
-0.040063636363636364
-0.0764290909090909
0.0990290909090909
-0.059787272727272724
-0.0113
0.1296418181818182
0.012532727272727272
0.05115818181818182
0.05937636363636363
-0.04663818181818182
-0.025476363636363634
0.21675454545454545
0.044994545454545454
-0.04396727272727272
0.15183090909090907
0.02034
0.13128545454545454
0.15532363636363636
-0.12450545454545454
0.09081090909090908
0.08505818181818181
-0.18963454545454544
0.12697090909090908
0.08608545454545455
-0.12039636363636362
0.14710545454545454
0.1682672727272727
-0.025887272727272724
0.04458363636363636
0.13313454545454545
-0.03143454545454545
-0.009861818181818182
-0.05937636363636363
-0.09841272727272728
0.07992181818181819
-0.01664181818181818
0.01808
0.1600490909090909
0.00862909090909091
0.028147272727272726
0.16415818181818181
-0.03883090909090909
-0.09656363636363637
0.05013090909090909
-0.05095272727272727
-0.08074363636363636
0.0628690909090909
-0.01171090909090909
0.03985818181818182
0.15676181818181817
0.03944727272727273
0.17176
0.16066545454545456
0.05259636363636363
0.1341618181818182
0.05177454545454545
0.04622727272727272
0.08505818181818181
0.052390909090909085
-0.02691454545454545
-0.061841818181818185
-0.0016436363636363634
0.007396363636363636
-0.04068
-0.11587636363636362
0.0113
0.04663818181818182
-0.028352727272727273
0.1103290909090909
0.11690363636363636
0.029585454545454543
0.1469
0.13354545454545455
-0.0447890909090909
0.0024654545454545454
0.04746
-0.0113
0.00020545454545454542
-0.003698181818181818
0.019312727272727273
0.15573454545454543
0.05465090909090909
0.04047454545454546
0.16066545454545456
0.0
0.001438181818181818
0.12779272727272725
0.013765454545454546
-0.060609090909090904
0.09656363636363637
-0.006574545454545454
-0.04068
0.13868181818181818
0.055678181818181814
0.024243636363636363
0.07889454545454545
-0.023216363636363632
-0.08300363636363636
0.06019818181818181
-0.04807636363636364
-0.06389636363636363
0.07909999999999999
-0.14340727272727272
0.04417272727272727
0.1495709090909091
-0.08752363636363636
0.11053454545454545
0.11690363636363636
-0.003698181818181818
0.05732181818181818
0.035954545454545454
0.003698181818181818
0.06964909090909091
0.0895781818181818
-0.10683636363636365
0.06841636363636364
0.06348545454545454
-0.1366272727272727
0.22867090909090906
0.023832727272727273
-0.0012327272727272727
0.26873454545454545
-0.00862909090909091
0.06492363636363636
0.16272
-0.02075090909090909
0.01849090909090909
0.11628727272727273
-0.17011636363636362
-0.02403818181818182
0.11957454545454545
-0.19600363636363635
0.03636545454545455
0.14340727272727272
-0.09492
0.12347818181818182
0.18244363636363634
-0.11526
0.19025090909090905
0.11526
-0.09779636363636364
0.14422909090909092
-0.012738181818181817
-0.002670909090909091
0.08444181818181817
0.010067272727272725
-0.00226
0.18306
0.05896545454545454
-0.03944727272727273
0.21860363636363636
0.02116181818181818
0.011505454545454544
0.11854727272727272
-0.07519636363636363
0.037598181818181815
0.05218545454545454
-0.1284090909090909
0.12429999999999998
-0.017874545454545452
-0.09430363636363637
0.18141636363636363
0.034310909090909086
0.013765454545454546
0.14464
0.17340363636363634
-0.09635818181818182
0.07622363636363635
0.07581272727272727
-0.1499818181818182
0.08074363636363636
-0.10704181818181817
-0.10437090909090908
0.06040363636363636
-0.06964909090909091
-0.10067272727272727
0.09841272727272728
-0.07396363636363636
-0.029174545454545453
0.18593636363636362
-0.06389636363636363
0.08793454545454545
0.10950727272727273
0.0039036363636363635
0.12039636363636362
0.13498363636363636
-0.02403818181818182
0.08259272727272728
0.18244363636363634
-0.08341454545454545
0.00226
0.11916363636363636
-0.017874545454545452
0.07458
0.13621636363636364
-0.10745272727272726
0.15183090909090907
0.011094545454545454
-0.1351890909090909
0.24264181818181818
-0.11731454545454545
-0.08218181818181818
0.16847272727272727
-0.07540181818181818
-0.08156545454545455
0.17771818181818183
0.14053090909090907
0.04109090909090909
0.1483381818181818
0.07601818181818182
-0.046432727272727264
0.04663818181818182
0.031845454545454545
-0.04602181818181818
0.013149090909090907
-0.20627636363636362
0.011505454545454544
0.13785999999999998
0.010478181818181819
0.22456181818181817
0.11094545454545454
0.1035490909090909
0.12224545454545453
0.1171090909090909
0.009245454545454545
0.028558181818181816
0.07088181818181817
-0.10190545454545454
0.031229090909090908
-0.09697454545454545
-0.07951090909090908
0.15676181818181817
0.031229090909090908
0.012121818181818182
0.14217454545454544
-0.03451636363636364
0.010067272727272725
0.11998545454545453
-0.019518181818181816
0.06369090909090909
0.05608909090909091
-0.02691454545454545
-0.04047454545454546
0.0904
-0.09882363636363636
-0.030818181818181814
0.1337509090909091
-0.1366272727272727
0.08341454545454545
0.07930545454545455
0.08362
0.19518181818181818
0.05465090909090909
0.014381818181818181
0.07334727272727272
0.08752363636363636
-0.006574545454545454
0.06040363636363636
-0.052390909090909085
-0.015203636363636362
0.11752
0.023832727272727273
0.03698181818181818
0.07334727272727272
0.04068
0.07088181818181817
0.028763636363636363
-0.11074
0.07396363636363636
-0.0113
-0.11526
0.10396
-0.03513272727272727
0.012327272727272727
0.2206581818181818
0.04376181818181818
0.0024654545454545454
0.13847636363636362
-0.03225636363636363
0.008012727272727272
0.09224909090909092
-0.04396727272727272
-0.02301090909090909
0.010067272727272725
0.08218181818181818
-0.029585454545454543
0.04725454545454546
0.04417272727272727
-0.08259272727272728
0.16292545454545454
-0.02034
-0.03143454545454545
0.12327272727272726
0.02116181818181818
0.2177818181818182
0.1577890909090909
-0.030407272727272724
0.1017
0.17052727272727272
-0.034310909090909086
-0.04725454545454546
0.04807636363636364
-0.16703454545454544
-0.10375454545454545
0.03739272727272727
-0.0786890909090909
0.022805454545454542
0.13231272727272728
0.0041090909090909095
0.1555290909090909
0.03739272727272727
-0.08115454545454545
0.2652418181818182
0.005752727272727272
-0.05773272727272727
0.17895090909090908
0.003698181818181818
-0.07170363636363636
0.20668727272727272
0.011505454545454544
-0.1419690909090909
0.18388181818181817
-0.034927272727272723
-0.003698181818181818
0.08690727272727272
-0.03225636363636363
0.09430363636363637
0.18059454545454545
-0.05259636363636363
0.04211818181818182
0.17196545454545456
-0.11628727272727273
0.1314909090909091
-0.0016436363636363634
-0.1871690909090909
0.01890181818181818
0.06471818181818181
0.015819999999999997
0.09348181818181817
0.1631309090909091
0.013970909090909091
0.14854363636363635
0.013970909090909091
-0.005547272727272727
0.06738909090909091
-0.062458181818181815
-0.07149818181818181
-0.001849090909090909
-0.05033636363636364
-0.018285454545454546
0.2138781818181818
-0.05362363636363636
0.11977999999999998
0.16949999999999998
-0.04602181818181818
0.14237999999999998
0.03780363636363636
-0.0030818181818181817
0.020956363636363638
-0.03739272727272727
-0.09081090909090908
0.043350909090909086
0.06574545454545455
-0.02157272727272727
0.03698181818181818
0.03246181818181818
-0.06697818181818181
0.09224909090909092
0.13005272727272726
-0.0067800000000000004
0.18388181818181817
0.04109090909090909
0.07170363636363636
0.113
-0.07375818181818182
0.05259636363636363
0.010067272727272725
-0.15984363636363638
-0.06615636363636364
0.08362
-0.0990290909090909
0.052390909090909085
0.26154363636363637
0.001849090909090909
0.05711636363636363
0.2301090909090909
0.05732181818181818
0.05691090909090909
0.1193690909090909
-0.04972
0.03718727272727273
0.01766909090909091
-0.04129636363636364
0.17566363636363633
0.04417272727272727
-0.10334363636363636
0.21983636363636364
0.11731454545454545
-0.18552545454545455
0.15984363636363638
0.04047454545454546
-0.17258181818181817
0.040063636363636364
-0.005958181818181818
0.009245454545454545
0.02691454545454545
0.02670909090909091
0.06307454545454545
0.013560000000000001
-0.07006
0.052390909090909085
0.1360109090909091
-0.06821090909090909
0.05485636363636363
0.19333272727272727
-0.11094545454545454
0.027941818181818182
0.23031454545454547
-0.08772909090909091
-0.01992909090909091
0.06574545454545455
-0.06451272727272726
0.050747272727272724
0.022805454545454542
-0.003698181818181818
0.18162181818181816
0.02568181818181818
-0.05465090909090909
0.22805454545454545
0.02650363636363636
-0.029996363636363634
0.20566
-0.05198
-0.1329290909090909
0.05608909090909091
0.010683636363636364
-0.011505454545454544
0.07540181818181818
0.01849090909090909
0.10067272727272727
0.10622
-0.051569090909090905
0.1676509090909091
0.061841818181818185
-0.1608709090909091
0.10806909090909089
0.0226
-0.11320545454545454
0.10313818181818181
0.030407272727272724
0.05362363636363636
0.16066545454545456
0.0470490909090909
0.11320545454545454
0.19559272727272728
0.13231272727272728
0.12039636363636362
0.18162181818181816
-0.05013090909090909
-0.014998181818181817
0.18121090909090906
-0.1678563636363636
-0.03328363636363636
0.06964909090909091
-0.22086363636363635
0.05259636363636363
-0.018696363636363636
-0.1483381818181818
0.17648545454545456
0.06122545454545455
-0.009656363636363637
0.10950727272727273
0.042529090909090905
0.012738181818181817
0.04684363636363636
0.05177454545454545
-0.09081090909090908
0.001438181818181818
0.05300727272727272
-0.09779636363636364
0.15922727272727272
0.1637472727272727
-0.02157272727272727
0.1573781818181818
0.048487272727272726
-0.07026545454545453
0.1577890909090909
-0.031229090909090908
-0.05300727272727272
0.13457272727272726
-0.10930181818181818
-0.007396363636363636
0.10519272727272726
0.0226
0.08916727272727272
0.10005636363636364
-0.0020545454545454547
-0.027530909090909092
0.12655999999999998
-0.014998181818181817
-0.08855090909090908
0.06553999999999999
-0.1035490909090909
-0.04417272727272727
0.11649272727272726
-0.0967690909090909
0.09389272727272728
0.17176
-0.01725818181818182
0.19456545454545454
0.07375818181818182
-0.031845454545454545
0.16908909090909088
0.12984727272727273
0.00945090909090909
0.04746
0.021367272727272728
-0.08608545454545455
0.13929818181818182
0.012943636363636362
-0.15943272727272728
0.1939490909090909
0.016025454545454544
0.025887272727272724
0.22846545454545453
-0.0990290909090909
0.07971636363636364
0.1454618181818182
-0.07149818181818181
0.08012727272727273
0.017463636363636362
-0.08238727272727273
0.09307090909090908
0.046432727272727264
-0.11526
0.06471818181818181
0.12224545454545453
-0.058349090909090906
0.09944
0.1528581818181818
-0.07745636363636363
0.05095272727272727
0.019723636363636363
0.017463636363636362
0.07745636363636363
-0.19456545454545454
0.007807272727272727
0.12368363636363637
-0.08464727272727272
0.005136363636363636
0.13169636363636364
0.09245454545454544
0.06944363636363636
0.13005272727272726
0.08177090909090909
0.09759090909090909
0.06512909090909091
0.04663818181818182
0.034310909090909086
-0.1337509090909091
-0.09553636363636364
0.05013090909090909
-0.0010272727272727274
-0.015203636363636362
0.14936545454545455
0.07108727272727272
0.08752363636363636
0.18758
0.05259636363636363
0.010272727272727272
0.09594727272727273
0.05547272727272727
-0.06019818181818181
0.0024654545454545454
-0.03636545454545455
-0.04437818181818182
-0.0016436363636363634
-0.030407272727272724
-0.004725454545454545
0.05115818181818182
0.027941818181818182
0.028352727272727273
0.12080727272727272
-0.005958181818181818
0.13785999999999998
0.1257381818181818
-0.03800909090909091
0.13190181818181818
0.034927272727272723
0.0764290909090909
0.15984363636363638
0.04109090909090909
-0.048487272727272726
0.06964909090909091
0.07458
-0.06512909090909091
0.10272727272727272
0.002670909090909091
-0.15799454545454544
0.10827454545454546
-0.027325454545454545
-0.15717272727272727
0.15429636363636362
-0.1727872727272727
-0.03800909090909091
0.24017636363636363
-0.10745272727272726
0.1366272727272727
0.23195818181818179
0.015614545454545454
0.006574545454545454
0.08896181818181817
-0.029174545454545453
-0.07581272727272727
0.06964909090909091
-0.1216290909090909
-0.07211454545454546
0.08690727272727272
-0.01808
0.12224545454545453
0.13847636363636362
-0.006574545454545454
0.15450181818181818
0.0402690909090909
-0.029585454545454543
0.20031818181818178
-0.02670909090909091
-0.04437818181818182
0.13498363636363636
-0.07951090909090908
-0.054034545454545446
0.16025454545454546
0.002670909090909091
0.07889454545454545
0.20586545454545455
-0.08341454545454545
0.034927272727272723
0.10375454545454545
-0.029174545454545453
0.11074
0.07458
-0.08218181818181818
0.06574545454545455
0.10519272727272726
-0.08731818181818181
0.08300363636363636
0.08855090909090908
-0.10683636363636365
-0.00020545454545454542
0.05013090909090909
0.008423636363636364
0.13847636363636362
0.12738181818181818
0.035749090909090904
0.15080363636363636
0.035954545454545454
0.07088181818181817
0.14299636363636362
-0.10519272727272726
-0.03800909090909091
0.05526727272727273
-0.049925454545454544
0.05937636363636363
0.10211090909090909
-0.02116181818181818
0.08793454545454545
0.04458363636363636
-0.02979090909090909
0.05937636363636363
-0.06759454545454545
-0.07149818181818181
0.02938
-0.032872727272727276
-0.07581272727272727
0.05485636363636363
0.12491636363636363
0.002670909090909091
0.08156545454545455
0.08485272727272727
-0.029174545454545453
0.14094181818181817
-0.041707272727272725
-0.006163636363636363
0.16970545454545455
-0.10827454545454546
0.0727309090909091
0.05896545454545454
-0.08156545454545455
0.06636181818181817
0.048487272727272726
0.011094545454545454
-0.04540545454545454
0.07396363636363636
0.08649636363636364
0.019107272727272726
0.17545818181818182
0.07375818181818182
0.034927272727272723
0.14505090909090906
-0.045610909090909084
0.07375818181818182
0.03903636363636363
-0.13868181818181818
0.042529090909090905
-0.05362363636363636
-0.006163636363636363
0.09245454545454544
0.08156545454545455
0.037598181818181815
0.07848363636363635
0.12943636363636363
-0.03410545454545454
0.07108727272727272
0.0402690909090909
0.009245454545454545
0.04930909090909091
-0.06163636363636363
0.08115454545454545
0.19785272727272726
0.017463636363636362
0.030407272727272724
0.09327636363636364
-0.07355272727272727
0.020545454545454544
0.04622727272727272
-0.0749909090909091
-0.014792727272727272
0.03944727272727273
0.014381818181818181
0.10149454545454545
0.09759090909090909
-0.013765454545454546
0.14628363636363637
0.0039036363636363635
-0.17011636363636362
0.07909999999999999
0.024243636363636363
-0.039241818181818176
0.19497636363636361
0.03739272727272727
0.010067272727272725
0.19415454545454544
0.027530909090909092
0.10046727272727272
0.04930909090909091
-0.11628727272727273
-0.03225636363636363
-0.008423636363636364
-0.07067636363636363
-0.03821454545454545
0.02362727272727273
0.03985818181818182
0.17977272727272728
0.09471454545454545
0.055061818181818184
0.1653909090909091
0.1766909090909091
-0.02403818181818182
-0.006163636363636363
0.05136363636363636
-0.13827090909090908
0.09348181818181817
0.009656363636363637
-0.00020545454545454542
0.11279454545454545
-0.07149818181818181
0.10930181818181818
0.12984727272727273
-0.07293636363636363
-0.002876363636363636
0.14320181818181818
-0.00226
-0.008218181818181819
0.05608909090909091
0.004930909090909091
0.014381818181818181
0.019107272727272726
-0.004725454545454545
-0.04807636363636364
-0.00020545454545454542
-0.07067636363636363
0.07149818181818181
0.06656727272727272
-0.04129636363636364
0.16148727272727273
0.19086727272727272
0.03410545454545454
0.05095272727272727
0.12080727272727272
-0.05711636363636363
0.05814363636363636
-0.019723636363636363
-0.055061818181818184
0.13395636363636362
-0.03020181818181818
0.039241818181818176
0.15819999999999998
0.01890181818181818
-0.014176363636363636
0.15717272727272727
-0.09142727272727272
-0.1261490909090909
0.11916363636363636
-0.06964909090909091
-0.07663454545454546
0.09697454545454545
0.02691454545454545
-0.0016436363636363634
0.1935381818181818
-0.043350909090909086
0.06944363636363636
0.15388545454545455
-0.1727872727272727
0.14237999999999998
0.12019090909090908
-0.03143454545454545
0.09224909090909092
0.11916363636363636
0.02650363636363636
0.07458
0.09697454545454545
-0.1314909090909091
0.09882363636363636
0.1017
-0.11895818181818181
0.10704181818181817
0.11998545454545453
-0.04807636363636364
0.17648545454545456
0.08444181818181817
0.016025454545454544
0.19703090909090906
-0.11074
0.006574545454545454
0.04787090909090909
-0.16600727272727273
-0.0063690909090909084
0.03451636363636364
-0.06019818181818181
0.05095272727272727
0.17997818181818181
-0.05711636363636363
0.028969090909090906
0.12594363636363634
-0.07170363636363636
-0.002670909090909091
-0.061841818181818185
-0.04047454545454546
0.13785999999999998
-0.012121818181818182
0.05341818181818182
0.22620545454545452
0.03020181818181818
0.11320545454545454
0.20216727272727272
0.006574545454545454
0.07232
0.13868181818181818
-0.007190909090909091
-0.042529090909090905
-0.028763636363636363
-0.05033636363636364
0.01725818181818182
-0.04951454545454545
-0.14525636363636363
0.031639999999999995
0.02568181818181818
-0.11793090909090909
0.10211090909090909
0.09204363636363636
-0.07129272727272727
0.14464
0.10437090909090908
0.04150181818181818
0.14135272727272727
-0.004314545454545455
0.04889818181818182
0.05300727272727272
-0.06882727272727272
0.02116181818181818
0.056705454545454545
0.043350909090909086
0.1356
0.15347454545454545
-0.009656363636363637
0.04129636363636364
0.15388545454545455
0.01849090909090909
0.024243636363636363
0.08300363636363636
-0.05691090909090909
0.026298181818181814
0.09841272727272728
-0.06327999999999999
0.13683272727272727
0.10108363636363636
-0.08998909090909091
0.1836763636363636
0.05280181818181818
-0.09964545454545454
0.07088181818181817
-0.010067272727272725
-0.12984727272727273
0.003698181818181818
-0.013560000000000001
-0.08218181818181818
0.16436363636363635
0.05629454545454545
0.010067272727272725
0.1980581818181818
0.013970909090909091
0.008218181818181819
0.21798727272727272
-0.03657090909090909
-0.09861818181818181
0.08629090909090908
-0.10478181818181817
0.0063690909090909084
0.016436363636363638
-0.044994545454545454
0.05814363636363636
0.02075090909090909
0.0990290909090909
0.1261490909090909
0.08341454545454545
0.04869272727272727
0.17093818181818182
0.015203636363636362
-0.08485272727272727
0.08670181818181817
-0.025065454545454544
-0.11197272727272727
0.06697818181818181
0.00945090909090909
-0.14977636363636362
0.17628
0.0
0.03616
0.23627272727272725
-0.04437818181818182
0.13087454545454547
0.07375818181818182
-0.05054181818181818
0.06862181818181817
0.005958181818181818
-0.14977636363636362
0.027736363636363635
0.060609090909090904
-0.08033272727272728
0.1261490909090909
0.18881272727272727
0.07334727272727272
0.07683999999999999
0.20011272727272728
0.027530909090909092
0.08793454545454545
0.08608545454545455
-0.03513272727272727
0.07232
-0.11628727272727273
-0.032872727272727276
0.08814
-0.01849090909090909
-0.0016436363636363634
0.14012
0.03944727272727273
0.08505818181818181
0.19415454545454544
0.013354545454545456
0.043556363636363636
0.002670909090909091
-0.06040363636363636
-0.054240000000000003
-0.005547272727272727
-0.09471454545454545
0.02342181818181818
0.06163636363636363
-0.10416545454545453
0.033489090909090906
0.08362
0.038419999999999996
-0.050747272727272724
0.1360109090909091
0.014176363636363636
0.04807636363636364
0.1645690909090909
-0.07704545454545454
0.14710545454545454
0.0918381818181818
-0.06225272727272727
0.059787272727272724
0.07108727272727272
-0.10293272727272727
0.04540545454545454
0.04211818181818182
-0.06143090909090909
0.1193690909090909
-0.027736363636363635
0.007190909090909091
0.03903636363636363
-0.022805454545454542
-0.030407272727272724
0.09718
-0.024243636363636363
-0.06615636363636364
0.1356
-0.025065454545454544
0.09738545454545454
0.18963454545454544
0.0786890909090909
0.07396363636363636
0.14936545454545455
-0.0904
0.031845454545454545
0.18614181818181816
-0.2034
-0.01664181818181818
0.02198363636363636
-0.0990290909090909
0.11094545454545454
0.17751272727272727
-0.02034
0.12101272727272726
0.15614545454545453
-0.004930909090909091
0.17648545454545456
0.01890181818181818
0.0069854545454545456
0.06348545454545454
-0.028969090909090906
-0.06841636363636364
0.03451636363636364
-0.03451636363636364
-0.02157272727272727
0.22620545454545452
-0.08341454545454545
0.0008218181818181817
0.18634727272727272
-0.012943636363636362
0.051569090909090905
0.11526
-0.016847272727272728
0.09635818181818182
0.06369090909090909
-0.12450545454545454
0.05691090909090909
-0.03883090909090909
-0.05033636363636364
0.06512909090909091
-0.0470490909090909
-0.040063636363636364
0.18449818181818184
0.1247109090909091
0.013354545454545456
0.16908909090909088
0.03965272727272728
0.06718363636363636
0.09163272727272727
-0.05033636363636364
-0.03698181818181818
0.00904
-0.03143454545454545
0.05095272727272727
0.05732181818181818
-0.10683636363636365
0.18429272727272727
0.12635454545454544
-0.09307090909090908
0.08855090909090908
0.02013454545454545
-0.07663454545454546
0.06348545454545454
0.021367272727272728
-0.1366272727272727
0.05444545454545455
0.07786727272727272
0.04540545454545454
0.11546545454545454
-0.029996363636363634
0.001849090909090909
0.2229181818181818
0.038625454545454546
-0.12327272727272726
0.11156181818181818
0.027325454545454545
0.04972
0.06266363636363637
-0.09368727272727272
0.048487272727272726
0.0764290909090909
-0.02301090909090909
0.055678181818181814
0.057527272727272726
-0.08978363636363636
0.1314909090909091
0.13107999999999997
0.00020545454545454542
0.18634727272727272
0.08300363636363636
-0.005136363636363636
0.12429999999999998
0.019723636363636363
-0.15758363636363634
0.06122545454545455
-0.0069854545454545456
-0.20319454545454546
0.05485636363636363
-0.01664181818181818
-0.006574545454545454
0.24202545454545452
-0.05855454545454545
-0.03780363636363636
0.22538363636363634
-0.05876
0.07252545454545453
0.21346727272727273
-0.10704181818181817
0.06327999999999999
0.19744181818181816
-0.06019818181818181
0.06348545454545454
0.07232
-0.09204363636363636
0.05259636363636363
0.004314545454545455
-0.08177090909090909
0.06800545454545455
0.0940981818181818
-0.0565
0.16415818181818181
0.08855090909090908
-0.13128545454545454
0.2368890909090909
0.05300727272727272
-0.14710545454545454
0.07725090909090909
-0.05485636363636363
-0.030612727272727274
0.1962090909090909
0.015203636363636362
0.10457636363636363
0.2229181818181818
-0.011505454545454544
0.09861818181818181
0.04951454545454545
-0.0786890909090909
0.025887272727272724
0.013354545454545456
-0.17977272727272728
0.014998181818181817
0.08341454545454545
-0.08526363636363636
0.15717272727272727
0.07909999999999999
0.02568181818181818
0.1216290909090909
0.08526363636363636
0.0447890909090909
0.10745272727272726
-0.00452
-0.07519636363636363
0.10087818181818181
-0.0452
-0.006163636363636363
0.07889454545454545
-0.02198363636363636
-0.010067272727272725
0.1035490909090909
-0.047665454545454546
-0.005958181818181818
0.1171090909090909
-0.11094545454545454
0.12060181818181817
0.041912727272727275
-0.06410181818181818
0.14073636363636363
-0.052390909090909085
-0.08711272727272727
0.06143090909090909
-0.015203636363636362
-0.08300363636363636
0.07149818181818181
0.02034
0.00945090909090909
0.13724363636363635
0.1148490909090909
0.07334727272727272
0.14751636363636364
0.08567454545454545
-0.0008218181818181817
0.13190181818181818
-0.049925454545454544
0.02301090909090909
0.1727872727272727
-0.08998909090909091
-0.010478181818181819
0.15984363636363638
-0.011505454545454544
0.05095272727272727
0.13087454545454547
-0.11752
0.0470490909090909
0.08362
-0.13827090909090908
0.04211818181818182
0.12388909090909091
-0.041707272727272725
0.07355272727272727
0.09861818181818181
-0.03410545454545454
0.13334
0.04910363636363636
0.0006163636363636364
0.09944
0.0402690909090909
-0.0402690909090909
0.1088909090909091
0.18203272727272726
-0.1171090909090909
0.12594363636363634
0.06430727272727273
-0.12019090909090908
0.17710181818181817
-0.06615636363636364
-0.03410545454545454
0.1916890909090909
-0.05218545454545454
0.02075090909090909
0.1284090909090909
-0.04376181818181818
0.1321072727272727
0.11197272727272727
-0.08115454545454545
-0.014176363636363636
0.03225636363636363
-0.05444545454545455
-0.07704545454545454
0.02218909090909091
-0.04622727272727272
0.14874909090909091
0.044994545454545454
-0.13087454545454547
0.22805454545454545
0.028763636363636363
-0.09718
0.16354181818181818
-0.040885454545454544
-0.10519272727272726
0.0904
0.030407272727272724
0.07293636363636363
0.10806909090909089
-0.008218181818181819
0.14566727272727273
0.15224181818181817
0.005547272727272727
0.15018727272727272
0.1623090909090909
-0.033694545454545456
0.07745636363636363
0.06040363636363636
-0.1296418181818182
0.02157272727272727
0.03739272727272727
-0.03800909090909091
-0.013765454545454546
-0.047665454545454546
-0.015203636363636362
0.06759454545454545
0.025887272727272724
0.018285454545454546
0.09656363636363637
0.07951090909090908
0.0904
0.06101999999999999
0.004725454545454545
0.03718727272727273
0.06512909090909091
0.012943636363636362
-0.03883090909090909
0.06595090909090909
-0.010478181818181819
0.028763636363636363
0.1510090909090909
-0.027941818181818182
0.06040363636363636
0.07827818181818182
-0.05259636363636363
0.06759454545454545
0.08855090909090908
-0.03965272727272728
0.10416545454545453
0.12121818181818181
-0.07560727272727272
0.05608909090909091
0.06307454545454545
-0.005547272727272727
0.11567090909090909
0.036776363636363635
-0.13005272727272726
0.05198
0.02198363636363636
-0.19415454545454544
0.09779636363636364
-0.015614545454545454
-0.16292545454545454
0.18511454545454545
0.0020545454545454547
-0.011505454545454544
0.2494218181818182
0.0024654545454545454
0.054034545454545446
0.16354181818181818
-0.05793818181818181
0.11895818181818181
0.18203272727272726
-0.10108363636363636
0.019723636363636363
0.12902545454545453
-0.09348181818181817
0.07601818181818182
0.14505090909090906
-0.10252181818181817
0.17155454545454543
0.11690363636363636
-0.14628363636363637
0.16908909090909088
0.013970909090909091
-0.10396
0.1216290909090909
-0.06081454545454545
0.008012727272727272
0.16066545454545456
-0.03965272727272728
-0.01664181818181818
0.1415581818181818
-0.03533818181818182
0.019107272727272726
0.19538727272727272
-0.029585454545454543
0.051569090909090905
0.14299636363636362
-0.10642545454545453
0.01766909090909091
0.07683999999999999
-0.14320181818181818
0.05280181818181818
0.08423636363636364
-0.09286545454545453
0.042734545454545456
0.06697818181818181
0.06410181818181818
0.1600490909090909
0.07766181818181818
-0.03780363636363636
0.1532690909090909
0.10334363636363636
-0.0538290909090909
0.11854727272727272
-0.01849090909090909
-0.15018727272727272
0.009861818181818182
-0.03657090909090909
-0.05999272727272727
0.08177090909090909
0.001849090909090909
0.09430363636363637
0.1415581818181818
-0.01705272727272727
0.07149818181818181
0.1284090909090909
0.0016436363636363634
-0.06225272727272727
0.08012727272727273
-0.08218181818181818
-0.023832727272727273
0.0990290909090909
-0.08752363636363636
0.07725090909090909
0.028969090909090906
-0.031229090909090908
0.11772545454545454
0.022805454545454542
-0.01725818181818182
0.18121090909090906
0.07622363636363635
-0.0339
0.15142
0.05013090909090909
0.018696363636363636
0.1916890909090909
0.05793818181818181
-0.05259636363636363
0.11772545454545454
-0.02239454545454545
-0.033489090909090906
0.13025818181818183
0.03328363636363636
0.07848363636363635
0.02650363636363636
-0.09738545454545454
-0.04314545454545454
0.014587272727272727
-0.055061818181818184
0.03636545454545455
-0.0452
-0.17874545454545454
0.19230545454545456
0.12861454545454545
0.042529090909090905
0.24305272727272725
0.07026545454545453
-0.030818181818181814
0.0727309090909091
0.05300727272727272
-0.046432727272727264
-0.06985454545454545
-0.09492
-0.03903636363636363
-0.00945090909090909
-0.04869272727272727
0.09923454545454545
0.2494218181818182
-0.043350909090909086
0.001849090909090909
0.26893999999999996
-0.08259272727272728
0.025887272727272724
0.18162181818181816
-0.10396
-0.048487272727272726
0.02650363636363636
0.0006163636363636364
0.06204727272727273
0.03821454545454545
-0.05711636363636363
0.1337509090909091
0.09492
-0.11628727272727273
0.12203999999999998
0.06143090909090909
-0.05814363636363636
0.15039272727272726
0.0447890909090909
-0.048487272727272726
0.10231636363636364
0.04294
-0.02218909090909091
0.03554363636363636
-0.004725454545454545
0.016847272727272728
0.08136
0.07170363636363636
0.15306363636363635
0.13436727272727272
0.012327272727272727
0.15902181818181815
0.10950727272727273
-0.08238727272727273
0.12142363636363637
0.03965272727272728
-0.12080727272727272
0.03246181818181818
-0.02979090909090909
0.07334727272727272
0.12368363636363637
-0.004725454545454545
0.04787090909090909
0.027736363636363635
-0.03020181818181818
0.010889090909090909
0.09923454545454545
-0.10827454545454546
-0.10724727272727272
0.08567454545454545
-0.05095272727272727
0.008218181818181819
0.08218181818181818
0.012327272727272727
0.10067272727272727
0.04150181818181818
-0.025065454545454544
0.12655999999999998
0.0452
-0.008834545454545454
0.0918381818181818
0.06800545454545455
-0.05793818181818181
0.09759090909090909
0.09779636363636364
-0.18758
0.07540181818181818
0.05033636363636364
-0.01992909090909091
0.02116181818181818
-0.001849090909090909
0.06656727272727272
0.04109090909090909
0.1499818181818182
0.02198363636363636
0.17114363636363633
0.06944363636363636
-0.06964909090909091
0.08259272727272728
-0.14566727272727273
-0.09574181818181818
0.10396
-0.07704545454545454
-0.0452
0.27571999999999997
-0.05218545454545454
-0.005341818181818182
0.25311999999999996
0.028147272727272726
0.027530909090909092
0.05629454545454545
-0.0006163636363636364
0.04725454545454546
0.09122181818181817
-0.08341454545454545
0.16929454545454545
0.10601454545454544
-0.1637472727272727
0.14484545454545456
-0.011505454545454544
-0.17710181818181817
0.17566363636363633
0.13827090909090908
-0.15121454545454543
0.10827454545454546
0.08772909090909091
0.016025454545454544
0.1957981818181818
-0.02691454545454545
-0.006574545454545454
0.09327636363636364
-0.15306363636363635
-0.0786890909090909
0.17710181818181817
-0.07909999999999999
0.11895818181818181
0.2958545454545454
-0.06204727272727273
0.027941818181818182
0.06266363636363637
0.053212727272727266
0.05218545454545454
-0.11813636363636362
-0.17052727272727272
0.0805381818181818
-0.049925454545454544
-0.15819999999999998
0.21346727272727273
0.014381818181818181
0.05773272727272727
0.2835272727272727
0.08156545454545455
0.006574545454545454
0.14361272727272725
0.06553999999999999
-0.03225636363636363
0.032667272727272725
-0.1341618181818182
-0.007601818181818181
0.11464363636363636
-0.06574545454545455
-0.05280181818181818
0.10724727272727272
-0.03451636363636364
0.02444909090909091
0.1555290909090909
-0.09800181818181818
0.06081454545454545
0.10642545454545453
0.04232363636363636
0.09081090909090908
0.02239454545454545
-0.023216363636363632
-0.012121818181818182
0.02342181818181818
-0.06574545454545455
0.024654545454545453
0.048487272727272726
-0.05280181818181818
0.08259272727272728
0.15902181818181815
-0.0067800000000000004
0.13950363636363636
0.10149454545454545
-0.03554363636363636
0.13539454545454546
-0.09307090909090908
-0.049925454545454544
0.1247109090909091
-0.009861818181818182
-0.010478181818181819
0.12368363636363637
0.021367272727272728
0.04869272727272727
0.19764727272727273
-0.06862181818181817
0.015409090909090907
0.06143090909090909
-0.10683636363636365
-0.018696363636363636
0.02403818181818182
-0.04889818181818182
0.0063690909090909084
0.05444545454545455
0.010067272727272725
0.12635454545454544
-0.04602181818181818
0.002876363636363636
0.19477090909090908
-0.01992909090909091
0.002876363636363636
0.13724363636363635
0.02362727272727273
-0.02075090909090909
0.06389636363636363
-0.013354545454545456
0.06101999999999999
0.050747272727272724
-0.025476363636363634
0.10704181818181817
0.040885454545454544
-0.09224909090909092
0.12861454545454545
0.19970181818181817
-0.17381454545454544
0.13087454545454547
0.17936181818181818
-0.10231636363636364
0.21285090909090906
-0.03472181818181818
-0.1103290909090909
0.09019454545454544
-0.07601818181818182
0.043350909090909086
0.0805381818181818
-0.07211454545454546
0.08033272727272728
0.16806181818181817
-0.028147272727272726
-0.03451636363636364
0.13498363636363636
-0.03328363636363636
-0.11320545454545454
0.09471454545454545
-0.13128545454545454
0.04458363636363636
0.15717272727272727
-0.034310909090909086
0.23935454545454546
0.008423636363636364
0.07622363636363635
0.33222
0.05033636363636364
0.012532727272727272
0.13087454545454547
0.05341818181818182
-0.09081090909090908
-0.012738181818181817
-0.054240000000000003
-0.12019090909090908
0.01725818181818182
-0.04746
-0.10868545454545453
-0.0113
-0.049925454545454544
0.13457272727272726
0.1397090909090909
-0.08793454545454545
0.12039636363636362
0.10827454545454546
-0.042529090909090905
0.04232363636363636
0.030818181818181814
-0.07314181818181818
0.04930909090909091
0.07540181818181818
-0.09553636363636364
0.07807272727272727
0.13046363636363634
0.06101999999999999
0.21079636363636362
0.05629454545454545
-0.09861818181818181
0.10539818181818181
0.04129636363636364
-0.061841818181818185
0.07601818181818182
-0.0039036363636363635
-0.02218909090909091
0.09820727272727273
0.03616
-0.009861818181818182
0.1012890909090909
0.06143090909090909
0.0063690909090909084
0.08279818181818181
-0.04458363636363636
-0.05814363636363636
0.06944363636363636
-0.07704545454545454
-0.10067272727272727
0.10827454545454546
0.014792727272727272
0.0918381818181818
0.17176
-0.0067800000000000004
0.16621272727272726
0.17648545454545456
-0.02116181818181818
0.10231636363636364
0.10930181818181818
-0.1247109090909091
0.05198
0.03616
-0.17381454545454544
0.027736363636363635
0.06307454545454545
-0.05958181818181818
0.06143090909090909
0.1193690909090909
0.0024654545454545454
0.23483454545454546
0.061841818181818185
-0.12491636363636363
0.18963454545454544
-0.05054181818181818
-0.13929818181818182
0.14073636363636363
-0.030612727272727274
-0.14279090909090908
0.06451272727272726
-0.03225636363636363
0.007396363636363636
0.08896181818181817
-0.007807272727272727
0.1216290909090909
0.14566727272727273
-0.027120000000000002
0.02403818181818182
0.1103290909090909
-0.11813636363636362
0.06862181818181817
-0.025065454545454544
-0.17854
0.10806909090909089
0.003698181818181818
0.022805454545454542
0.11238363636363637
0.15532363636363636
0.038419999999999996
0.08896181818181817
0.14422909090909092
-0.012738181818181817
0.14073636363636363
0.049925454545454544
-0.05629454545454545
0.016436363636363638
-0.13724363636363635
-0.007190909090909091
0.18449818181818184
-0.08546909090909091
0.11977999999999998
0.1682672727272727
0.010683636363636364
0.14710545454545454
0.05280181818181818
0.07951090909090908
-0.08752363636363636
-0.0786890909090909
-0.027120000000000002
-0.028969090909090906
-0.022805454545454542
-0.0727309090909091
0.13354545454545455
0.015409090909090907
-0.07293636363636363
0.13334
0.11115090909090909
0.035749090909090904
0.24120363636363634
0.05999272727272727
0.006574545454545454
0.1247109090909091
0.023832727272727273
0.12388909090909091
-0.001438181818181818
-0.02198363636363636
0.06451272727272726
0.10149454545454545
-0.17771818181818183
-0.04663818181818182
0.14874909090909091
-0.1826490909090909
0.06204727272727273
0.027736363636363635
-0.08567454545454545
0.025887272727272724
0.04869272727272727
-0.022805454545454542
-0.010889090909090909
-0.013970909090909091
-0.10745272727272726
0.2097690909090909
0.005341818181818182
-0.02670909090909091
0.2790072727272727
0.09389272727272728
0.03225636363636363
0.09163272727272727
-0.02670909090909091
-0.08033272727272728
0.09861818181818181
-0.0067800000000000004
-0.07745636363636363
-0.0012327272727272727
-0.05958181818181818
0.06307454545454545
0.17381454545454544
-0.025887272727272724
0.14176363636363634
0.24531272727272724
-0.07971636363636364
0.1469
0.09389272727272728
-0.10396
0.1296418181818182
0.043556363636363636
-0.11587636363636362
0.00945090909090909
-0.00945090909090909
-0.002876363636363636
0.13334
-0.02116181818181818
0.029174545454545453
0.13457272727272726
-0.044994545454545454
0.0006163636363636364
0.19682545454545455
0.019107272727272726
0.031229090909090908
0.12142363636363637
-0.08238727272727273
0.09944
-0.009245454545454545
-0.08444181818181817
0.16025454545454546
-0.005136363636363636
-0.04930909090909091
0.12101272727272726
0.1035490909090909
0.031229090909090908
0.16395272727272728
0.004725454545454545
-0.05629454545454545
0.19785272727272726
-0.0020545454545454547
-0.09964545454545454
0.03985818181818182
-0.13950363636363636
-0.02670909090909091
0.23175272727272725
-0.06759454545454545
0.008218181818181819
0.1826490909090909
-0.05115818181818182
0.044994545454545454
0.1325181818181818
-0.07992181818181819
-0.025887272727272724
0.0918381818181818
-0.09450909090909092
0.05711636363636363
0.01766909090909091
-0.056705454545454545
0.15121454545454543
0.03246181818181818
-0.048487272727272726
-0.00904
0.10806909090909089
0.02444909090909091
0.1058090909090909
0.06512909090909091
-0.13354545454545455
0.13868181818181818
0.05177454545454545
-0.060609090909090904
0.15183090909090907
-0.02691454545454545
-0.029174545454545453
0.2414090909090909
-0.04910363636363636
-0.027530909090909092
0.17997818181818181
0.08115454545454545
0.11464363636363636
0.02218909090909091
-0.043350909090909086
-0.035749090909090904
0.027325454545454545
-0.09594727272727273
-0.10848000000000001
0.023216363636363632
-0.06327999999999999
0.03739272727272727
0.18162181818181816
0.06307454545454545
0.03718727272727273
0.20381090909090907
-0.005341818181818182
0.11752
0.14135272727272727
-0.20915272727272727
0.10272727272727272
0.03800909090909091
-0.09800181818181818
0.09081090909090908
-0.020956363636363638
0.024243636363636363
0.10704181818181817
-0.025065454545454544
-0.03328363636363636
0.07232
-0.007601818181818181
0.03780363636363636
0.07622363636363635
-0.07745636363636363
0.02568181818181818
0.27880181818181815
0.09553636363636364
-0.01992909090909091
0.13025818181818183
-0.1469
0.01992909090909091
0.11690363636363636
-0.11053454545454545
0.1076581818181818
0.08444181818181817
0.0741690909090909
0.027941818181818182
0.021367272727272728
0.02116181818181818
0.11752
0.11772545454545454
-0.23853272727272726
0.0764290909090909
-0.002876363636363636
-0.0940981818181818
0.23955999999999997
-0.023832727272727273
0.054240000000000003
0.18223818181818183
0.05115818181818182
0.17792363636363634
0.05999272727272727
-0.08341454545454545
0.10231636363636364
-0.04746
-0.09450909090909092
-0.055883636363636364
-0.03718727272727273
0.06369090909090909
-0.020545454545454544
0.09861818181818181
-0.11135636363636363
0.012943636363636362
0.19271636363636363
-0.07190909090909091
0.05876
0.02979090909090909
-0.003698181818181818
0.08444181818181817
-0.004930909090909091
-0.049925454545454544
0.029585454545454543
-0.04663818181818182
-0.007396363636363636
0.07458
-0.08608545454545455
0.01992909090909091
0.11176727272727273
0.07971636363636364
0.07704545454545454
0.0678
0.08485272727272727
0.05444545454545455
0.037598181818181815
0.042529090909090905
0.008834545454545454
-0.06019818181818181
-0.027530909090909092
0.038625454545454546
0.056705454545454545
-0.043556363636363636
0.06471818181818181
0.21326181818181816
-0.06369090909090909
0.07129272727272727
0.12676545454545454
-0.14094181818181817
0.045610909090909084
-0.00452
0.025887272727272724
0.09697454545454545
-0.017463636363636362
0.14053090909090907
0.09450909090909092
-0.01890181818181818
0.0727309090909091
0.15388545454545455
-0.04437818181818182
-0.0041090909090909095
0.18449818181818184
-0.0904
-0.049925454545454544
0.14977636363636362
0.026298181818181814
0.035749090909090904
0.07601818181818182
-0.048487272727272726
0.06800545454545455
0.12758727272727272
-0.03451636363636364
0.1397090909090909
0.06985454545454545
-0.08526363636363636
0.22353454545454546
0.09163272727272727
-0.12676545454545454
0.19086727272727272
0.030612727272727274
-0.19436
0.02979090909090909
-0.10991818181818182
-0.09348181818181817
0.08793454545454545
-0.047665454545454546
0.05115818181818182
0.11505454545454545
-0.10026181818181817
0.10786363636363637
0.1836763636363636
-0.14320181818181818
0.0010272727272727274
0.032667272727272725
-0.06327999999999999
0.034927272727272723
0.015409090909090907
0.040885454545454544
0.09985090909090909
0.10663090909090908
0.07683999999999999
0.19456545454545454
0.04972
0.045610909090909084
0.30838727272727273
-0.08629090909090908
-0.13272363636363635
0.1984690909090909
-0.10478181818181817
-0.15306363636363635
0.042529090909090905
-0.09163272727272727
-0.07314181818181818
-0.0030818181818181817
0.011094545454545454
0.11957454545454545
0.02013454545454545
-0.030818181818181814
0.1881963636363636
0.1171090909090909
-0.06040363636363636
0.08197636363636364
0.09081090909090908
-0.08300363636363636
0.09985090909090909
0.14381818181818182
-0.12101272727272726
0.08218181818181818
0.22928727272727273
0.0041090909090909095
0.1012890909090909
0.09533090909090909
-0.005958181818181818
0.09635818181818182
-0.04951454545454545
-0.04047454545454546
0.08341454545454545
-0.04232363636363636
0.01766909090909091
0.13539454545454546
0.007396363636363636
-0.019518181818181816
0.17833454545454544
0.0678
-0.09060545454545453
0.11567090909090909
-0.032667272727272725
-0.07252545454545453
-0.011094545454545454
-0.16559636363636362
-0.001849090909090909
-0.030612727272727274
-0.05999272727272727
0.08711272727272727
0.10005636363636364
0.0538290909090909
0.1499818181818182
0.19929090909090907
-0.013970909090909091
0.2093581818181818
0.1826490909090909
-0.11669818181818181
0.11998545454545453
-0.05300727272727272
-0.14484545454545456
0.01992909090909091
-0.09882363636363636
0.0012327272727272727
0.07108727272727272
0.02034
0.06738909090909091
0.15717272727272727
0.03965272727272728
0.007601818181818181
0.13806545454545455
-0.004725454545454545
-0.01725818181818182
0.015614545454545454
-0.11875272727272726
0.07889454545454545
0.05485636363636363
-0.1374490909090909
0.21120727272727272
0.10971272727272725
-0.007807272727272727
0.2391490909090909
0.050747272727272724
-0.0006163636363636364
0.11567090909090909
-0.04663818181818182
-0.11464363636363636
0.0041090909090909095
-0.11382181818181818
-0.03800909090909091
0.07006
-0.09019454545454544
0.02938
0.2512709090909091
0.058349090909090906
0.08649636363636364
0.30325090909090907
0.006163636363636363
0.10601454545454544
0.13621636363636364
-0.02239454545454545
0.01992909090909091
-0.054034545454545446
-0.05814363636363636
-0.07293636363636363
-0.03800909090909091
-0.13683272727272727
0.08156545454545455
0.08197636363636364
-0.00020545454545454542
0.1682672727272727
0.06964909090909091
0.12368363636363637
0.04910363636363636
-0.02444909090909091
-0.07601818181818182
-0.044994545454545454
-0.1284090909090909
-0.04068
0.09882363636363636
-0.1454618181818182
0.0034927272727272728
0.14320181818181818
0.07601818181818182
-0.005341818181818182
0.13190181818181818
0.09101636363636363
0.04663818181818182
0.1088909090909091
-0.03616
0.1012890909090909
0.08834545454545455
-0.003287272727272727
0.05485636363636363
0.09718
-0.05711636363636363
0.06327999999999999
0.08156545454545455
-0.04396727272727272
0.10498727272727272
-0.006163636363636363
0.02527090909090909
0.029174545454545453
0.0069854545454545456
-0.023216363636363632
0.05629454545454545
0.0008218181818181817
-0.12224545454545453
0.08362
0.005752727272727272
-0.005752727272727272
0.18490909090909088
0.14587272727272727
0.03020181818181818
0.20093454545454545
0.054034545454545446
0.01705272727272727
0.09286545454545453
-0.12327272727272726
-0.0030818181818181817
-0.10375454545454545
-0.1257381818181818
0.021778181818181818
0.05362363636363636
0.013354545454545456
0.13107999999999997
0.23154727272727274
0.02301090909090909
0.10416545454545453
0.17032181818181816
0.013970909090909091
0.0012327272727272727
0.01171090909090909
-0.1528581818181818
0.02444909090909091
-0.03328363636363636
-0.15943272727272728
0.14217454545454544
0.001849090909090909
0.0034927272727272728
0.17484181818181818
0.012327272727272727
-0.03698181818181818
0.16066545454545456
-0.005341818181818182
-0.007190909090909091
0.0918381818181818
-0.10848000000000001
0.10087818181818181
0.06882727272727272
-0.03205090909090909
0.012943636363636362
0.0113
0.011916363636363636
0.08978363636363636
0.15142
0.006574545454545454
0.10868545454545453
0.07519636363636363
0.04889818181818182
0.09471454545454545
-0.028969090909090906
-0.014176363636363636
0.04663818181818182
-0.08156545454545455
-0.014998181818181817
0.11793090909090909
0.0024654545454545454
0.14135272727272727
0.14464
-0.001438181818181818
0.0786890909090909
0.057527272727272726
-0.05095272727272727
0.031845454545454545
-0.07088181818181817
-0.12306727272727273
0.07560727272727272
0.014998181818181817
0.036776363636363635
0.08012727272727273
0.03985818181818182
0.045610909090909084
0.14012
0.04109090909090909
-0.024243636363636363
0.12491636363636363
-0.05033636363636364
-0.005958181818181818
0.113
-0.030818181818181814
-0.0063690909090909084
0.13991454545454546
0.006163636363636363
-0.08156545454545455
0.08136
-0.012943636363636362
0.005136363636363636
0.054034545454545446
-0.10293272727272727
0.11834181818181817
0.17545818181818182
-0.10149454545454545
0.14977636363636362
0.12203999999999998
-0.11669818181818181
0.01849090909090909
0.0067800000000000004
-0.1314909090909091
-0.07006
0.09471454545454545
-0.05547272727272727
0.09450909090909092
0.07766181818181818
-0.03143454545454545
0.24757272727272725
0.0805381818181818
-0.03533818181818182
0.19292181818181817
0.06718363636363636
-0.08772909090909091
0.16744545454545454
-0.002876363636363636
-0.054034545454545446
0.16046
-0.03225636363636363
-0.07026545454545453
0.03903636363636363
-0.09204363636363636
0.026298181818181814
0.13231272727272728
-0.1980581818181818
0.14669454545454544
0.21346727272727273
-0.0628690909090909
0.16724
0.1374490909090909
-0.029585454545454543
0.013765454545454546
0.08978363636363636
-0.12183454545454545
0.07375818181818182
0.15203636363636364
0.017874545454545452
0.17073272727272726
0.013354545454545456
-0.017463636363636362
0.14402363636363635
-0.014587272727272727
-0.11752
0.12080727272727272
-0.17196545454545456
-0.1257381818181818
0.1653909090909091
-0.1012890909090909
0.06225272727272727
0.11793090909090909
0.07006
0.1419690909090909
0.10375454545454545
0.08300363636363636
0.12594363636363634
0.004314545454545455
-0.06759454545454545
0.08177090909090909
-0.08916727272727272
-0.09635818181818182
0.07745636363636363
-0.01808
-0.18573090909090906
0.02301090909090909
0.014998181818181817
-0.09060545454545453
0.12306727272727273
-0.013560000000000001
0.05198
0.13190181818181818
0.05793818181818181
0.14484545454545456
0.10416545454545453
-0.02362727272727273
0.06307454545454545
0.08259272727272728
-0.1454618181818182
-0.05444545454545455
0.0741690909090909
-0.005958181818181818
0.014176363636363636
0.15573454545454543
0.008218181818181819
0.04684363636363636
0.15922727272727272
-0.06903272727272727
0.12738181818181818
0.031639999999999995
-0.13128545454545454
0.1148490909090909
-0.03328363636363636
-0.05095272727272727
0.17463636363636362
0.08156545454545455
-0.014176363636363636
0.14381818181818182
0.07560727272727272
-0.08300363636363636
0.10683636363636365
0.06369090909090909
-0.11752
0.1088909090909091
-0.01705272727272727
-0.10971272727272725
0.15367999999999998
-0.05999272727272727
0.027941818181818182
0.1721709090909091
-0.13436727272727272
0.07458
0.2138781818181818
-0.0786890909090909
0.06143090909090909
0.14217454545454544
-0.040063636363636364
0.022805454545454542
0.057527272727272726
-0.031229090909090908
0.015203636363636362
0.041912727272727275
-0.08998909090909091
0.08546909090909091
0.05444545454545455
-0.06615636363636364
0.1865527272727273
0.06800545454545455
0.01890181818181818
0.14484545454545456
0.012738181818181817
-0.06821090909090909
0.07149818181818181
0.00452
-0.1483381818181818
0.030612727272727274
0.011916363636363636
-0.009861818181818182
0.07725090909090909
0.008218181818181819
0.11587636363636362
0.113
-0.061841818181818185
0.08855090909090908
0.12820363636363635
-0.06677272727272728
0.02568181818181818
0.05444545454545455
-0.010478181818181819
0.05855454545454545
0.09307090909090908
0.11238363636363637
0.07601818181818182
0.10375454545454545
0.12655999999999998
0.08896181818181817
0.07909999999999999
0.04787090909090909
0.07683999999999999
-0.06204727272727273
-0.08156545454545455
0.027120000000000002
-0.12080727272727272
-0.062458181818181815
-0.001849090909090909
-0.09122181818181817
-0.0010272727272727274
0.031229090909090908
0.015409090909090907
0.11649272727272726
0.08896181818181817
-0.027941818181818182
0.05691090909090909
0.0452
-0.05033636363636364
0.07437454545454546
0.03718727272727273
-0.11752
0.04211818181818182
0.08505818181818181
-0.016847272727272728
0.1495709090909091
0.09163272727272727
0.07396363636363636
0.14279090909090908
-0.03780363636363636
0.009656363636363637
0.09307090909090908
-0.003698181818181818
-0.034927272727272723
0.06081454545454545
-0.006163636363636363
-0.05896545454545454
0.06944363636363636
0.02670909090909091
-0.05773272727272727
0.06656727272727272
-0.0030818181818181817
0.003287272727272727
0.12203999999999998
-0.14464
0.07375818181818182
0.12861454545454545
-0.17258181818181817
0.15676181818181817
0.09512545454545453
-0.09245454545454544
0.23257454545454545
0.1257381818181818
-0.006163636363636363
0.1727872727272727
0.07190909090909091
0.09861818181818181
0.1623090909090909
-0.023832727272727273
-0.11279454545454545
0.10663090909090908
0.002670909090909091
-0.17340363636363634
0.17792363636363634
-0.05711636363636363
0.009245454545454545
0.26215999999999995
-0.09060545454545453
0.11115090909090909
0.13539454545454546
-0.04047454545454546
0.09265999999999999
0.05444545454545455
-0.07047090909090908
0.00226
0.01705272727272727
-0.09512545454545453
0.02034
0.024243636363636363
-0.08567454545454545
0.1499818181818182
0.08588
-0.1306690909090909
0.2342181818181818
-0.015614545454545454
-0.06677272727272728
0.22230181818181818
-0.1984690909090909
0.006574545454545454
0.09553636363636364
-0.12327272727272726
0.020545454545454544
0.06204727272727273
-0.007190909090909091
0.04622727272727272
0.13683272727272727
0.014587272727272727
0.03451636363636364
0.16662363636363633
0.08608545454545455
0.014998181818181817
0.11074
-0.11074
0.030612727272727274
-0.008218181818181819
-0.18840181818181817
0.1637472727272727
-0.06081454545454545
0.029585454545454543
0.14094181818181817
-0.016025454545454544
0.10786363636363637
0.10950727272727273
0.029174545454545453
-0.021778181818181818
0.03883090909090909
-0.06492363636363636
-0.003287272727272727
0.0339
-0.07540181818181818
0.05773272727272727
0.13046363636363634
-0.07478545454545454
0.06348545454545454
0.22908181818181816
-0.0063690909090909084
0.1495709090909091
0.1193690909090909
-0.01808
0.06389636363636363
0.10231636363636364
0.028763636363636363
0.052390909090909085
0.11669818181818181
-0.07252545454545453
0.06081454545454545
0.03246181818181818
-0.08464727272727272
0.07458
0.05095272727272727
-0.016436363636363638
0.12655999999999998
-0.013970909090909091
-0.06985454545454545
0.07745636363636363
-0.10375454545454545
0.026298181818181814
-0.013765454545454546
-0.047665454545454546
0.03985818181818182
0.05115818181818182
0.08177090909090909
0.036776363636363635
0.23976545454545453
-0.009656363636363637
-0.010478181818181819
0.14669454545454544
-0.1257381818181818
0.06451272727272726
0.06019818181818181
-0.22250727272727272
0.025476363636363634
0.053212727272727266
-0.11505454545454545
0.13313454545454545
0.12368363636363637
0.09471454545454545
0.11238363636363637
0.0041090909090909095
-0.012738181818181817
0.10231636363636364
0.06369090909090909
-0.13190181818181818
0.08711272727272727
-0.05937636363636363
-0.11813636363636362
0.13580545454545453
-0.011505454545454544
0.05937636363636363
0.11690363636363636
-0.027941818181818182
0.08772909090909091
0.09471454545454545
-0.06266363636363637
0.11238363636363637
0.06163636363636363
-0.01705272727272727
0.1035490909090909
0.04437818181818182
-0.015203636363636362
0.05855454545454545
0.09882363636363636
-0.08177090909090909
0.06800545454545455
0.043350909090909086
0.01664181818181818
0.19477090909090908
-0.008012727272727272
0.11053454545454545
0.08978363636363636
-0.05732181818181818
0.1415581818181818
0.06718363636363636
-0.11156181818181818
0.025887272727272724
0.0339
-0.07807272727272727
0.08115454545454545
0.1125890909090909
0.07992181818181819
0.04417272727272727
-0.014176363636363636
0.0069854545454545456
0.0805381818181818
0.028558181818181816
-0.08855090909090908
0.02157272727272727
-0.06882727272727272
-0.019107272727272726
0.15306363636363635
-0.05793818181818181
0.01992909090909091
0.13334
0.018285454545454546
0.0895781818181818
0.041912727272727275
0.02979090909090909
0.05095272727272727
0.031639999999999995
0.05547272727272727
-0.08649636363636364
-0.0010272727272727274
0.0452
0.0113
0.09779636363636364
-0.1088909090909091
0.04869272727272727
0.15943272727272728
-0.06163636363636363
0.12532727272727273
0.029174545454545453
-0.047665454545454546
0.1894290909090909
0.04540545454545454
-0.10087818181818181
-0.027736363636363635
0.018285454545454546
-0.07314181818181818
-0.03698181818181818
0.043556363636363636
-0.03472181818181818
0.22353454545454546
0.16128181818181817
-0.06595090909090909
0.22394545454545453
0.10293272727272727
-0.0226
0.1871690909090909
-0.09245454545454544
-0.1366272727272727
0.08382545454545455
-0.10313818181818181
0.01664181818181818
0.09923454545454545
-0.05526727272727273
0.06944363636363636
0.08690727272727272
-0.07601818181818182
0.06821090909090909
0.14813272727272728
-0.11423272727272726
0.06101999999999999
0.1360109090909091
-0.08814
0.14217454545454544
0.12799818181818182
-0.06615636363636364
0.10478181818181817
-0.021778181818181818
-0.05362363636363636
0.11628727272727273
-0.04889818181818182
0.05444545454545455
0.12943636363636363
-0.012121818181818182
0.09738545454545454
0.17258181818181817
-0.06553999999999999
-0.03965272727272728
0.1524472727272727
-0.06471818181818181
-0.014792727272727272
0.0339
-0.055678181818181814
0.03533818181818182
0.04622727272727272
0.09327636363636364
0.15121454545454543
0.11217818181818182
0.07930545454545455
0.18490909090909088
-0.008012727272727272
-0.05218545454545454
0.12224545454545453
-0.09635818181818182
-0.1035490909090909
0.05280181818181818
-0.04951454545454545
-0.05547272727272727
0.12758727272727272
0.027736363636363635
-0.016025454545454544
0.04602181818181818
-0.003287272727272727
0.07252545454545453
0.01992909090909091
-0.06019818181818181
0.0786890909090909
0.10026181818181817
-0.1224509090909091
0.061841818181818185
0.1012890909090909
-0.08485272727272727
0.11197272727272727
0.04211818181818182
-0.07560727272727272
0.10704181818181817
0.14587272727272727
-0.021367272727272728
0.1148490909090909
0.06574545454545455
-0.07293636363636363
0.11115090909090909
-0.025065454545454544
-0.024243636363636363
0.06595090909090909
-0.10087818181818181
-0.06512909090909091
0.12635454545454544
0.031229090909090908
-0.029996363636363634
0.15819999999999998
0.03636545454545455
-0.013765454545454546
0.18737454545454543
-0.035954545454545454
-0.08546909090909091
0.19086727272727272
-0.06697818181818181
-0.03307818181818182
0.12409454545454546
-0.06615636363636364
0.10437090909090908
0.05465090909090909
-0.03451636363636364
0.09594727272727273
0.08896181818181817
-0.005547272727272727
-0.012327272727272727
0.11875272727272726
-0.04232363636363636
0.031639999999999995
0.1865527272727273
-0.03554363636363636
0.08485272727272727
0.08177090909090909
0.00041090909090909085
0.19908545454545457
-0.025476363636363634
0.016436363636363638
0.17155454545454543
-0.10046727272727272
0.08033272727272728
0.20566
0.001438181818181818
0.015819999999999997
0.045816363636363634
-0.04889818181818182
-0.04930909090909091
-0.009861818181818182
-0.10930181818181818
0.035954545454545454
0.05095272727272727
-0.11813636363636362
0.15224181818181817
0.05095272727272727
-0.05691090909090909
0.22764363636363635
0.03246181818181818
-0.06841636363636364
0.09163272727272727
0.03307818181818182
-0.0402690909090909
0.06697818181818181
0.02362727272727273
0.06574545454545455
0.13128545454545454
-0.032872727272727276
0.16703454545454544
0.1600490909090909
-0.03410545454545454
0.08978363636363636
0.1103290909090909
-0.07108727272727272
-0.07437454545454546
-0.02362727272727273
-0.08485272727272727
-0.04150181818181818
-0.10026181818181817
-0.031229090909090908
0.08074363636363636
-0.04437818181818182
-0.01992909090909091
0.15614545454545453
0.007807272727272727
-0.010478181818181819
0.18121090909090906
0.030407272727272724
0.006163636363636363
0.08875636363636363
0.022805454545454542
-0.02609272727272727
0.08998909090909091
0.04211818181818182
0.025887272727272724
0.19148363636363636
-0.01664181818181818
0.07006
0.22949272727272724
-0.029996363636363634
0.04540545454545454
0.09224909090909092
-0.06800545454545455
0.07971636363636364
0.09389272727272728
-0.03821454545454545
0.07149818181818181
0.08197636363636364
-0.04828181818181818
-0.02034
0.10642545454545453
-0.07437454545454546
0.02486
0.17545818181818182
-0.1808
-0.007396363636363636
0.02691454545454545
-0.09368727272727272
0.11341090909090909
-0.0067800000000000004
-0.0030818181818181817
0.12409454545454546
0.07786727272727272
0.08875636363636363
0.23154727272727274
0.13477818181818182
0.037598181818181815
0.15224181818181817
0.002876363636363636
-0.040885454545454544
0.014176363636363636
-0.1296418181818182
-0.10190545454545454
0.0226
-0.10293272727272727
-0.08505818181818181
0.13642181818181817
0.06738909090909091
0.051569090909090905
0.18573090909090906
0.045816363636363634
0.036776363636363635
0.1495709090909091
-0.030612727272727274
0.08382545454545455
0.001438181818181818
-0.11813636363636362
0.15635090909090907
-0.032667272727272725
-0.03451636363636364
0.10724727272727272
-0.005752727272727272
0.016025454545454544
0.11916363636363636
0.07006
0.00041090909090909085
0.0041090909090909095
-0.030407272727272724
0.03307818181818182
-0.02938
-0.09615272727272728
0.08526363636363636
0.13847636363636362
-0.10231636363636364
0.13621636363636364
0.26215999999999995
-0.007190909090909091
0.16580181818181816
0.18162181818181816
0.04129636363636364
0.08567454545454545
0.09019454545454544
-0.043350909090909086
0.02691454545454545
-0.09923454545454545
-0.20196181818181816
0.06923818181818181
-0.08464727272727272
-0.07355272727272727
0.17402
0.07540181818181818
0.04602181818181818
0.18593636363636362
0.05095272727272727
0.005547272727272727
0.017874545454545452
-0.062458181818181815
0.018285454545454546
-0.02444909090909091
-0.07293636363636363
0.013354545454545456
0.06636181818181817
-0.08485272727272727
0.07149818181818181
0.1415581818181818
-0.07088181818181817
0.1495709090909091
0.12758727272727272
-0.06615636363636364
0.1247109090909091
0.09820727272727273
-0.10026181818181817
0.1292309090909091
0.041707272727272725
-0.07704545454545454
0.14669454545454544
-0.06862181818181817
-0.05608909090909091
0.09204363636363636
-0.05793818181818181
-0.04109090909090909
0.18182727272727273
0.02670909090909091
-0.02157272727272727
0.16046
-0.07807272727272727
-0.020956363636363638
0.13190181818181818
-0.033694545454545456
-0.07540181818181818
0.08567454545454545
0.0063690909090909084
0.17751272727272727
0.15922727272727272
-0.05136363636363636
0.2594890909090909
0.026298181818181814
-0.06143090909090909
0.15491272727272726
0.010889090909090909
-0.14710545454545454
0.04828181818181818
-0.029174545454545453
-0.16025454545454546
0.17114363636363633
0.004930909090909091
0.09101636363636363
0.25291454545454545
0.017874545454545452
0.03020181818181818
0.23709454545454545
0.016025454545454544
-0.04437818181818182
0.1366272727272727
-0.24181999999999998
-0.006163636363636363
0.09738545454545454
-0.15881636363636362
0.06204727272727273
0.05526727272727273
-0.10067272727272727
0.09635818181818182
0.1257381818181818
-0.06738909090909091
0.18470363636363635
0.11156181818181818
0.020956363636363638
0.11916363636363636
0.0008218181818181817
-0.025476363636363634
0.060609090909090904
0.003287272727272727
-0.08259272727272728
0.07396363636363636
-0.09512545454545453
0.07088181818181817
0.23257454545454545
-0.055678181818181814
0.0741690909090909
0.15080363636363636
-0.02670909090909091
0.033694545454545456
0.09820727272727273
-0.1088909090909091
0.027120000000000002
-0.048487272727272726
-0.1247109090909091
0.17422545454545454
0.019723636363636363
-0.010067272727272725
0.16354181818181818
0.09779636363636364
0.005136363636363636
0.06122545454545455
0.013354545454545456
-0.030407272727272724
0.04602181818181818
-0.05937636363636363
-0.04602181818181818
0.11567090909090909
0.019518181818181816
-0.023832727272727273
0.08855090909090908
0.08896181818181817
0.10437090909090908
0.07601818181818182
0.03554363636363636
0.046432727272727264
0.08731818181818181
-0.005341818181818182
0.010067272727272725
0.0339
-0.05054181818181818
0.12594363636363634
0.012327272727272727
-0.0447890909090909
0.051569090909090905
0.02157272727272727
0.056705454545454545
0.03883090909090909
0.04540545454545454
0.04869272727272727
0.14053090909090907
0.035749090909090904
-0.014998181818181817
0.08588
-0.03657090909090909
-0.09265999999999999
0.02938
-0.021778181818181818
-0.11875272727272726
0.12758727272727272
0.10498727272727272
0.012327272727272727
0.07889454545454545
0.01705272727272727
0.1193690909090909
0.14073636363636363
-0.06985454545454545
0.07149818181818181
0.1645690909090909
-0.11341090909090909
0.07992181818181819
0.09450909090909092
-0.05444545454545455
0.027120000000000002
0.015409090909090907
-0.06718363636363636
0.007396363636363636
0.0628690909090909
-0.11341090909090909
0.1623090909090909
0.01664181818181818
-0.06944363636363636
0.20134545454545455
0.034927272727272723
0.09471454545454545
0.10806909090909089
-0.04232363636363636
0.03246181818181818
0.11197272727272727
-0.06204727272727273
0.04602181818181818
0.1781290909090909
-0.008218181818181819
0.014587272727272727
0.15470727272727272
-0.00862909090909091
0.004930909090909091
0.07827818181818182
-0.09738545454545454
0.08197636363636364
-0.03410545454545454
-0.03965272727272728
0.1058090909090909
-0.01849090909090909
0.14422909090909092
0.1356
0.016025454545454544
0.11752
0.18470363636363635
0.007601818181818181
0.03307818181818182
0.03944727272727273
-0.09779636363636364
-0.02403818181818182
-0.00041090909090909085
-0.08526363636363636
-0.008834545454545454
0.06656727272727272
-0.12717636363636362
0.031023636363636364
0.08218181818181818
-0.07519636363636363
0.08444181818181817
0.10190545454545454
-0.014792727272727272
0.056705454545454545
0.08505818181818181
-0.005341818181818182
0.10498727272727272
0.03903636363636363
-0.03944727272727273
0.031845454545454545
0.05896545454545454
-0.03472181818181818
0.030818181818181814
0.06697818181818181
-0.05896545454545454
0.14320181818181818
0.024654545454545453
-0.03554363636363636
0.08485272727272727
0.016436363636363638
0.04417272727272727
0.09964545454545454
-0.04396727272727272
-0.0113
0.16703454545454544
-0.062458181818181815
0.04746
0.13498363636363636
-0.0016436363636363634
0.09861818181818181
0.1088909090909091
-0.07232
0.019312727272727273
0.13580545454545453
-0.15059818181818183
0.07478545454545454
0.08218181818181818
-0.13087454545454547
0.08772909090909091
0.07458
-0.017874545454545452
0.07006
0.13231272727272728
-0.011916363636363636
0.12429999999999998
0.05629454545454545
-0.057527272727272726
0.14073636363636363
0.04150181818181818
0.027120000000000002
0.14217454545454544
0.0041090909090909095
0.010272727272727272
0.18799090909090907
-0.045816363636363634
0.05608909090909091
0.11382181818181818
-0.08177090909090909
0.05218545454545454
0.06040363636363636
-0.03205090909090909
0.007807272727272727
0.1419690909090909
-0.1314909090909091
-0.03657090909090909
0.08403090909090909
-0.18121090909090906
0.07930545454545455
0.05937636363636363
-0.09430363636363637
0.12532727272727273
0.028969090909090906
-0.08074363636363636
0.21922
0.08670181818181817
-0.05218545454545454
0.1510090909090909
-0.006574545454545454
0.028763636363636363
0.10827454545454546
-0.008218181818181819
0.02403818181818182
0.13785999999999998
0.027120000000000002
0.03410545454545454
0.16662363636363633
-0.009656363636363637
0.14813272727272728
0.13888727272727272
-0.13950363636363636
0.031639999999999995
0.05814363636363636
-0.13765454545454545
0.002876363636363636
-0.03410545454545454
-0.10149454545454545
0.06862181818181817
-0.0034927272727272728
0.045816363636363634
0.09800181818181818
-0.01766909090909091
-0.0016436363636363634
0.15676181818181817
0.01705272727272727
-0.08279818181818181
0.20155090909090906
0.058349090909090906
-0.06307454545454545
0.0895781818181818
0.013354545454545456
0.04109090909090909
0.1314909090909091
0.017463636363636362
0.05465090909090909
0.10868545454545453
-0.027736363636363635
0.08711272727272727
0.01849090909090909
-0.09204363636363636
0.043556363636363636
0.058349090909090906
0.005752727272727272
-0.055678181818181814
0.10950727272727273
-0.015614545454545454
-0.06307454545454545
0.1284090909090909
-0.07992181818181819
0.07581272727272727
0.0805381818181818
-0.08444181818181817
0.09944
-0.10663090909090908
-0.0226
0.15059818181818183
-0.06307454545454545
0.03533818181818182
0.05691090909090909
0.0764290909090909
0.15984363636363638
0.13785999999999998
0.11649272727272726
0.040885454545454544
0.11197272727272727
0.013970909090909091
-0.03883090909090909
0.06636181818181817
-0.12388909090909091
0.03739272727272727
0.057527272727272726
-0.15943272727272728
0.16888363636363635
0.07663454545454546
0.0034927272727272728
0.19662
0.08629090909090908
0.04232363636363636
0.06841636363636364
0.07375818181818182
-0.03739272727272727
0.0764290909090909
0.00862909090909091
-0.05629454545454545
0.14237999999999998
-0.08998909090909091
0.006574545454545454
0.17525272727272728
-0.05732181818181818
0.05608909090909091
0.11012363636363637
-0.11546545454545454
0.05896545454545454
0.03698181818181818
-0.056705454545454545
0.10334363636363636
-0.07129272727272727
-0.025476363636363634
0.016436363636363638
0.01623090909090909
-0.029996363636363634
0.09533090909090909
0.13025818181818183
-0.09533090909090909
0.26174909090909093
0.03533818181818182
-0.04109090909090909
0.2933890909090909
-0.027120000000000002
-0.056705454545454545
0.10334363636363636
-0.05526727272727273
-0.11176727272727273
-0.07725090909090909
-0.10745272727272726
0.06122545454545455
0.01623090909090909
-0.0063690909090909084
0.09697454545454545
0.1257381818181818
0.038625454545454546
0.005752727272727272
0.12902545454545453
-0.12265636363636362
-0.00041090909090909085
0.09615272727272728
-0.10334363636363636
0.07601818181818182
0.059787272727272724
-0.021778181818181818
0.1653909090909091
0.02444909090909091
-0.019518181818181816
0.18449818181818184
0.023832727272727273
0.09368727272727272
0.12799818181818182
0.00020545454545454542
-0.02362727272727273
0.05958181818181818
0.11176727272727273
-0.011916363636363636
0.10026181818181817
0.007807272727272727
0.02486
0.13313454545454545
-0.07909999999999999
0.03903636363636363
0.15039272727272726
-0.03451636363636364
0.021778181818181818
0.06615636363636364
-0.09327636363636364
0.038625454545454546
0.06738909090909091
-0.04602181818181818
-0.008012727272727272
0.015819999999999997
0.020956363636363638
0.07889454545454545
0.1314909090909091
0.02670909090909091
0.13827090909090908
0.0447890909090909
-0.06389636363636363
0.1610763636363636
-0.05115818181818182
-0.16888363636363635
0.06903272727272727
-0.03903636363636363
-0.08218181818181818
0.1532690909090909
0.03246181818181818
0.08444181818181817
0.19826363636363634
0.03020181818181818
0.06944363636363636
0.07129272727272727
-0.028969090909090906
-0.05465090909090909
0.013970909090909091
-0.1351890909090909
-0.05485636363636363
0.04376181818181818
-0.1499818181818182
0.18100545454545455
0.10457636363636363
-0.1415581818181818
0.20093454545454545
0.10416545454545453
-0.06821090909090909
0.14977636363636362
0.04129636363636364
-0.006163636363636363
0.12060181818181817
0.017874545454545452
0.08074363636363636
0.08731818181818181
-0.04437818181818182
0.08300363636363636
0.1682672727272727
-0.11793090909090909
0.002670909090909091
0.19107272727272728
-0.06944363636363636
0.07047090909090908
0.1257381818181818
-0.04869272727272727
0.04068
0.09327636363636364
0.04725454545454546
0.05691090909090909
-0.04602181818181818
-0.07067636363636363
0.1314909090909091
0.02013454545454545
0.0010272727272727274
0.19538727272727272
0.013560000000000001
-0.05341818181818182
0.16580181818181816
-0.043350909090909086
-0.14854363636363635
0.11053454545454545
-0.008834545454545454
-0.04150181818181818
-0.05814363636363636
-0.019107272727272726
0.20360545454545456
0.08012727272727273
0.014176363636363636
0.0628690909090909
0.1292309090909091
0.0
0.035749090909090904
0.17360909090909088
-0.09019454545454544
0.06944363636363636
0.10663090909090908
-0.054034545454545446
0.015409090909090907
-0.039241818181818176
0.02527090909090909
0.05362363636363636
-0.09944
-0.1261490909090909
0.15963818181818182
0.05896545454545454
-0.043556363636363636
0.20216727272727272
0.027530909090909092
-0.01664181818181818
0.1678563636363636
0.015203636363636362
-0.08567454545454545
0.03821454545454545
-0.07334727272727272
0.02075090909090909
0.1415581818181818
-0.11156181818181818
0.06471818181818181
0.26154363636363637
-0.001438181818181818
0.04602181818181818
0.19600363636363635
0.0012327272727272727
0.07458
0.06923818181818181
-0.11012363636363637
0.0030818181818181817
0.03903636363636363
0.015409090909090907
0.038419999999999996
-0.023832727272727273
-0.08382545454545455
0.08382545454545455
0.02301090909090909
-0.09430363636363637
0.1193690909090909
-0.014998181818181817
0.00226
0.22168545454545452
-0.0020545454545454547
0.07540181818181818
0.2075090909090909
-0.07293636363636363
0.00020545454545454542
0.05773272727272727
-0.11423272727272726
-0.0008218181818181817
0.11176727272727273
0.0020545454545454547
0.010272727272727272
0.13785999999999998
0.03020181818181818
0.13929818181818182
0.1125890909090909
-0.11279454545454545
0.14731090909090908
-0.0034927272727272728
-0.18634727272727272
0.1524472727272727
0.016025454545454544
-0.07252545454545453
0.1840872727272727
0.09492
0.0678
0.12183454545454545
0.11238363636363637
0.14874909090909091
0.058349090909090906
-0.08300363636363636
-0.058349090909090906
0.04828181818181818
-0.11526
0.012738181818181817
0.031023636363636364
-0.1840872727272727
0.07149818181818181
0.08629090909090908
-0.003698181818181818
0.06410181818181818
0.14607818181818183
0.04294
0.04746
0.14073636363636363
-0.019107272727272726
0.05876
0.04109090909090909
-0.026298181818181814
0.03451636363636364
0.012532727272727272
-0.05198
0.10375454545454545
0.03513272727272727
-0.030818181818181814
0.16641818181818183
-0.04684363636363636
0.05362363636363636
0.09450909090909092
-0.00226
-0.032667272727272725
-0.018696363636363636
0.07848363636363635
-0.06471818181818181
0.039241818181818176
0.030818181818181814
0.08588
0.08300363636363636
0.006574545454545454
0.1296418181818182
0.06636181818181817
-0.09122181818181817
0.053212727272727266
0.10149454545454545
-0.22086363636363635
0.07889454545454545
0.055883636363636364
-0.14320181818181818
0.11238363636363637
-0.0030818181818181817
0.03410545454545454
0.08937272727272727
0.0
0.08197636363636364
0.14525636363636363
0.0010272727272727274
0.02034
0.15018727272727272
0.03143454545454545
-0.019518181818181816
0.1370381818181818
0.0741690909090909
-0.02013454545454545
0.10190545454545454
-0.07951090909090908
0.11156181818181818
0.12758727272727272
-0.09574181818181818
0.19641454545454545
0.0020545454545454547
-0.08588
0.18059454545454545
0.07314181818181818
-0.10745272727272726
0.07807272727272727
0.07088181818181817
-0.1284090909090909
0.05958181818181818
0.028763636363636363
-0.054034545454545446
0.12512181818181817
0.03821454545454545
0.04951454545454545
0.19785272727272726
-0.0339
0.10663090909090908
0.19456545454545454
-0.10108363636363636
-0.008423636363636364
0.036776363636363635
-0.002670909090909091
0.011505454545454544
0.09944
0.020545454545454544
0.023216363636363632
0.21305636363636363
0.048487272727272726
0.13005272727272726
0.0940981818181818
-0.010889090909090909
0.15984363636363638
-0.12409454545454546
-0.15409090909090908
0.08814
-0.12902545454545453
-0.1510090909090909
0.029585454545454543
0.001849090909090909
0.018285454545454546
0.07293636363636363
-0.0008218181818181817
0.01849090909090909
0.14772181818181818
-0.056705454545454545
-0.014587272727272727
0.12594363636363634
-0.03246181818181818
0.08546909090909091
0.06122545454545455
-0.06369090909090909
0.0339
0.12142363636363637
0.02362727272727273
0.1012890909090909
0.19271636363636363
-0.03780363636363636
0.06327999999999999
0.07108727272727272
-0.05280181818181818
0.09430363636363637
0.028969090909090906
-0.02938
0.07601818181818182
0.006574545454545454
-0.03800909090909091
0.07786727272727272
0.04396727272727272
-0.032872727272727276
0.06307454545454545
0.04047454545454546
-0.0339
0.16025454545454546
0.009245454545454545
-0.10396
0.08238727272727273
-0.06923818181818181
0.0024654545454545454
0.1314909090909091
-0.043556363636363636
0.0895781818181818
0.2907181818181818
0.05362363636363636
0.11526
0.20792
0.04602181818181818
0.14936545454545455
0.10437090909090908
-0.13436727272727272
-0.062458181818181815
0.014998181818181817
-0.1727872727272727
0.06882727272727272
-0.03513272727272727
-0.10231636363636364
0.2516818181818182
0.013149090909090907
0.032872727272727276
0.2206581818181818
0.05218545454545454
-0.06143090909090909
0.16970545454545455
-0.0016436363636363634
-0.10827454545454546
0.11464363636363636
-0.09060545454545453
0.060609090909090904
0.02218909090909091
-0.1454618181818182
0.11854727272727272
0.1411472727272727
-0.08094909090909091
0.08978363636363636
0.09265999999999999
-0.10724727272727272
0.14135272727272727
-0.011094545454545454
-0.10704181818181817
0.031229090909090908
-0.01890181818181818
-0.04376181818181818
0.1088909090909091
0.009656363636363637
0.01171090909090909
0.3213309090909091
-0.02938
0.07458
0.2794181818181818
0.02650363636363636
0.06410181818181818
0.09718
-0.06697818181818181
-0.10909636363636364
-0.06307454545454545
-0.11998545454545453
0.04725454545454546
-0.02239454545454545
-0.02075090909090909
0.17833454545454544
0.1366272727272727
0.007807272727272727
0.1727872727272727
0.16908909090909088
-0.0904
0.08588
-0.0030818181818181817
-0.06738909090909091
0.04889818181818182
-0.007807272727272727
-0.03513272727272727
0.07560727272727272
0.013149090909090907
-0.0034927272727272728
0.18778545454545456
-0.0041090909090909095
0.04047454545454546
0.13477818181818182
0.01623090909090909
0.018696363636363636
0.14258545454545454
-0.029174545454545453
0.03020181818181818
0.17854
-0.11526
0.12532727272727273
0.024243636363636363
-0.10313818181818181
0.0113
0.01705272727272727
0.009245454545454545
0.002876363636363636
0.1351890909090909
-0.07334727272727272
0.022805454545454542
-0.015614545454545454
0.008218181818181819
0.08814
-0.07190909090909091
-0.03020181818181818
0.10519272727272726
0.10437090909090908
-0.06163636363636363
0.2592836363636364
0.08711272727272727
-0.07375818181818182
0.11115090909090909
-0.02444909090909091
0.03985818181818182
0.031229090909090908
-0.1125890909090909
0.018285454545454546
0.08156545454545455
-0.08485272727272727
0.17422545454545454
0.14053090909090907
0.07190909090909091
0.113
0.07601818181818182
0.07190909090909091
-0.027736363636363635
0.1306690909090909
-0.055061818181818184
0.02568181818181818
-0.02362727272727273
-0.19641454545454545
0.11176727272727273
0.04109090909090909
0.010272727272727272
0.12121818181818181
-0.005341818181818182
-0.04047454545454546
0.2023727272727273
0.06430727272727273
-0.01725818181818182
0.16847272727272727
0.015614545454545454
-0.02157272727272727
0.10067272727272727
0.04869272727272727
0.031229090909090908
0.11977999999999998
-0.10046727272727272
0.03616
0.10396
-0.06492363636363636
0.13683272727272727
0.034310909090909086
0.024243636363636363
0.017463636363636362
0.02218909090909091
0.057527272727272726
-0.007807272727272727
0.05362363636363636
-0.0940981818181818
-0.05362363636363636
0.07314181818181818
0.02670909090909091
0.15491272727272726
0.10067272727272727
-0.023216363636363632
0.10416545454545453
-0.0016436363636363634
0.028352727272727273
0.02650363636363636
-0.13272363636363635
0.014381818181818181
-0.003287272727272727
-0.029996363636363634
0.024243636363636363
0.14299636363636362
0.06738909090909091
0.06738909090909091
0.12553272727272727
-0.03780363636363636
0.17114363636363633
0.1088909090909091
-0.008834545454545454
0.04232363636363636
-0.012738181818181817
0.005958181818181818
0.04663818181818182
0.046432727272727264
-0.04437818181818182
0.054034545454545446
0.08588
-0.027325454545454545
0.02670909090909091
0.0895781818181818
-0.0226
0.17381454545454544
0.07540181818181818
-0.11854727272727272
0.18121090909090906
-0.050747272727272724
0.02403818181818182
0.09081090909090908
-0.18675818181818182
0.012532727272727272
0.0805381818181818
0.005958181818181818
0.07334727272727272
0.10642545454545453
0.013970909090909091
0.14340727272727272
0.12224545454545453
-0.06656727272727272
0.024243636363636363
0.13806545454545455
-0.03780363636363636
-0.08670181818181817
0.06944363636363636
-0.11115090909090909
0.11669818181818181
0.08567454545454545
-0.13888727272727272
0.15491272727272726
-0.1017
-0.02670909090909091
0.20381090909090907
-0.08094909090909091
-0.029585454545454543
0.1528581818181818
-0.003698181818181818
0.023832727272727273
0.18470363636363635
-0.014587272727272727
0.07540181818181818
0.06533454545454545
-0.07190909090909091
0.04602181818181818
0.08896181818181817
-0.07129272727272727
0.10231636363636364
0.21305636363636363
-0.15347454545454545
0.17895090909090908
0.05485636363636363
-0.03020181818181818
0.23113636363636364
-0.10519272727272726
-0.01725818181818182
0.0741690909090909
0.04376181818181818
0.029996363636363634
0.1325181818181818
0.07067636363636363
0.08094909090909091
0.1921
0.01705272727272727
0.10642545454545453
0.11176727272727273
-0.02979090909090909
-0.05608909090909091
0.00862909090909091
-0.2142890909090909
0.009245454545454545
0.09841272727272728
-0.15265272727272727
0.11793090909090909
-0.06225272727272727
0.0
0.1411472727272727
-0.003287272727272727
0.05136363636363636
0.12039636363636362
-0.013765454545454546
-0.017463636363636362
0.19374363636363634
-0.009861818181818182
-0.05280181818181818
0.11772545454545454
0.03246181818181818
-0.09307090909090908
0.050747272727272724
-0.056705454545454545
-0.03821454545454545
0.1341618181818182
-0.06985454545454545
0.03636545454545455
0.10745272727272726
-0.04396727272727272
0.06677272727272728
0.13498363636363636
-0.1125890909090909
0.05444545454545455
0.0967690909090909
-0.05732181818181818
0.055883636363636364
0.04869272727272727
0.06327999999999999
0.06903272727272727
0.08629090909090908
-0.02444909090909091
0.11115090909090909
-0.030407272727272724
-0.11320545454545454
0.15799454545454544
-0.10560363636363636
-0.08978363636363636
0.17011636363636362
0.050747272727272724
-0.02670909090909091
0.18018363636363635
-0.012121818181818182
0.012327272727272727
0.23278000000000001
0.019723636363636363
0.055678181818181814
0.10334363636363636
-0.04150181818181818
0.05608909090909091
0.22148
-0.06410181818181818
0.10087818181818181
0.11176727272727273
-0.1306690909090909
0.16436363636363635
0.05444545454545455
-0.031639999999999995
0.10087818181818181
0.06964909090909091
-0.08834545454545455
0.07006
0.10601454545454544
-0.02527090909090909
0.11526
-0.09718
-0.1292309090909091
0.09450909090909092
-0.07129272727272727
-0.02979090909090909
0.19086727272727272
-0.10334363636363636
0.0538290909090909
0.1682672727272727
-0.027941818181818182
0.1586109090909091
0.039241818181818176
0.031023636363636364
0.040063636363636364
0.028558181818181816
-0.06163636363636363
0.05115818181818182
0.08814
-0.13477818181818182
0.20730363636363636
0.030407272727272724
-0.003698181818181818
0.20874181818181817
-0.010889090909090909
0.09348181818181817
0.11382181818181818
-0.027530909090909092
0.027120000000000002
-0.041912727272727275
-0.16251454545454544
0.03616
0.005958181818181818
-0.16559636363636362
-0.031845454545454545
0.055883636363636364
-0.014381818181818181
0.08197636363636364
0.13046363636363634
0.014998181818181817
0.09779636363636364
0.06964909090909091
0.005752727272727272
0.09964545454545454
0.09245454545454544
-0.05876
0.10868545454545453
0.0470490909090909
-0.10005636363636364
0.27181636363636363
0.08074363636363636
0.0034927272727272728
0.16169272727272727
0.036776363636363635
0.0030818181818181817
0.03513272727272727
0.08855090909090908
-0.08690727272727272
-0.035954545454545454
0.019312727272727273
-0.10991818181818182
0.055883636363636364
-0.01171090909090909
-0.04437818181818182
0.16806181818181817
-0.06471818181818181
-0.05115818181818182
0.18449818181818184
-0.017463636363636362
0.020545454545454544
0.08423636363636364
-0.10498727272727272
-0.013560000000000001
0.13087454545454547
0.05259636363636363
0.06903272727272727
0.13827090909090908
0.00020545454545454542
0.14176363636363634
0.1808
-0.03205090909090909
0.10067272727272727
0.04129636363636364
-0.08916727272727272
0.037598181818181815
-0.07745636363636363
-0.16046
0.11423272727272726
0.013354545454545456
-0.11628727272727273
0.13991454545454546
0.08094909090909091
0.06122545454545455
0.2296981818181818
0.05999272727272727
0.0039036363636363635
0.14669454545454544
-0.051569090909090905
-0.005958181818181818
0.13724363636363635
-0.16477454545454545
-0.02157272727272727
0.16436363636363635
-0.07458
0.04458363636363636
0.12512181818181817
0.04972
0.1284090909090909
0.001438181818181818
-0.019723636363636363
0.07971636363636364
-0.03698181818181818
-0.05485636363636363
0.03636545454545455
-0.05793818181818181
-0.028352727272727273
0.15347454545454545
0.009861818181818182
0.03533818181818182
0.16046
0.07704545454545454
0.039241818181818176
0.1076581818181818
0.1193690909090909
0.06636181818181817
0.11834181818181817
-0.07047090909090908
0.03657090909090909
0.017463636363636362
-0.19641454545454545
-0.01992909090909091
-0.04910363636363636
-0.05937636363636363
-0.011916363636363636
0.09430363636363637
0.0447890909090909
0.06143090909090909
0.15840545454545454
0.014176363636363636
-0.015819999999999997
-0.034310909090909086
0.015203636363636362
-0.0402690909090909
-0.046432727272727264
-0.029174545454545453
0.03657090909090909
0.05198
-0.025065454545454544
0.1341618181818182
0.06964909090909091
0.10087818181818181
0.14176363636363634
0.019107272727272726
0.012532727272727272
0.08629090909090908
-0.04232363636363636
0.019312727272727273
0.16066545454545456
-0.11012363636363637
0.08238727272727273
0.10642545454545453
-0.07047090909090908
0.08772909090909091
0.06369090909090909
-0.07149818181818181
0.07355272727272727
0.13046363636363634
-0.10539818181818181
0.06122545454545455
0.06369090909090909
-0.05999272727272727
0.07108727272727272
-0.03225636363636363
-0.12491636363636363
0.09861818181818181
0.07827818181818182
0.016436363636363638
0.23278000000000001
0.040063636363636364
0.07704545454545454
0.1723763636363636
0.0016436363636363634
0.09615272727272728
0.12512181818181817
-0.04314545454545454
-0.07745636363636363
0.04889818181818182
-0.09574181818181818
0.021367272727272728
0.12676545454545454
-0.013560000000000001
0.1935381818181818
0.10457636363636363
-0.09204363636363636
0.1808
0.1171090909090909
-0.14505090909090906
0.03985818181818182
-0.11998545454545453
-0.18614181818181816
0.07683999999999999
-0.08218181818181818
-0.014587272727272727
0.17299272727272727
0.015409090909090907
0.033694545454545456
0.13642181818181817
0.032872727272727276
0.08177090909090909
0.12060181818181817
0.001849090909090909
0.02403818181818182
0.12039636363636362
-0.019312727272727273
-0.025887272727272724
0.1306690909090909
-0.0741690909090909
0.0538290909090909
0.04663818181818182
-0.09985090909090909
0.18223818181818183
-0.05054181818181818
-0.07930545454545455
0.17360909090909088
-0.03739272727272727
-0.00452
0.07581272727272727
-0.051569090909090905
-0.007396363636363636
-0.017463636363636362
0.009245454545454545
0.04869272727272727
0.06410181818181818
0.07006
0.07971636363636364
0.18203272727272726
-0.014381818181818181
0.08937272727272727
0.17258181818181817
-0.10622
0.012738181818181817
-0.04068
-0.07930545454545455
0.10396
-0.00452
-0.01766909090909091
0.16354181818181818
0.0727309090909091
-0.021367272727272728
0.17484181818181818
0.11320545454545454
-0.006163636363636363
0.10704181818181817
-0.02527090909090909
-0.12101272727272726
0.08156545454545455
0.016847272727272728
-0.045816363636363634
0.10930181818181818
0.00904
0.012943636363636362
0.07827818181818182
-0.04869272727272727
0.05937636363636363
0.15943272727272728
-0.010478181818181819
-0.008834545454545454
0.13231272727272728
-0.019723636363636363
0.007601818181818181
0.13827090909090908
-0.1454618181818182
-0.02013454545454545
0.038419999999999996
-0.12943636363636363
0.1341618181818182
0.04972
-0.009861818181818182
0.21716545454545452
0.09779636363636364
0.005958181818181818
0.13929818181818182
0.03451636363636364
-0.02342181818181818
0.09101636363636363
-0.04417272727272727
-0.1193690909090909
0.11998545454545453
0.06718363636363636
-0.09101636363636363
0.0470490909090909
-0.03307818181818182
0.05259636363636363
0.12121818181818181
-0.05629454545454545
0.04725454545454546
0.14217454545454544
-0.03143454545454545
0.06656727272727272
0.1415581818181818
-0.13005272727272726
0.09142727272727272
0.07047090909090908
-0.1292309090909091
0.03636545454545455
0.020956363636363638
-0.032872727272727276
0.09492
0.06738909090909091
-0.01992909090909091
0.20360545454545456
0.06677272727272728
0.040063636363636364
0.15573454545454543
-0.02013454545454545
-0.02609272727272727
0.09533090909090909
-0.016847272727272728
-0.09718
0.11669818181818181
0.007807272727272727
0.08300363636363636
0.12347818181818182
0.007190909090909091
0.15018727272727272
0.0904
-0.024243636363636363
0.030818181818181814
0.06677272727272728
-0.1370381818181818
0.005958181818181818
0.02609272727272727
-0.11916363636363636
0.0063690909090909084
-0.07951090909090908
0.0452
0.12368363636363637
-0.028147272727272726
0.07334727272727272
0.17155454545454543
0.011505454545454544
0.08115454545454545
0.14381818181818182
-0.01725818181818182
0.043556363636363636
0.13847636363636362
0.016025454545454544
-0.07293636363636363
0.06512909090909091
-0.010683636363636364
-0.0041090909090909095
0.05033636363636364
-0.045610909090909084
0.0967690909090909
0.10334363636363636
-0.016025454545454544
0.05896545454545454
0.04109090909090909
-0.028763636363636363
0.08978363636363636
0.01849090909090909
-0.10848000000000001
0.019723636363636363
0.11464363636363636
-0.001849090909090909
0.043350909090909086
0.1148490909090909
-0.007396363636363636
0.1623090909090909
0.0565
-0.04889818181818182
0.15080363636363636
-0.09944
-0.07786727272727272
0.07766181818181818
-0.13046363636363634
-0.0024654545454545454
0.13765454545454545
-0.09368727272727272
0.0016436363636363634
0.15388545454545455
0.012532727272727272
0.08033272727272728
0.1524472727272727
0.0039036363636363635
0.02075090909090909
0.10827454545454546
-0.018696363636363636
0.1337509090909091
0.0918381818181818
-0.18141636363636363
0.15162545454545454
0.03739272727272727
-0.18922363636363634
0.18347090909090907
0.03472181818181818
-0.07581272727272727
0.13313454545454545
0.02342181818181818
0.007190909090909091
0.14258545454545454
-0.009245454545454545
-0.03328363636363636
0.09861818181818181
-0.1088909090909091
0.004930909090909091
0.13991454545454546
-0.08362
0.08074363636363636
0.17628
-0.05095272727272727
0.1296418181818182
0.2142890909090909
-0.07252545454545453
0.12635454545454544
0.12491636363636363
-0.12676545454545454
0.055883636363636364
0.016847272727272728
-0.0063690909090909084
0.15306363636363635
0.007190909090909091
-0.02979090909090909
0.23976545454545453
0.0628690909090909
-0.0113
0.2726381818181818
0.0069854545454545456
-0.01890181818181818
0.17011636363636362
-0.10642545454545453
-0.09471454545454545
0.03636545454545455
-0.10827454545454546
-0.03718727272727273
-0.06964909090909091
-0.1528581818181818
0.09492
0.1035490909090909
-0.028969090909090906
0.057527272727272726
0.08588
-0.043350909090909086
0.12286181818181818
0.17628
-0.03718727272727273
0.08505818181818181
0.0063690909090909084
0.003287272727272727
0.07663454545454546
-0.03143454545454545
0.06882727272727272
0.12347818181818182
-0.028147272727272726
-0.06738909090909091
0.13272363636363635
-0.01664181818181818
0.023216363636363632
0.12738181818181818
-0.13354545454545455
-0.03143454545454545
0.12265636363636362
-0.034310909090909086
-0.02670909090909091
0.08588
-0.07581272727272727
0.06595090909090909
0.10622
-0.08629090909090908
0.10313818181818181
0.14299636363636362
-0.05691090909090909
0.05526727272727273
0.03513272727272727
-0.12717636363636362
0.15059818181818183
0.11423272727272726
0.005958181818181818
0.14237999999999998
0.08752363636363636
0.021778181818181818
0.1586109090909091
0.10519272727272726
-0.030818181818181814
0.17833454545454544
0.02034
-0.01808
0.05711636363636363
-0.07519636363636363
0.06019818181818181
0.07971636363636364
-0.06636181818181817
-0.015409090909090907
0.16641818181818183
-0.03657090909090909
0.10396
0.22990363636363634
-0.07745636363636363
0.10375454545454545
0.113
-0.054034545454545446
0.09841272727272728
0.05547272727272727
-0.14381818181818182
0.0764290909090909
-0.05136363636363636
-0.18162181818181816
0.19251090909090907
0.028352727272727273
-0.0749909090909091
0.10087818181818181
0.06307454545454545
0.02239454545454545
0.08526363636363636
0.008012727272727272
0.019312727272727273
0.05198
-0.07232
0.0447890909090909
0.12717636363636362
-0.02670909090909091
0.038419999999999996
0.18614181818181816
-0.08772909090909091
0.12820363636363635
0.14361272727272725
-0.05259636363636363
0.13621636363636364
-0.1193690909090909
-0.03616
-0.02362727272727273
-0.13806545454545455
-0.029996363636363634
0.09450909090909092
0.00452
-0.03513272727272727
0.2296981818181818
0.05054181818181818
0.04540545454545454
0.16128181818181817
0.03472181818181818
-0.031845454545454545
0.10046727272727272
-0.01890181818181818
0.007396363636363636
0.10786363636363637
-0.13642181818181817
0.07129272727272727
0.032667272727272725
-0.007601818181818181
0.09163272727272727
0.1374490909090909
0.00862909090909091
0.05136363636363636
0.17956727272727271
-0.10375454545454545
0.1284090909090909
0.08814
-0.048487272727272726
0.08074363636363636
0.08896181818181817
-0.06512909090909091
0.09718
0.10642545454545453
-0.16436363636363635
0.13847636363636362
-0.023832727272727273
-0.08403090909090909
0.03739272727272727
0.05691090909090909
-0.02239454545454545
0.032667272727272725
0.04417272727272727
-0.1411472727272727
0.18634727272727272
-0.033694545454545456
0.027325454545454545
0.19477090909090908
0.005547272727272727
0.09820727272727273
0.06410181818181818
-0.02301090909090909
0.1076581818181818
0.14628363636363637
-0.19888
0.05691090909090909
0.03739272727272727
-0.15450181818181818
0.05526727272727273
0.11916363636363636
0.08752363636363636
0.03780363636363636
0.11587636363636362
-0.029585454545454543
0.1360109090909091
0.05608909090909091
-0.05115818181818182
0.06081454545454545
-0.15121454545454543
-0.07519636363636363
0.12265636363636362
-0.07622363636363635
-0.11012363636363637
0.23278000000000001
-0.013149090909090907
0.08197636363636364
0.1325181818181818
-0.030612727272727274
0.16148727272727273
0.06430727272727273
0.1012890909090909
0.04930909090909091
0.04376181818181818
0.004314545454545455
0.08690727272727272
0.08362
-0.05485636363636363
0.12203999999999998
-0.04540545454545454
0.0039036363636363635
0.17319818181818183
-0.09738545454545454
-0.05629454545454545
0.17463636363636362
-0.04437818181818182
0.009656363636363637
0.11793090909090909
-0.03328363636363636
0.08115454545454545
0.07396363636363636
-0.005341818181818182
0.0012327272727272727
0.08259272727272728
0.027325454545454545
0.07149818181818181
0.05711636363636363
-0.1360109090909091
0.11690363636363636
0.09635818181818182
-0.12697090909090908
0.06903272727272727
-0.034927272727272723
-0.13087454545454547
0.13642181818181817
0.003698181818181818
-0.005547272727272727
0.14587272727272727
0.07129272727272727
0.11854727272727272
0.14320181818181818
0.038419999999999996
-0.00041090909090909085
0.1528581818181818
0.012532727272727272
-0.08362
0.04930909090909091
-0.12327272727272726
-0.02034
0.1292309090909091
-0.10005636363636364
-0.0010272727272727274
0.09861818181818181
-0.012943636363636362
0.09389272727272728
0.08711272727272727
0.014176363636363636
0.15676181818181817
0.12409454545454546
-0.0447890909090909
0.05485636363636363
0.025887272727272724
-0.043350909090909086
0.1247109090909091
-0.03533818181818182
-0.15758363636363634
0.14443454545454545
0.06595090909090909
-0.04540545454545454
0.20566
0.03554363636363636
0.016847272727272728
0.19867454545454544
-0.09492
0.01890181818181818
0.21018
-0.11115090909090909
-0.03451636363636364
0.17196545454545456
-0.06019818181818181
-0.04602181818181818
0.1840872727272727
-0.005136363636363636
-0.027325454545454545
0.03780363636363636
-0.11957454545454545
0.1035490909090909
0.027325454545454545
-0.15121454545454543
0.18388181818181817
0.031023636363636364
-0.07334727272727272
0.21634363636363635
0.03328363636363636
-0.07334727272727272
0.11279454545454545
0.07827818181818182
-0.11217818181818182
0.07519636363636363
0.11464363636363636
-0.028147272727272726
0.18059454545454545
-0.02342181818181818
0.04294
0.1633363636363636
-0.13231272727272728
0.08177090909090909
0.14936545454545455
-0.1292309090909091
-0.03472181818181818
0.09985090909090909
-0.007396363636363636
0.10601454545454544
0.13683272727272727
0.06903272727272727
0.13539454545454546
0.10786363636363637
0.013149090909090907
0.07067636363636363
0.0727309090909091
-0.11094545454545454
-0.0067800000000000004
-0.07540181818181818
-0.06163636363636363
0.09471454545454545
-0.02691454545454545
0.03821454545454545
0.03985818181818182
-0.014176363636363636
0.08074363636363636
0.1257381818181818
0.031845454545454545
0.10498727272727272
0.07519636363636363
-0.06019818181818181
0.07519636363636363
0.06964909090909091
-0.02342181818181818
0.010272727272727272
0.06348545454545454
-0.05526727272727273
0.01664181818181818
0.036776363636363635
-0.03944727272727273
0.10478181818181817
0.02650363636363636
-0.01808
0.04787090909090909
0.041707272727272725
0.027941818181818182
0.07992181818181819
-0.016025454545454544
-0.01890181818181818
0.08814
0.00862909090909091
0.014176363636363636
0.06081454545454545
0.0452
-0.012121818181818182
0.07519636363636363
-0.04602181818181818
-0.02486
0.10642545454545453
-0.11793090909090909
0.00945090909090909
0.056705454545454545
-0.03451636363636364
0.07992181818181819
0.11197272727272727
0.008218181818181819
0.09738545454545454
0.13395636363636362
-0.02362727272727273
0.1524472727272727
0.12224545454545453
-0.03554363636363636
0.053212727272727266
0.08382545454545455
-0.009861818181818182
0.11094545454545454
0.06327999999999999
-0.04376181818181818
0.17402
-0.01808
-0.045610909090909084
0.11546545454545454
-0.014381818181818181
-0.0041090909090909095
0.14094181818181817
-0.00452
-0.03451636363636364
0.17689636363636363
-0.015614545454545454
-0.010478181818181819
0.04889818181818182
-0.08279818181818181
0.07622363636363635
0.06574545454545455
-0.1479272727272727
0.09615272727272728
0.11094545454545454
-0.09389272727272728
0.21860363636363636
0.1292309090909091
-0.07355272727272727
0.14936545454545455
0.12758727272727272
-0.04602181818181818
0.07786727272727272
0.017874545454545452
-0.055883636363636364
0.07683999999999999
-0.03800909090909091
0.03554363636363636
0.09450909090909092
-0.017874545454545452
0.037598181818181815
0.15080363636363636
-0.00020545454545454542
0.008218181818181819
0.14340727272727272
-0.09594727272727273
-0.024654545454545453
-0.001849090909090909
-0.1171090909090909
0.011505454545454544
-0.02013454545454545
-0.03513272727272727
0.04294
0.007190909090909091
0.005958181818181818
0.17977272727272728
0.04746
-0.04807636363636364
0.17977272727272728
0.028558181818181816
-0.023832727272727273
0.1148490909090909
-0.010478181818181819
0.016025454545454544
0.09163272727272727
0.034310909090909086
0.11916363636363636
0.11546545454545454
0.0226
0.10231636363636364
0.10334363636363636
-0.018696363636363636
-0.002876363636363636
0.11998545454545453
-0.08752363636363636
-0.04622727272727272
0.19456545454545454
-0.17402
-0.016025454545454544
0.19333272727272727
-0.12347818181818182
0.02979090909090909
0.1356
0.02157272727272727
0.07622363636363635
0.05732181818181818
-0.0940981818181818
0.08218181818181818
0.05362363636363636
-0.13334
0.11094545454545454
0.028763636363636363
-0.07067636363636363
0.21675454545454545
0.1292309090909091
-0.07026545454545453
0.17710181818181817
0.14237999999999998
-0.003698181818181818
0.10642545454545453
-0.04540545454545454
-0.0452
0.028352727272727273
-0.15902181818181815
-0.05054181818181818
0.11135636363636363
-0.11074
0.09656363636363637
0.20915272727272727
-0.13005272727272726
0.1984690909090909
0.1653909090909091
-0.09656363636363637
0.15614545454545453
-0.0067800000000000004
-0.10848000000000001
0.09224909090909092
-0.019518181818181816
-0.04930909090909091
0.12655999999999998
-0.04930909090909091
-0.02979090909090909
0.18141636363636363
0.043350909090909086
0.02116181818181818
0.18778545454545456
0.02157272727272727
-0.07293636363636363
0.15594
-0.04910363636363636
0.032667272727272725
0.13334
-0.13683272727272727
0.08567454545454545
0.07683999999999999
-0.01623090909090909
0.14936545454545455
0.07396363636363636
0.06697818181818181
0.2210690909090909
0.012121818181818182
-0.05896545454545454
0.18922363636363634
0.02609272727272727
-0.10991818181818182
0.035954545454545454
-0.10848000000000001
-0.15347454545454545
0.08588
-0.08629090909090908
0.002876363636363636
0.09759090909090909
0.009656363636363637
0.15635090909090907
0.1103290909090909
0.039241818181818176
0.029996363636363634
0.16148727272727273
-0.07396363636363636
-0.03780363636363636
0.07827818181818182
-0.18182727272727273
0.04129636363636364
0.06451272727272726
-0.015409090909090907
0.05608909090909091
0.011505454545454544
0.032667272727272725
0.12594363636363634
0.001438181818181818
-0.03451636363636364
0.12943636363636363
0.009861818181818182
0.0008218181818181817
0.10498727272727272
0.010272727272727272
-0.035954545454545454
0.13498363636363636
-0.012532727272727272
-0.037598181818181815
0.09512545454545453
-0.06821090909090909
0.08752363636363636
0.06697818181818181
-0.06821090909090909
-0.02527090909090909
0.08731818181818181
-0.03410545454545454
-0.024654545454545453
0.10272727272727272
-0.13929818181818182
0.13128545454545454
0.13539454545454546
-0.011094545454545454
0.19497636363636361
0.11628727272727273
0.0470490909090909
0.15018727272727272
0.11977999999999998
0.0447890909090909
0.09697454545454545
-0.04930909090909091
-0.023832727272727273
0.007601818181818181
-0.08382545454545455
-0.019312727272727273
0.16169272727272727
0.032667272727272725
-0.057527272727272726
0.14237999999999998
-0.018696363636363636
0.11361636363636363
0.1257381818181818
-0.042529090909090905
0.008218181818181819
-0.05526727272727273
-0.050747272727272724
0.03410545454545454
0.005341818181818182
-0.07663454545454546
0.1781290909090909
0.07889454545454545
-0.07478545454545454
0.18100545454545455
0.12861454545454545
0.0034927272727272728
0.10806909090909089
0.06512909090909091
-0.06512909090909091
0.08341454545454545
0.05814363636363636
0.03225636363636363
0.02486
-0.11731454545454545
0.06430727272727273
0.10498727272727272
-0.06636181818181817
0.06964909090909091
0.07766181818181818
-0.08629090909090908
0.1356
0.041707272727272725
-0.07807272727272727
0.06307454545454545
-0.045816363636363634
-0.02218909090909091
-0.0470490909090909
-0.00041090909090909085
-0.00945090909090909
0.07540181818181818
0.10149454545454545
-0.02075090909090909
0.19477090909090908
0.02034
0.00226
0.23771090909090908
-0.08320909090909091
-0.1171090909090909
0.09635818181818182
-0.06040363636363636
0.05485636363636363
0.05300727272727272
-0.0565
0.11279454545454545
0.14279090909090908
0.08752363636363636
0.05115818181818182
0.1510090909090909
0.01992909090909091
0.03636545454545455
0.06019818181818181
-0.11793090909090909
0.01664181818181818
-0.00452
-0.007807272727272727
0.04129636363636364
-0.020545454545454544
-0.043350909090909086
0.0727309090909091
0.12532727272727273
-0.08115454545454545
0.08896181818181817
0.15655636363636363
-0.02075090909090909
0.1374490909090909
0.05300727272727272
0.021778181818181818
0.16806181818181817
-0.02075090909090909
-0.03657090909090909
0.024243636363636363
-0.07437454545454546
0.04314545454545454
0.12347818181818182
-0.02568181818181818
-0.013149090909090907
0.09759090909090909
0.06533454545454545
0.03698181818181818
0.1171090909090909
0.020545454545454544
-0.09841272727272728
0.17854
-0.06553999999999999
-0.07149818181818181
0.16148727272727273
-0.14525636363636363
0.17545818181818182
0.014792727272727272
-0.12758727272727272
0.1871690909090909
0.037598181818181815
0.0402690909090909
0.08423636363636364
-0.02013454545454545
-0.05793818181818181
0.15265272727272727
-0.027120000000000002
-0.06389636363636363
0.07663454545454546
-0.11895818181818181
-0.002670909090909091
0.13128545454545454
-0.06512909090909091
0.03328363636363636
0.2664745454545454
0.015409090909090907
0.10272727272727272
0.13683272727272727
-0.005341818181818182
0.13909272727272726
0.07560727272727272
-0.10396
-0.027530909090909092
0.07026545454545453
-0.08670181818181817
0.08752363636363636
0.029174545454545453
-0.06841636363636364
0.1836763636363636
0.07766181818181818
0.055678181818181814
0.1645690909090909
0.014792727272727272
-0.055883636363636364
0.062458181818181815
-0.07519636363636363
-0.07149818181818181
0.013354545454545456
-0.03739272727272727
-0.0030818181818181817
-0.0470490909090909
0.01623090909090909
0.07971636363636364
0.11854727272727272
0.032667272727272725
0.03821454545454545
0.06677272727272728
-0.040885454545454544
0.1193690909090909
0.16744545454545454
-0.08444181818181817
-0.006574545454545454
0.1510090909090909
-0.08300363636363636
0.05547272727272727
0.08649636363636364
-0.015819999999999997
0.13005272727272726
0.005136363636363636
-0.03965272727272728
0.10498727272727272
0.002876363636363636
-0.07560727272727272
0.16415818181818181
-0.007396363636363636
-0.040885454545454544
0.09779636363636364
-0.015203636363636362
0.038625454545454546
0.07149818181818181
-0.00041090909090909085
0.012121818181818182
0.18059454545454545
0.011094545454545454
0.002876363636363636
0.031023636363636364
-0.04150181818181818
0.15429636363636362
-0.0008218181818181817
-0.18100545454545455
0.04602181818181818
0.1076581818181818
-0.12183454545454545
0.16518545454545455
0.04972
-0.07334727272727272
0.26072181818181817
0.028969090909090906
0.07026545454545453
0.15203636363636364
-0.005547272727272727
0.008423636363636364
0.15470727272727272
-0.07375818181818182
-0.08896181818181817
0.16415818181818181
-0.04458363636363636
0.014176363636363636
0.07149818181818181
-0.049925454545454544
0.005341818181818182
0.1125890909090909
-0.10560363636363636
0.013354545454545456
0.13128545454545454
-0.13395636363636362
0.12676545454545454
0.1058090909090909
-0.07909999999999999
0.0470490909090909
0.07540181818181818
-0.05300727272727272
0.1058090909090909
0.08094909090909091
-0.12697090909090908
0.20134545454545455
0.059787272727272724
-0.014792727272727272
0.17936181818181818
0.00452
0.0
0.12697090909090908
0.007190909090909091
-0.05547272727272727
0.14073636363636363
0.005136363636363636
-0.02609272727272727
0.06492363636363636
0.03739272727272727
0.11998545454545453
0.11834181818181817
0.03965272727272728
0.13909272727272726
0.09882363636363636
-0.10498727272727272
0.060609090909090904
-0.001849090909090909
-0.08485272727272727
0.02691454545454545
-0.04889818181818182
-0.040885454545454544
0.08012727272727273
0.028558181818181816
-0.0041090909090909095
0.11916363636363636
0.016436363636363638
0.07026545454545453
0.11546545454545454
-0.028147272727272726
0.0470490909090909
0.11176727272727273
0.034927272727272723
0.011094545454545454
0.08136
-0.024243636363636363
0.05280181818181818
0.05198
-0.06964909090909091
0.08382545454545455
-0.012738181818181817
-0.027120000000000002
0.08711272727272727
0.024654545454545453
-0.03225636363636363
0.06944363636363636
0.12450545454545454
-0.027941818181818182
-0.012532727272727272
0.027325454545454545
-0.08300363636363636
0.029996363636363634
0.014792727272727272
-0.10026181818181817
0.06348545454545454
-0.010067272727272725
-0.0113
0.08115454545454545
-0.0067800000000000004
0.009656363636363637
0.09656363636363637
0.029996363636363634
-0.02486
0.14936545454545455
0.04458363636363636
0.013354545454545456
0.20586545454545455
0.02301090909090909
0.00862909090909091
0.2229181818181818
0.018696363636363636
0.02979090909090909
0.07211454545454546
-0.08238727272727273
0.06759454545454545
0.011505454545454544
-0.04396727272727272
0.09163272727272727
0.0918381818181818
-0.0749909090909091
0.17936181818181818
0.15881636363636362
-0.17895090909090908
0.1781290909090909
0.047665454545454546
-0.09944
0.21182363636363635
0.04417272727272727
-0.04746
0.15676181818181817
-0.019312727272727273
0.02218909090909091
0.12779272727272725
-0.15162545454545454
0.07375818181818182
0.08896181818181817
-0.06533454545454545
0.06574545454545455
0.12717636363636362
0.024243636363636363
0.021367272727272728
0.17032181818181816
-0.06163636363636363
0.04294
0.10396
-0.03821454545454545
0.0470490909090909
-0.06081454545454545
-0.012327272727272727
0.09841272727272728
-0.029174545454545453
0.02116181818181818
0.1573781818181818
-0.0678
0.004314545454545455
0.10724727272727272
-0.09820727272727273
-0.08567454545454545
0.011094545454545454
-0.07314181818181818
-0.06512909090909091
0.10930181818181818
0.013970909090909091
0.06656727272727272
0.09779636363636364
0.0006163636363636364
0.09245454545454544
0.07088181818181817
-0.03328363636363636
0.07930545454545455
0.040063636363636364
-0.06389636363636363
0.06492363636363636
-0.03657090909090909
0.03821454545454545
0.09841272727272728
0.029585454545454543
-0.01171090909090909
0.02486
0.13580545454545453
0.012121818181818182
0.13169636363636364
0.05711636363636363
-0.03410545454545454
0.17052727272727272
0.05259636363636363
0.046432727272727264
0.14607818181818183
-0.07786727272727272
0.05115818181818182
0.10560363636363636
-0.16436363636363635
0.09779636363636364
0.10745272727272726
-0.06636181818181817
0.0012327272727272727
0.058349090909090906
-0.03821454545454545
-0.03225636363636363
0.14012
-0.08259272727272728
0.03328363636363636
0.14464
-0.05732181818181818
0.19312727272727273
0.1532690909090909
-0.09450909090909092
0.19292181818181817
0.06985454545454545
-0.040885454545454544
0.12553272727272727
-0.1012890909090909
0.002670909090909091
-0.011916363636363636
0.0063690909090909084
0.06677272727272728
-0.01623090909090909
0.04602181818181818
0.06595090909090909
0.19929090909090907
-0.05814363636363636
-0.01766909090909091
0.11320545454545454
-0.16395272727272728
-0.08300363636363636
-0.040885454545454544
-0.0967690909090909
0.03554363636363636
-0.013354545454545456
-0.01849090909090909
0.29215636363636366
0.035954545454545454
0.009656363636363637
0.2933890909090909
0.00020545454545454542
-0.03554363636363636
0.10806909090909089
0.08136
0.0
0.10211090909090909
-0.01992909090909091
-0.010478181818181819
0.1483381818181818
-0.03739272727272727
0.06923818181818181
0.03780363636363636
-0.07807272727272727
0.08526363636363636
0.09533090909090909
-0.11382181818181818
0.04951454545454545
0.1610763636363636
0.012738181818181817
0.04972
-0.014176363636363636
0.07478545454545454
0.07909999999999999
-0.02301090909090909
0.020545454545454544
0.10498727272727272
-0.014587272727272727
0.015614545454545454
0.1727872727272727
-0.08156545454545455
-0.025887272727272724
0.13107999999999997
0.007396363636363636
-0.06143090909090909
0.03739272727272727
-0.04232363636363636
0.02362727272727273
0.13354545454545455
-0.07766181818181818
0.12820363636363635
0.1257381818181818
-0.01766909090909091
0.1314909090909091
0.09759090909090909
-0.05855454545454545
-0.014998181818181817
0.11115090909090909
-0.04232363636363636
-0.027325454545454545
-0.01705272727272727
-0.10231636363636364
0.11423272727272726
0.02198363636363636
-0.09122181818181817
0.1464890909090909
0.05793818181818181
-0.013149090909090907
0.17792363636363634
0.09512545454545453
-0.03410545454545454
0.1608709090909091
0.16498
-0.032667272727272725
0.020956363636363638
-0.03821454545454545
-0.04314545454545454
0.059787272727272724
-0.14032545454545453
-0.054240000000000003
0.1325181818181818
-0.07663454545454546
0.12121818181818181
0.24695636363636364
-0.05608909090909091
0.14094181818181817
0.19107272727272728
0.013970909090909091
-0.00904
0.021778181818181818
0.07026545454545453
0.012532727272727272
0.10601454545454544
-0.10519272727272726
-0.0008218181818181817
0.10293272727272727
-0.12060181818181817
0.1600490909090909
-0.05896545454545454
-0.09122181818181817
0.18018363636363635
-0.01890181818181818
-0.00904
0.06944363636363636
0.007190909090909091
-0.02527090909090909
0.09964545454545454
0.02075090909090909
-0.08341454545454545
0.10786363636363637
0.07519636363636363
-0.014998181818181817
0.11402727272727273
0.008012727272727272
0.12758727272727272
0.1791563636363636
-0.08814
0.12758727272727272
0.07314181818181818
-0.062458181818181815
0.03718727272727273
-0.007396363636363636
-0.05526727272727273
-0.024243636363636363
0.056705454545454545
0.04972
0.09615272727272728
0.04828181818181818
0.0940981818181818
0.1224509090909091
-0.02691454545454545
0.013149090909090907
0.09348181818181817
-0.027325454545454545
-0.09923454545454545
0.001438181818181818
-0.07006
-0.032872727272727276
0.05465090909090909
0.005958181818181818
0.12450545454545454
0.08341454545454545
0.04746
0.2138781818181818
0.05896545454545454
0.02116181818181818
0.24079272727272724
-0.02979090909090909
-0.09533090909090909
0.1586109090909091
-0.012532727272727272
-0.09265999999999999
0.05115818181818182
0.0339
-0.011505454545454544
0.07478545454545454
0.027120000000000002
0.027325454545454545
0.17730727272727273
0.0008218181818181817
0.02486
0.16128181818181817
-0.11772545454545454
0.003698181818181818
0.10026181818181817
-0.11464363636363636
0.031639999999999995
0.11423272727272726
-0.07375818181818182
-0.025476363636363634
0.16518545454545455
-0.027736363636363635
0.03821454545454545
0.11628727272727273
-0.11341090909090909
0.05280181818181818
0.008218181818181819
-0.09142727272727272
0.09779636363636364
-0.052390909090909085
-0.07581272727272727
0.20442727272727274
0.013354545454545456
-0.062458181818181815
0.2738709090909091
0.09697454545454545
-0.08094909090909091
0.1894290909090909
0.07704545454545454
-0.09800181818181818
0.14361272727272725
-0.02979090909090909
-0.044994545454545454
0.1193690909090909
-0.12512181818181817
0.10786363636363637
0.13272363636363635
-0.14751636363636364
0.10642545454545453
0.19908545454545457
-0.14854363636363635
0.018285454545454546
0.24017636363636363
-0.1499818181818182
0.0020545454545454547
0.14813272727272728
-0.08978363636363636
0.07704545454545454
0.01623090909090909
-0.026298181818181814
0.20483818181818178
-0.05136363636363636
-0.019312727272727273
0.25106545454545454
-0.048487272727272726
0.03533818181818182
0.2652418181818182
0.019312727272727273
-0.028147272727272726
0.1454618181818182
0.0020545454545454547
-0.031023636363636364
0.08259272727272728
-0.10313818181818181
0.014381818181818181
0.08670181818181817
-0.062458181818181815
0.16210363636363637
0.11156181818181818
-0.034927272727272723
0.23093090909090908
0.08608545454545455
-0.06410181818181818
0.17402
-0.011505454545454544
-0.15963818181818182
0.0069854545454545456
-0.061841818181818185
-0.06307454545454545
0.02938
-0.06841636363636364
0.029585454545454543
0.11464363636363636
-0.02609272727272727
0.08649636363636364
0.13909272727272726
-0.03657090909090909
0.0447890909090909
0.14464
-0.04930909090909091
0.06410181818181818
0.1633363636363636
-0.10457636363636363
0.07725090909090909
0.15655636363636363
-0.029174545454545453
0.061841818181818185
0.04663818181818182
-0.0020545454545454547
0.05608909090909091
-0.0067800000000000004
-0.09738545454545454
0.06553999999999999
0.015614545454545454
-0.10293272727272727
0.11156181818181818
0.014998181818181817
-0.09594727272727273
0.15080363636363636
0.05095272727272727
-0.09615272727272728
0.1555290909090909
0.06081454545454545
-0.019312727272727273
0.15018727272727272
-0.029996363636363634
-0.032872727272727276
0.0967690909090909
-0.06985454545454545
0.04869272727272727
0.10478181818181817
-0.028969090909090906
0.12532727272727273
0.15429636363636362
0.014792727272727272
0.11854727272727272
0.21613818181818178
-0.02075090909090909
0.0918381818181818
0.012121818181818182
-0.13190181818181818
0.12594363636363634
-0.07745636363636363
-0.06718363636363636
0.08074363636363636
-0.06451272727272726
0.06369090909090909
0.21737090909090906
-0.02239454545454545
0.01623090909090909
0.17874545454545454
-0.02239454545454545
-0.00862909090909091
0.05095272727272727
-0.05444545454545455
-0.027120000000000002
0.09594727272727273
-0.10971272727272725
0.0063690909090909084
0.12265636363636362
-0.10293272727272727
0.1510090909090909
0.0967690909090909
-0.05444545454545455
0.16949999999999998
0.10930181818181818
-0.05896545454545454
0.11094545454545454
-0.015203636363636362
-0.05526727272727273
0.12717636363636362
-0.03246181818181818
0.05896545454545454
0.03821454545454545
0.00041090909090909085
0.08279818181818181
0.12409454545454546
0.07930545454545455
0.08300363636363636
0.11156181818181818
0.011094545454545454
0.09019454545454544
0.011094545454545454
-0.1171090909090909
-0.062458181818181815
0.07560727272727272
-0.15121454545454543
-0.09368727272727272
0.10375454545454545
0.02116181818181818
0.16580181818181816
0.07683999999999999
0.10950727272727273
0.12635454545454544
0.08444181818181817
-0.001438181818181818
0.02198363636363636
-0.005136363636363636
-0.06964909090909091
0.08423636363636364
-0.07211454545454546
-0.00904
0.054240000000000003
0.04725454545454546
0.013765454545454546
0.12532727272727273
0.045816363636363634
-0.03472181818181818
0.15717272727272727
-0.015819999999999997
0.029174545454545453
0.03246181818181818
0.08588
0.04150181818181818
0.113
-0.01705272727272727
-0.09594727272727273
0.14381818181818182
-0.15676181818181817
0.09492
0.08382545454545455
-0.15881636363636362
0.02301090909090909
0.06553999999999999
-0.11875272727272726
-0.04458363636363636
0.10334363636363636
-0.09389272727272728
0.1076581818181818
-0.01808
-0.008423636363636364
0.2177818181818182
0.14525636363636363
0.09779636363636364
0.1623090909090909
0.10416545454545453
-0.0904
0.17710181818181817
0.08567454545454545
-0.09142727272727272
-0.019312727272727273
0.008012727272727272
-0.0904
-0.014176363636363636
0.02116181818181818
0.05547272727272727
0.22723272727272725
-0.11443818181818181
0.1125890909090909
0.15388545454545455
-0.09060545454545453
0.1103290909090909
0.10396
-0.06697818181818181
-0.07725090909090909
-0.02670909090909091
-0.060609090909090904
0.16847272727272727
0.008218181818181819
-0.02670909090909091
0.1994963636363636
0.08588
0.03883090909090909
0.1360109090909091
0.03739272727272727
0.0034927272727272728
0.28373272727272725
0.007190909090909091
-0.04746
0.1325181818181818
-0.02198363636363636
0.03020181818181818
0.042529090909090905
-0.08259272727272728
0.01623090909090909
0.07088181818181817
-0.08074363636363636
0.08649636363636364
-0.009656363636363637
-0.027530909090909092
0.1577890909090909
0.015203636363636362
-0.08320909090909091
-0.02486
0.0
-0.05054181818181818
0.13190181818181818
-0.04930909090909091
-0.018285454545454546
0.20155090909090906
-0.017874545454545452
0.11094545454545454
0.13169636363636364
-0.025476363636363634
0.07601818181818182
0.11793090909090909
-0.13231272727272728
-0.04150181818181818
0.057527272727272726
-0.06122545454545455
0.0904
0.0006163636363636364
0.012532727272727272
0.1341618181818182
0.14012
0.06553999999999999
0.05444545454545455
0.039241818181818176
-0.09882363636363636
0.07314181818181818
0.02979090909090909
-0.13477818181818182
0.02403818181818182
0.030407272727272724
-0.031023636363636364
0.12039636363636362
0.045816363636363634
0.010889090909090909
0.15840545454545454
-0.025887272727272724
0.06163636363636363
0.23586181818181817
-0.013560000000000001
-0.014176363636363636
0.17176
-0.028763636363636363
-0.09594727272727273
0.0904
-0.028352727272727273
0.0041090909090909095
0.04869272727272727
-0.06410181818181818
0.0918381818181818
0.1653909090909091
-0.03205090909090909
0.06718363636363636
0.17155454545454543
-0.12183454545454545
0.11608181818181817
0.07930545454545455
-0.1678563636363636
0.18758
0.05999272727272727
-0.05033636363636364
0.07293636363636363
0.015819999999999997
-0.0030818181818181817
0.10046727272727272
-0.05999272727272727
-0.09101636363636363
0.18881272727272727
-0.10827454545454546
-0.043350909090909086
0.1808
-0.05485636363636363
0.041912727272727275
0.1397090909090909
-0.11217818181818182
0.028352727272727273
0.15840545454545454
-0.1454618181818182
0.11669818181818181
0.16518545454545455
-0.021367272727272728
0.0749909090909091
0.14381818181818182
0.12635454545454544
0.041912727272727275
0.09286545454545453
-0.05773272727272727
0.11012363636363637
0.011505454545454544
-0.1247109090909091
0.09635818181818182
-0.09368727272727272
-0.001849090909090909
0.10560363636363636
0.030407272727272724
0.08362
0.17771818181818183
0.07478545454545454
0.08916727272727272
0.010067272727272725
-0.07601818181818182
0.08362
-0.1321072727272727
-0.08485272727272727
0.04211818181818182
0.03985818181818182
-0.04437818181818182
0.005341818181818182
0.13395636363636362
-0.011505454545454544
0.09779636363636364
0.06718363636363636
0.030407272727272724
0.07622363636363635
-0.02527090909090909
0.03903636363636363
0.11464363636363636
-0.061841818181818185
0.002670909090909091
0.10519272727272726
-0.04458363636363636
0.03698181818181818
0.04109090909090909
0.010889090909090909
-0.013149090909090907
0.07458
0.04294
-0.040063636363636364
0.06800545454545455
0.002670909090909091
0.10149454545454545
0.06738909090909091
-0.08403090909090909
0.059170909090909087
0.12224545454545453
-0.06163636363636363
0.052390909090909085
0.13128545454545454
-0.04294
0.13272363636363635
0.04047454545454546
-0.10478181818181817
0.07355272727272727
0.04232363636363636
-0.07601818181818182
0.043556363636363636
0.08074363636363636
-0.03800909090909091
0.08444181818181817
0.04930909090909091
0.02670909090909091
0.17751272727272727
0.027736363636363635
0.054034545454545446
0.24818909090909091
0.007396363636363636
0.01766909090909091
0.19066181818181818
-0.06266363636363637
-0.028763636363636363
0.09841272727272728
-0.004930909090909091
-0.04972
0.01623090909090909
0.041707272727272725
0.02198363636363636
0.02239454545454545
-0.09204363636363636
0.08649636363636364
0.08855090909090908
-0.10724727272727272
0.18449818181818184
0.07827818181818182
-0.17052727272727272
0.1125890909090909
0.007190909090909091
-0.08423636363636364
0.07560727272727272
0.008012727272727272
0.04663818181818182
0.03328363636363636
0.07026545454545453
0.13991454545454546
0.09081090909090908
0.001849090909090909
0.09964545454545454
0.08505818181818181
-0.14710545454545454
0.11012363636363637
0.09122181818181817
-0.17073272727272726
0.05054181818181818
0.07252545454545453
0.010272727272727272
0.09861818181818181
0.07745636363636363
0.07252545454545453
0.15573454545454543
0.08136
-0.032667272727272725
0.113
-0.06759454545454545
-0.13457272727272726
0.11505454545454545
-0.1631309090909091
-0.13190181818181818
0.1577890909090909
-0.04437818181818182
-0.0006163636363636364
0.10745272727272726
0.019107272727272726
0.13190181818181818
0.13457272727272726
0.04684363636363636
0.13806545454545455
0.07396363636363636
-0.02301090909090909
0.13929818181818182
0.07252545454545453
-0.06553999999999999
0.11752
0.12861454545454545
-0.06964909090909091
0.09964545454545454
0.10293272727272727
-0.09923454545454545
0.08259272727272728
0.001849090909090909
-0.08629090909090908
0.10231636363636364
-0.023216363636363632
-0.05341818181818182
0.14751636363636364
-0.041912727272727275
-0.0967690909090909
0.18573090909090906
0.00226
-0.06471818181818181
0.14012
-0.04314545454545454
0.028352727272727273
0.16991090909090908
-0.113
-0.06533454545454545
0.1257381818181818
-0.08259272727272728
-0.04807636363636364
0.1600490909090909
-0.034927272727272723
0.017463636363636362
0.18203272727272726
-0.011505454545454544
0.10108363636363636
0.16703454545454544
-0.050747272727272724
0.13868181818181818
0.06512909090909091
-0.18490909090909088
0.09286545454545453
-0.04458363636363636
-0.1713490909090909
0.17525272727272728
-0.011916363636363636
0.00862909090909091
0.2712
0.006574545454545454
0.06718363636363636
0.1645690909090909
-0.05896545454545454
0.037598181818181815
0.11690363636363636
-0.15203636363636364
-0.056705454545454545
0.09594727272727273
-0.14094181818181817
0.02486
0.13354545454545455
-0.048487272727272726
0.13683272727272727
0.18141636363636363
-0.05485636363636363
0.21326181818181816
0.1495709090909091
-0.11957454545454545
0.1865527272727273
-0.04458363636363636
-0.09204363636363636
0.1366272727272727
0.0034927272727272728
0.001849090909090909
0.07170363636363636
0.02342181818181818
-0.001438181818181818
0.1962090909090909
-0.0034927272727272728
0.08526363636363636
0.15635090909090907
-0.09142727272727272
0.07827818181818182
0.04129636363636364
0.005752727272727272
-0.021778181818181818
-0.04725454545454546
-0.09492
0.05465090909090909
0.02034
-0.06821090909090909
0.20360545454545456
0.06040363636363636
-0.03554363636363636
0.09265999999999999
0.15594
-0.09656363636363637
0.03246181818181818
0.02403818181818182
-0.15902181818181815
0.07232
-0.12902545454545453
0.025887272727272724
0.10190545454545454
-0.04972
0.1012890909090909
0.17093818181818182
-0.01808
-0.013354545454545456
0.22723272727272725
0.010683636363636364
-0.04869272727272727
0.07704545454545454
0.045610909090909084
-0.01725818181818182
0.056705454545454545
0.013765454545454546
-0.002876363636363636
0.05691090909090909
-0.04396727272727272
0.09923454545454545
0.015203636363636362
-0.07560727272727272
0.10601454545454544
0.03821454545454545
-0.11731454545454545
0.06882727272727272
0.0967690909090909
-0.07560727272727272
0.10046727272727272
0.05691090909090909
-0.010067272727272725
0.1419690909090909
0.1058090909090909
0.07992181818181819
0.1356
0.033694545454545456
0.06389636363636363
0.21346727272727273
-0.004314545454545455
-0.050747272727272724
0.02979090909090909
-0.09265999999999999
-0.03718727272727273
0.04602181818181818
0.0034927272727272728
0.04047454545454546
0.10950727272727273
0.03698181818181818
0.09307090909090908
0.1341618181818182
-0.02301090909090909
0.07807272727272727
0.034927272727272723
-0.2153163636363636
0.0470490909090909
-0.04314545454545454
-0.1676509090909091
0.19127818181818182
-0.0113
-0.0113
0.20175636363636362
0.09635818181818182
0.10622
0.10950727272727273
0.00226
0.08485272727272727
0.1727872727272727
-0.10848000000000001
0.015409090909090907
0.12121818181818181
-0.09224909090909092
0.07314181818181818
0.07149818181818181
-0.1216290909090909
0.03903636363636363
0.13046363636363634
0.011094545454545454
0.005136363636363636
-0.10211090909090909
0.05259636363636363
0.13539454545454546
-0.07704545454545454
-0.008218181818181819
0.06266363636363637
-0.04746
-0.0020545454545454547
0.1935381818181818
-0.09368727272727272
-0.02527090909090909
0.2142890909090909
-0.03554363636363636
0.1296418181818182
0.05691090909090909
-0.05526727272727273
0.20956363636363634
0.07108727272727272
-0.15388545454545455
0.012327272727272727
0.08300363636363636
0.0039036363636363635
0.10046727272727272
0.027941818181818182
-0.02116181818181818
0.12676545454545454
0.12861454545454545
-0.03883090909090909
0.08341454545454545
0.028763636363636363
-0.10416545454545453
0.07108727272727272
-0.07334727272727272
0.0020545454545454547
0.04787090909090909
-0.008423636363636364
0.08300363636363636
0.032667272727272725
0.005752727272727272
0.028763636363636363
0.1916890909090909
0.00862909090909091
-0.03698181818181818
0.16272
-0.03472181818181818
0.06821090909090909
0.18121090909090906
-0.038625454545454546
0.0727309090909091
0.033694545454545456
-0.16498
0.08177090909090909
-0.002876363636363636
-0.15203636363636364
0.14710545454545454
0.07889454545454545
-0.06410181818181818
0.16498
0.15963818181818182
0.016025454545454544
0.24736727272727274
0.06656727272727272
-0.08197636363636364
0.16477454545454545
-0.05896545454545454
-0.040063636363636364
0.1366272727272727
-0.11587636363636362
-0.1261490909090909
0.18018363636363635
-0.09697454545454545
-0.0447890909090909
0.20360545454545456
-0.16436363636363635
0.08382545454545455
0.10231636363636364
-0.08320909090909091
0.14299636363636362
0.06821090909090909
-0.02691454545454545
0.1088909090909091
0.0628690909090909
-0.1374490909090909
0.13621636363636364
0.10046727272727272
-0.09142727272727272
0.12491636363636363
0.03143454545454545
0.02342181818181818
0.2120290909090909
0.02218909090909091
-0.02075090909090909
0.15676181818181817
-0.08362
0.00452
0.12820363636363635
-0.16025454545454546
0.002670909090909091
0.11053454545454545
-0.09245454545454544
0.00041090909090909085
0.15922727272727272
0.030818181818181814
0.1088909090909091
0.12019090909090908
-0.10005636363636364
0.06862181818181817
-0.012121818181818182
-0.08074363636363636
0.09841272727272728
-0.10601454545454544
-0.07437454545454546
0.06512909090909091
-0.01171090909090909
0.05115818181818182
0.13107999999999997
0.05855454545454545
0.05115818181818182
0.17648545454545456
0.008834545454545454
-0.007601818181818181
0.22250727272727272
0.04663818181818182
-0.0067800000000000004
0.06410181818181818
-0.06882727272727272
0.06143090909090909
0.03020181818181818
-0.07067636363636363
0.16498
0.031639999999999995
-0.05198
0.15676181818181817
0.08998909090909091
-0.02239454545454545
0.11916363636363636
0.15758363636363634
-0.11382181818181818
0.04150181818181818
0.12635454545454544
-0.12532727272727273
0.06327999999999999
0.01725818181818182
-0.09224909090909092
0.1325181818181818
-0.00904
0.0024654545454545454
0.16272
-0.07560727272727272
-0.029585454545454543
0.13272363636363635
-0.05259636363636363
-0.04910363636363636
0.12882
-0.010889090909090909
-0.01849090909090909
0.12902545454545453
-0.019518181818181816
0.10806909090909089
0.17032181818181816
-0.06533454545454545
0.12121818181818181
0.11649272727272726
-0.09985090909090909
0.08320909090909091
0.025065454545454544
-0.13272363636363635
0.1216290909090909
0.053212727272727266
-0.16621272727272726
0.05115818181818182
0.05814363636363636
-0.04232363636363636
0.05711636363636363
-0.028558181818181816
0.0010272727272727274
0.15614545454545453
0.003287272727272727
-0.0041090909090909095
0.18593636363636362
-0.03718727272727273
-0.04951454545454545
0.2023727272727273
-0.09307090909090908
-0.04684363636363636
0.21757636363636362
0.0041090909090909095
0.1076581818181818
0.08320909090909091
0.023216363636363632
0.22250727272727272
0.028969090909090906
-0.0008218181818181817
0.05526727272727273
0.00945090909090909
-0.010478181818181819
0.06718363636363636
0.05444545454545455
-0.13087454545454547
0.11772545454545454
0.09101636363636363
0.01171090909090909
0.22723272727272725
0.08855090909090908
0.06307454545454545
0.1411472727272727
-0.005958181818181818
-0.014176363636363636
-0.009861818181818182
-0.03985818181818182
0.039241818181818176
-0.11464363636363636
-0.07889454545454545
0.05259636363636363
0.014587272727272727
0.01849090909090909
0.04294
0.05198
-0.02218909090909091
0.1314909090909091
0.09923454545454545
0.02444909090909091
0.10046727272727272
0.02034
0.03636545454545455
0.03205090909090909
-0.009245454545454545
0.036776363636363635
0.15183090909090907
-0.0805381818181818
-0.0940981818181818
0.14094181818181817
-0.04746
0.008423636363636364
0.10930181818181818
-0.02670909090909091
-0.015203636363636362
0.09964545454545454
0.043350909090909086
-0.027120000000000002
0.0538290909090909
0.01808
-0.010067272727272725
0.04725454545454546
-0.07663454545454546
0.03821454545454545
0.15121454545454543
-0.04910363636363636
0.10211090909090909
0.019518181818181816
-0.10375454545454545
0.0805381818181818
0.07581272727272727
-0.00041090909090909085
0.001438181818181818
0.12224545454545453
0.0764290909090909
0.09533090909090909
0.07396363636363636
0.05793818181818181
0.25373636363636365
0.08341454545454545
-0.023832727272727273
0.13087454545454547
-0.04684363636363636
-0.05876
0.13888727272727272
-0.05855454545454545
-0.04232363636363636
0.11012363636363637
0.003698181818181818
0.059170909090909087
0.07458
-0.04746
0.01705272727272727
0.11341090909090909
-0.0447890909090909
0.020545454545454544
0.07458
-0.06348545454545454
0.13683272727272727
0.027325454545454545
-0.10519272727272726
0.12039636363636362
0.04869272727272727
-0.021778181818181818
0.14217454545454544
0.04437818181818182
-0.02979090909090909
0.14710545454545454
0.033694545454545456
-0.02527090909090909
0.046432727272727264
-0.06369090909090909
0.020956363636363638
0.12203999999999998
-0.12984727272727273
0.031639999999999995
0.17032181818181816
-0.10457636363636363
0.07909999999999999
0.10231636363636364
-0.0008218181818181817
0.10930181818181818
0.13395636363636362
-0.003698181818181818
-0.03246181818181818
0.04930909090909091
-0.10252181818181817
0.012532727272727272
-0.00945090909090909
-0.08875636363636363
0.11854727272727272
0.040063636363636364
0.05013090909090909
0.19189454545454546
0.0727309090909091
0.0447890909090909
0.11546545454545454
-0.019723636363636363
0.032872727272727276
0.06430727272727273
-0.027736363636363635
-0.00862909090909091
0.06882727272727272
-0.05177454545454545
-0.04211818181818182
0.1826490909090909
-0.041707272727272725
0.1325181818181818
0.13087454545454547
-0.07930545454545455
0.10108363636363636
0.07293636363636363
-0.00041090909090909085
0.043556363636363636
0.12224545454545453
-0.05362363636363636
0.07149818181818181
0.06533454545454545
-0.044994545454545454
0.10190545454545454
-0.034927272727272723
-0.03410545454545454
0.09944
-0.10026181818181817
-0.09307090909090908
0.14484545454545456
-0.15573454545454543
-0.020545454545454544
0.12142363636363637
-0.07971636363636364
0.0226
0.09450909090909092
0.12265636363636362
0.07355272727272727
0.17854
0.05485636363636363
0.17648545454545456
0.042529090909090905
-0.14422909090909092
0.2726381818181818
-0.01623090909090909
-0.19559272727272728
0.05773272727272727
-0.002876363636363636
-0.18901818181818184
0.05958181818181818
0.10046727272727272
-0.0470490909090909
0.11423272727272726
0.02342181818181818
0.03965272727272728
0.1370381818181818
-0.03965272727272728
-0.10539818181818181
0.18429272727272727
-0.12019090909090908
-0.10478181818181817
0.16929454545454545
-0.09492
0.13272363636363635
0.16292545454545454
0.050747272727272724
0.06389636363636363
0.16148727272727273
0.08259272727272728
0.060609090909090904
0.09307090909090908
-0.013354545454545456
0.18901818181818184
0.03225636363636363
-0.05362363636363636
0.05259636363636363
0.022805454545454542
0.014381818181818181
0.13190181818181818
-0.030818181818181814
-0.08259272727272728
0.11443818181818181
-0.04910363636363636
0.07355272727272727
0.030612727272727274
-0.06697818181818181
0.046432727272727264
0.09779636363636364
-0.015409090909090907
0.00226
0.061841818181818185
-0.1076581818181818
0.13991454545454546
0.038419999999999996
-0.030612727272727274
0.13005272727272726
0.05691090909090909
0.07088181818181817
0.09163272727272727
0.012943636363636362
-0.05485636363636363
0.12861454545454545
-0.0041090909090909095
-0.07807272727272727
0.04828181818181818
-0.030407272727272724
0.08218181818181818
0.14422909090909092
-0.06553999999999999
0.06718363636363636
0.16128181818181817
-0.0008218181818181817
0.08505818181818181
-0.04684363636363636
-0.05937636363636363
-0.006163636363636363
-0.04294
-0.008834545454545454
-0.04663818181818182
0.0565
-0.043556363636363636
0.08649636363636364
0.1631309090909091
-0.05855454545454545
0.13765454545454545
0.11916363636363636
-0.01808
0.17710181818181817
0.046432727272727264
-0.11135636363636363
0.11669818181818181
0.03328363636363636
-0.07540181818181818
0.03903636363636363
-0.0402690909090909
-0.041707272727272725
0.14566727272727273
0.12697090909090908
-0.0008218181818181817
0.1569672727272727
0.0764290909090909
0.01171090909090909
0.20730363636363636
-0.042529090909090905
-0.04828181818181818
0.15450181818181818
-0.06389636363636363
-0.04232363636363636
0.10211090909090909
-0.01992909090909091
0.06410181818181818
0.09923454545454545
-0.13272363636363635
0.027120000000000002
0.13005272727272726
-0.11752
0.033489090909090906
0.046432727272727264
-0.1727872727272727
0.10416545454545453
0.12799818181818182
-0.08752363636363636
0.10991818181818182
0.06841636363636364
-0.023832727272727273
0.15265272727272727
0.003287272727272727
0.04437818181818182
0.19333272727272727
-0.0039036363636363635
0.03533818181818182
0.17114363636363633
0.03472181818181818
0.007396363636363636
0.13991454545454546
-0.061841818181818185
-0.06903272727272727
0.059170909090909087
-0.10252181818181817
0.02157272727272727
0.045610909090909084
-0.07026545454545453
0.09471454545454545
0.11690363636363636
-0.0024654545454545454
0.15922727272727272
0.17874545454545454
-0.06677272727272728
0.04663818181818182
0.02218909090909091
-0.10868545454545453
0.05547272727272727
0.019312727272727273
-0.047665454545454546
0.06266363636363637
-0.02239454545454545
-0.04746
0.13231272727272728
0.043350909090909086
0.07252545454545453
0.13313454545454545
-0.05095272727272727
-0.011505454545454544
0.11690363636363636
0.06266363636363637
0.010683636363636364
0.07006
0.0020545454545454547
-0.008834545454545454
0.13642181818181817
-0.019518181818181816
-0.009245454545454545
0.13785999999999998
-0.06574545454545455
0.08341454545454545
0.05198
-0.1314909090909091
0.15819999999999998
0.05711636363636363
-0.12697090909090908
0.11402727272727273
0.03985818181818182
-0.14710545454545454
0.1012890909090909
0.04807636363636364
-0.08793454545454545
0.09430363636363637
0.10293272727272727
-0.03513272727272727
-0.0063690909090909084
0.03698181818181818
-0.01171090909090909
0.13642181818181817
-0.0786890909090909
-0.04150181818181818
0.2555854545454545
-0.09224909090909092
-0.001438181818181818
0.23565636363636364
0.04294
0.026298181818181814
0.15367999999999998
0.09471454545454545
0.03965272727272728
0.015614545454545454
-0.03944727272727273
0.1411472727272727
0.002876363636363636
-0.13868181818181818
0.15306363636363635
0.03451636363636364
-0.11731454545454545
0.17628
-0.010683636363636364
-0.08998909090909091
0.17545818181818182
-0.00020545454545454542
0.008423636363636364
0.06944363636363636
0.03780363636363636
0.08505818181818181
0.10046727272727272
-0.05362363636363636
-0.03533818181818182
0.1454618181818182
-0.11423272727272726
-0.007807272727272727
0.13909272727272726
-0.06307454545454545
0.11443818181818181
0.10848000000000001
-0.08238727272727273
0.12060181818181817
0.07930545454545455
0.012943636363636362
0.1532690909090909
-0.07190909090909091
-0.0565
0.08505818181818181
-0.028763636363636363
-0.007396363636363636
0.1148490909090909
0.0041090909090909095
0.011505454545454544
0.17956727272727271
-0.013560000000000001
0.05465090909090909
0.12306727272727273
-0.03513272727272727
-0.00945090909090909
-0.05033636363636364
-0.06369090909090909
-0.030612727272727274
-0.0226
-0.039241818181818176
0.005958181818181818
-0.03883090909090909
0.025476363636363634
0.18531999999999998
0.031023636363636364
0.013765454545454546
0.18922363636363634
0.08320909090909091
-0.014998181818181817
0.12512181818181817
0.03246181818181818
0.01623090909090909
0.09060545454545453
-0.028352727272727273
0.031229090909090908
0.07396363636363636
0.02486
0.060609090909090904
0.08279818181818181
-0.02938
0.01705272727272727
0.17196545454545456
-0.02075090909090909
-0.0402690909090909
0.12758727272727272
-0.03636545454545455
0.02034
0.12388909090909091
-0.02609272727272727
0.08115454545454545
0.09101636363636363
-0.05773272727272727
0.048487272727272726
0.04314545454545454
-0.009861818181818182
0.11793090909090909
-0.02342181818181818
-0.13354545454545455
0.06656727272727272
0.01849090909090909
-0.043350909090909086
0.13395636363636362
-0.01705272727272727
-0.012121818181818182
0.23709454545454545
0.019723636363636363
0.07766181818181818
0.18901818181818184
-0.02034
0.08136
0.06225272727272727
-0.20874181818181817
-0.07951090909090908
0.10190545454545454
-0.17689636363636363
0.01664181818181818
0.10478181818181817
-0.11341090909090909
0.1894290909090909
0.15121454545454543
0.025065454545454544
0.07458
0.043556363636363636
-0.011094545454545454
0.07047090909090908
-0.02116181818181818
-0.19888
0.08896181818181817
0.009656363636363637
-0.05814363636363636
0.12368363636363637
-0.0016436363636363634
0.06327999999999999
0.2562018181818182
0.00862909090909091
0.04787090909090909
0.17484181818181818
-0.10848000000000001
0.10334363636363636
0.041912727272727275
-0.10457636363636363
0.00945090909090909
0.040063636363636364
0.07909999999999999
0.025065454545454544
0.10971272727272725
0.024243636363636363
0.20319454545454546
0.14094181818181817
-0.08279818181818181
0.14505090909090906
-0.0039036363636363635
-0.01849090909090909
0.11834181818181817
-0.09286545454545453
-0.054034545454545446
0.029585454545454543
-0.033694545454545456
0.045816363636363634
0.010683636363636364
0.027941818181818182
0.1148490909090909
0.17792363636363634
0.04109090909090909
0.08300363636363636
0.12882
-0.12224545454545453
0.12450545454545454
-0.001849090909090909
-0.1676509090909091
0.05999272727272727
-0.013560000000000001
-0.022805454545454542
0.015409090909090907
0.051569090909090905
0.04376181818181818
0.12142363636363637
0.09656363636363637
-0.04232363636363636
0.07745636363636363
0.10827454545454546
-0.05465090909090909
0.05444545454545455
0.00226
-0.15881636363636362
0.11546545454545454
0.007190909090909091
-0.07725090909090909
0.043350909090909086
-0.058349090909090906
-0.019518181818181816
0.09718
-0.014381818181818181
-0.02609272727272727
0.12101272727272726
-0.08711272727272727
0.005136363636363636
0.11464363636363636
-0.012121818181818182
0.04663818181818182
0.07601818181818182
-0.0030818181818181817
0.10991818181818182
0.28702
0.029174545454545453
0.1088909090909091
0.1871690909090909
-0.06903272727272727
0.12697090909090908
0.12512181818181817
-0.15039272727272726
0.05280181818181818
-0.028147272727272726
-0.22086363636363635
0.09471454545454545
-0.01664181818181818
-0.05136363636363636
0.15039272727272726
0.04129636363636364
-0.02301090909090909
0.17895090909090908
0.14710545454545454
-0.05300727272727272
0.1397090909090909
-0.06697818181818181
-0.10005636363636364
0.0628690909090909
-0.10601454545454544
0.0678
0.09368727272727272
-0.005136363636363636
0.16251454545454544
0.1723763636363636
-0.032872727272727276
0.13313454545454545
0.22456181818181817
-0.05773272727272727
0.09081090909090908
0.0940981818181818
-0.1415581818181818
0.10724727272727272
0.025887272727272724
-0.08711272727272727
0.10930181818181818
-0.1076581818181818
0.018696363636363636
0.12450545454545454
-0.10313818181818181
0.06656727272727272
0.11752
-0.025887272727272724
-0.08670181818181817
0.09307090909090908
0.07375818181818182
-0.04828181818181818
0.028558181818181816
-0.113
0.01766909090909091
0.03739272727272727
-0.04602181818181818
0.16128181818181817
0.034310909090909086
-0.012532727272727272
0.2120290909090909
0.07108727272727272
-0.04540545454545454
0.10005636363636364
0.06944363636363636
0.011094545454545454
0.02979090909090909
-0.008218181818181819
0.0069854545454545456
0.09430363636363637
-0.05691090909090909
0.04889818181818182
0.16189818181818183
-0.1261490909090909
0.08279818181818181
0.19415454545454544
-0.1076581818181818
-0.09163272727272727
0.06882727272727272
-0.025887272727272724
-0.02670909090909091
0.04232363636363636
-0.019518181818181816
0.08136
0.06471818181818181
0.07047090909090908
0.10396
0.06574545454545455
-0.015203636363636362
0.09265999999999999
0.1397090909090909
-0.12388909090909091
0.12429999999999998
0.12799818181818182
-0.09800181818181818
0.08197636363636364
-0.04746
-0.11197272727272727
0.10683636363636365
0.01171090909090909
-0.0039036363636363635
0.14217454545454544
0.005958181818181818
0.028969090909090906
0.18162181818181816
0.08156545454545455
0.07971636363636364
0.15614545454545453
-0.04828181818181818
0.04930909090909091
0.061841818181818185
-0.1088909090909091
0.09307090909090908
0.028147272727272726
-0.08608545454545455
-0.07129272727272727
-0.005341818181818182
-0.009861818181818182
0.113
0.058349090909090906
-0.13025818181818183
0.16580181818181816
0.04294
-0.05526727272727273
0.21634363636363635
0.045816363636363634
-0.08156545454545455
0.14217454545454544
-0.020545454545454544
-0.015614545454545454
0.20648181818181818
-0.00862909090909091
0.113
0.12060181818181817
-0.08711272727272727
0.14176363636363634
0.07992181818181819
-0.10211090909090909
0.0904
-0.03739272727272727
-0.09841272727272728
0.12265636363636362
-0.00862909090909091
-0.049925454545454544
-0.0016436363636363634
0.02362727272727273
0.08649636363636364
0.13724363636363635
0.07088181818181817
0.014176363636363636
0.20072909090909088
-0.05526727272727273
-0.11053454545454545
0.15635090909090907
-0.12101272727272726
-0.11197272727272727
0.10149454545454545
-0.12265636363636362
-0.06327999999999999
0.12799818181818182
0.024654545454545453
0.1012890909090909
0.05814363636363636
-0.05259636363636363
0.07232
0.10478181818181817
-0.00041090909090909085
0.038625454545454546
0.08177090909090909
-0.04787090909090909
-0.0020545454545454547
0.045610909090909084
0.027736363636363635
0.1193690909090909
0.08855090909090908
-0.003287272727272727
0.10272727272727272
0.03739272727272727
-0.040885454545454544
0.15203636363636364
0.07930545454545455
-0.02403818181818182
0.10067272727272727
-0.00904
-0.10046727272727272
0.15059818181818183
-0.003698181818181818
-0.11793090909090909
0.1397090909090909
0.02342181818181818
-0.0010272727272727274
0.09820727272727273
0.04232363636363636
0.09307090909090908
0.0764290909090909
-0.08526363636363636
0.08916727272727272
0.11443818181818181
-0.059787272727272724
0.09163272727272727
0.055678181818181814
-0.0113
0.012327272727272727
0.10806909090909089
0.05259636363636363
0.06204727272727273
0.16498
-0.030818181818181814
0.04725454545454546
-0.004930909090909091
-0.049925454545454544
0.11752
-0.1076581818181818
-0.0678
0.21860363636363636
-0.08834545454545455
-0.08403090909090909
0.19826363636363634
-0.04725454545454546
-0.00904
0.04047454545454546
-0.05218545454545454
0.05259636363636363
0.06656727272727272
-0.034310909090909086
0.012738181818181817
0.047665454545454546
-0.1321072727272727
0.060609090909090904
0.14525636363636363
-0.050747272727272724
0.05300727272727272
0.10704181818181817
0.012532727272727272
0.11957454545454545
0.12882
0.0010272727272727274
0.08012727272727273
-0.014176363636363636
0.02670909090909091
0.04889818181818182
-0.1076581818181818
0.07232
0.09923454545454545
-0.09759090909090909
-0.010683636363636364
0.17545818181818182
0.05013090909090909
0.08156545454545455
0.19251090909090907
0.007190909090909091
0.011094545454545454
0.02075090909090909
-0.07375818181818182
0.04396727272727272
-0.03513272727272727
-0.059170909090909087
0.1088909090909091
-0.07704545454545454
-0.011094545454545454
0.19189454545454546
0.05465090909090909
0.031229090909090908
0.12450545454545454
0.08012727272727273
0.002670909090909091
0.06430727272727273
0.028558181818181816
0.055883636363636364
0.09738545454545454
-0.052390909090909085
0.013149090909090907
0.08362
0.00904
0.07766181818181818
0.060609090909090904
-0.06697818181818181
0.011916363636363636
0.04828181818181818
-0.10827454545454546
-0.043556363636363636
0.11423272727272726
0.011505454545454544
0.05773272727272727
0.06307454545454545
-0.04787090909090909
0.09985090909090909
0.06656727272727272
-0.029585454545454543
0.048487272727272726
0.04684363636363636
-0.05876
0.05177454545454545
-0.012532727272727272
-0.15532363636363636
0.09841272727272728
-0.03800909090909091
-0.08896181818181817
0.15881636363636362
0.0
-0.001438181818181818
0.2296981818181818
0.02157272727272727
0.04232363636363636
0.2572290909090909
-0.02486
0.1356
0.1808
-0.15799454545454544
0.01890181818181818
0.057527272727272726
-0.10231636363636364
0.024243636363636363
0.03472181818181818
-0.06225272727272727
0.12409454545454546
0.05547272727272727
-0.01808
0.16477454545454545
-0.02486
-0.08670181818181817
0.1894290909090909
0.014587272727272727
-0.08464727272727272
0.2255890909090909
0.00041090909090909085
-0.039241818181818176
0.11567090909090909
-0.010067272727272725
0.12532727272727273
0.10827454545454546
-0.00020545454545454542
0.09471454545454545
0.1088909090909091
-0.1479272727272727
0.05896545454545454
0.17689636363636363
-0.19312727272727273
0.06081454545454545
0.07745636363636363
-0.13642181818181817
0.05033636363636364
0.12902545454545453
0.010478181818181819
0.015409090909090907
0.06410181818181818
0.038625454545454546
0.11834181818181817
0.005958181818181818
0.043556363636363636
0.13025818181818183
-0.05362363636363636
-0.08896181818181817
-0.005136363636363636
-0.0990290909090909
-0.11587636363636362
0.05526727272727273
-0.019518181818181816
0.019107272727272726
0.07108727272727272
0.04787090909090909
0.21141272727272728
0.0904
0.005752727272727272
0.09923454545454545
0.05115818181818182
-0.012738181818181817
0.0041090909090909095
-0.02013454545454545
-0.08259272727272728
0.07026545454545453
0.09759090909090909
-0.06307454545454545
0.07375818181818182
0.1766909090909091
0.015614545454545454
0.05547272727272727
0.05999272727272727
0.02342181818181818
0.08423636363636364
-0.01705272727272727
0.06574545454545455
0.07909999999999999
-0.005752727272727272
0.07314181818181818
0.04910363636363636
0.0041090909090909095
-0.03698181818181818
0.08341454545454545
0.034927272727272723
-0.0918381818181818
0.03307818181818182
-0.031229090909090908
-0.013354545454545456
0.05958181818181818
-0.005136363636363636
0.056705454545454545
0.04417272727272727
-0.004314545454545455
0.22723272727272725
0.10375454545454545
0.006574545454545454
0.2642145454545454
0.02527090909090909
-0.018696363636363636
0.13107999999999997
0.06204727272727273
-0.07971636363636364
-0.09142727272727272
-0.028558181818181816
-0.18490909090909088
-0.030407272727272724
-0.024243636363636363
-0.07314181818181818
0.1532690909090909
-0.019723636363636363
0.0006163636363636364
0.24038181818181817
-0.028969090909090906
0.029174545454545453
0.21408363636363634
-0.14053090909090907
-0.050747272727272724
0.028352727272727273
-0.10416545454545453
0.053212727272727266
-0.03205090909090909
0.02362727272727273
0.21757636363636362
0.07560727272727272
0.031023636363636364
0.1865527272727273
0.06451272727272726
-0.02979090909090909
0.17196545454545456
0.03800909090909091
-0.12697090909090908
0.10724727272727272
0.0918381818181818
-0.012943636363636362
0.10231636363636364
-0.014998181818181817
0.057527272727272726
0.08875636363636363
-0.12553272727272727
0.08279818181818181
0.07601818181818182
-0.113
0.032667272727272725
0.08896181818181817
-0.003287272727272727
0.042734545454545456
0.0918381818181818
0.033694545454545456
-0.015614545454545454
-0.009861818181818182
0.0764290909090909
0.10663090909090908
0.028558181818181816
-0.0041090909090909095
0.10416545454545453
0.010272727272727272
0.044994545454545454
0.18490909090909088
-0.05485636363636363
-0.01890181818181818
0.03246181818181818
-0.025476363636363634
0.02362727272727273
-0.005341818181818182
0.05855454545454545
0.02198363636363636
0.08136
-0.010067272727272725
0.008834545454545454
0.19292181818181817
-0.07314181818181818
0.028147272727272726
0.026298181818181814
-0.12779272727272725
0.032872727272727276
0.013149090909090907
-0.02444909090909091
0.0039036363636363635
0.06903272727272727
-0.004725454545454545
0.08300363636363636
0.051569090909090905
-0.06862181818181817
0.1171090909090909
0.07581272727272727
-0.003698181818181818
0.15080363636363636
0.007807272727272727
-0.06923818181818181
0.2116181818181818
-0.05485636363636363
-0.07088181818181817
0.11895818181818181
-0.05773272727272727
0.012738181818181817
0.09635818181818182
0.00945090909090909
0.05259636363636363
0.20031818181818178
-0.004314545454545455
0.07047090909090908
0.15984363636363638
-0.06389636363636363
0.09574181818181818
0.12368363636363637
-0.08752363636363636
0.05177454545454545
0.059170909090909087
-0.15142
0.12142363636363637
-0.0470490909090909
-0.1766909090909091
0.1744309090909091
-0.07786727272727272
-0.09286545454545453
0.1608709090909091
0.031845454545454545
-0.011094545454545454
0.2052490909090909
0.02486
-0.02034
0.22374
-0.05773272727272727
0.005752727272727272
0.16148727272727273
-0.07293636363636363
0.14094181818181817
0.21675454545454545
-0.1193690909090909
0.1224509090909091
0.13128545454545454
-0.12902545454545453
0.09307090909090908
-0.00452
-0.10539818181818181
-0.0020545454545454547
0.0010272727272727274
-0.034310909090909086
0.03513272727272727
0.010889090909090909
-0.001849090909090909
0.17525272727272728
0.02034
0.05773272727272727
0.24161454545454544
0.04663818181818182
-0.01992909090909091
0.10231636363636364
-0.1370381818181818
-0.07971636363636364
0.08896181818181817
-0.16292545454545454
-0.02650363636363636
-0.027120000000000002
-0.04807636363636364
0.15655636363636363
0.08649636363636364
0.031845454545454545
0.1573781818181818
0.09697454545454545
0.031845454545454545
0.1337509090909091
0.02218909090909091
0.004930909090909091
0.08177090909090909
-0.01705272727272727
-0.11505454545454545
0.1314909090909091
0.03800909090909091
-0.04294
0.16703454545454544
-0.08834545454545455
0.05732181818181818
0.12039636363636362
-0.06985454545454545
0.029585454545454543
0.07745636363636363
-0.045610909090909084
0.014381818181818181
0.12799818181818182
-0.12080727272727272
0.04417272727272727
0.14012
-0.07663454545454546
0.0538290909090909
0.11546545454545454
-0.06101999999999999
0.15203636363636364
0.07437454545454546
-0.1744309090909091
0.17792363636363634
-0.019312727272727273
-0.12820363636363635
0.14710545454545454
0.05814363636363636
-0.0678
0.10642545454545453
0.12039636363636362
-0.025887272727272724
0.22353454545454546
0.08074363636363636
0.038419999999999996
0.15984363636363638
-0.09307090909090908
-0.0452
0.07827818181818182
-0.09348181818181817
-0.08300363636363636
0.13395636363636362
-0.1415581818181818
-0.041912727272727275
0.2449018181818182
-0.04109090909090909
0.03903636363636363
0.15347454545454545
0.007190909090909091
0.08320909090909091
0.05485636363636363
-0.011505454545454544
0.20134545454545455
0.0
-0.12717636363636362
0.12655999999999998
0.010067272727272725
-0.05732181818181818
0.1370381818181818
0.05711636363636363
-0.06327999999999999
0.1555290909090909
0.038625454545454546
0.025065454545454544
0.13724363636363635
-0.019107272727272726
0.04437818181818182
-0.0034927272727272728
-0.03554363636363636
0.059170909090909087
0.08094909090909091
-0.05711636363636363
0.056705454545454545
0.10211090909090909
-0.10848000000000001
0.17422545454545454
0.13539454545454546
-0.03225636363636363
0.1374490909090909
-0.012121818181818182
-0.05896545454545454
0.06163636363636363
-0.12409454545454546
-0.06327999999999999
0.02444909090909091
-0.1314909090909091
0.003287272727272727
0.10272727272727272
0.06204727272727273
0.08136
0.2023727272727273
0.044994545454545454
-0.02157272727272727
0.18141636363636363
0.004314545454545455
0.042529090909090905
0.061841818181818185
-0.11074
0.019723636363636363
0.0226
-0.00862909090909091
0.07889454545454545
0.08937272727272727
0.05115818181818182
0.028969090909090906
0.048487272727272726
0.0113
0.002876363636363636
0.04622727272727272
0.002876363636363636
0.019312727272727273
0.012532727272727272
0.008218181818181819
0.13046363636363634
0.05115818181818182
-0.04540545454545454
0.05937636363636363
-0.013560000000000001
0.04458363636363636
0.18758
-0.05547272727272727
0.030407272727272724
0.06595090909090909
-0.057527272727272726
0.05198
0.043556363636363636
0.02568181818181818
-0.010478181818181819
0.1871690909090909
0.041707272727272725
0.027120000000000002
0.26483090909090906
0.06964909090909091
0.17730727272727273
0.035954545454545454
-0.13231272727272728
0.07848363636363635
-0.03883090909090909
-0.16046
-0.03533818181818182
-0.032872727272727276
-0.1296418181818182
0.03739272727272727
0.1337509090909091
0.02116181818181818
0.12019090909090908
0.10724727272727272
0.02650363636363636
0.11402727272727273
-0.06101999999999999
-0.009656363636363637
0.12368363636363637
-0.1586109090909091
-0.045816363636363634
0.08382545454545455
-0.13334
0.10560363636363636
0.24572363636363637
-0.07149818181818181
0.0805381818181818
0.17648545454545456
0.05629454545454545
0.09122181818181817
-0.013560000000000001
-0.041707272727272725
-0.025887272727272724
-0.02034
-0.14772181818181818
0.05198
0.050747272727272724
-0.12347818181818182
0.22209636363636362
0.09307090909090908
-0.016847272727272728
0.17710181818181817
0.08937272727272727
0.05300727272727272
0.11012363636363637
-0.01890181818181818
0.0063690909090909084
0.04068
-0.013560000000000001
-0.02938
-0.054034545454545446
0.01766909090909091
0.010067272727272725
0.13457272727272726
0.012327272727272727
0.10930181818181818
0.18244363636363634
-0.07663454545454546
0.15265272727272727
0.05300727272727272
-0.07766181818181818
0.07478545454545454
0.028763636363636363
-0.07458
0.03985818181818182
0.02116181818181818
0.02486
0.16518545454545455
0.05629454545454545
0.11567090909090909
0.12450545454545454
0.10622
-0.05444545454545455
0.1469
0.009656363636363637
-0.2194254545454545
0.1686781818181818
-0.1577890909090909
-0.02013454545454545
0.06040363636363636
-0.09923454545454545
0.08526363636363636
0.00862909090909091
-0.08177090909090909
0.007807272727272727
0.1631309090909091
-0.11402727272727273
0.06369090909090909
0.09019454545454544
-0.14422909090909092
0.08423636363636364
0.11608181818181817
0.011505454545454544
0.05526727272727273
0.05773272727272727
0.046432727272727264
0.2720218181818182
-0.03903636363636363
-0.008423636363636364
0.20833090909090907
-0.06327999999999999
0.02403818181818182
0.1419690909090909
-0.10396
-0.1608709090909091
0.16744545454545454
-0.12142363636363637
-0.10046727272727272
0.08382545454545455
-0.04129636363636364
0.11567090909090909
0.09307090909090908
-0.008012727272727272
0.08362
0.18573090909090906
-0.05218545454545454
0.11320545454545454
0.03944727272727273
-0.22641090909090908
0.08362
0.02116181818181818
-0.03657090909090909
0.1321072727272727
0.09224909090909092
0.07581272727272727
0.21120727272727272
0.054034545454545446
0.04437818181818182
0.21018
0.007396363636363636
0.014587272727272727
0.05711636363636363
-0.07149818181818181
-0.020956363636363638
0.10437090909090908
-0.021778181818181818
0.0628690909090909
0.10930181818181818
-0.10519272727272726
0.07683999999999999
0.05608909090909091
-0.06163636363636363
0.02650363636363636
0.0030818181818181817
-0.04622727272727272
0.022805454545454542
0.041912727272727275
-0.007601818181818181
0.0918381818181818
-0.04622727272727272
-0.08567454545454545
0.12532727272727273
0.002876363636363636
0.038419999999999996
0.13539454545454546
-0.06101999999999999
0.17792363636363634
0.16724
-0.05013090909090909
0.13087454545454547
0.013149090909090907
0.007807272727272727
0.06410181818181818
-0.03739272727272727
-0.10478181818181817
0.019107272727272726
0.04930909090909091
-0.07807272727272727
0.1306690909090909
0.07786727272727272
-0.04787090909090909
0.13169636363636364
0.09368727272727272
-0.10704181818181817
0.0067800000000000004
-0.02362727272727273
-0.049925454545454544
0.15265272727272727
-0.04232363636363636
0.04129636363636364
0.17689636363636363
0.031845454545454545
0.08896181818181817
0.0727309090909091
-0.01705272727272727
0.05732181818181818
0.11402727272727273
-0.09307090909090908
-0.07047090909090908
0.07088181818181817
-0.0041090909090909095
-0.016847272727272728
0.05198
-0.04910363636363636
0.009245454545454545
0.1555290909090909
-0.050747272727272724
0.17895090909090908
0.16025454545454546
-0.061841818181818185
0.19086727272727272
0.10560363636363636
-0.019518181818181816
0.0402690909090909
0.07848363636363635
-0.0749909090909091
-0.046432727272727264
-0.005136363636363636
-0.09512545454545453
0.12203999999999998
-0.03328363636363636
-0.07293636363636363
0.14237999999999998
-0.06471818181818181
-0.05198
0.15532363636363636
-0.017874545454545452
-0.06533454545454545
0.1360109090909091
0.005958181818181818
0.07149818181818181
0.11012363636363637
0.012327272727272727
0.12121818181818181
0.08526363636363636
0.028763636363636363
0.062458181818181815
0.17895090909090908
-0.08094909090909091
0.059170909090909087
0.16251454545454544
-0.17052727272727272
0.17936181818181818
0.05896545454545454
-0.06964909090909091
0.1314909090909091
-0.054240000000000003
0.03533818181818182
0.06821090909090909
-0.060609090909090904
0.05341818181818182
0.019107272727272726
-0.03328363636363636
0.1171090909090909
0.08136
0.046432727272727264
0.05999272727272727
0.11156181818181818
-0.043556363636363636
-0.06081454545454545
0.08814
-0.16046
-0.028969090909090906
0.028147272727272726
-0.07334727272727272
0.050747272727272724
0.012532727272727272
0.10046727272727272
0.10334363636363636
0.014381818181818181
0.04417272727272727
0.10930181818181818
0.020956363636363638
-0.06512909090909091
0.06574545454545455
0.027120000000000002
-0.02979090909090909
0.06882727272727272
0.05608909090909091
0.012121818181818182
0.04663818181818182
0.02568181818181818
0.031845454545454545
0.029996363636363634
-0.04211818181818182
-0.0069854545454545456
0.040063636363636364
-0.05300727272727272
-0.01171090909090909
0.10806909090909089
-0.08136
0.012327272727272727
0.14340727272727272
-0.10601454545454544
0.0764290909090909
0.12738181818181818
-0.030407272727272724
0.15450181818181818
0.03307818181818182
-0.03246181818181818
0.23257454545454545
0.06718363636363636
-0.06327999999999999
0.1865527272727273
0.02403818181818182
-0.11074
0.1454618181818182
0.029585454545454543
-0.07601818181818182
0.12327272727272726
0.03225636363636363
0.02486
0.16292545454545454
-0.014176363636363636
0.011916363636363636
0.11156181818181818
-0.09368727272727272
0.07560727272727272
0.1292309090909091
-0.15635090909090907
0.12861454545454545
0.12203999999999998
-0.1374490909090909
0.15388545454545455
0.08752363636363636
-0.1171090909090909
0.11587636363636362
0.05218545454545454
-0.06882727272727272
0.10971272727272725
-0.05115818181818182
-0.08793454545454545
0.13683272727272727
-0.07663454545454546
-0.07047090909090908
0.20648181818181818
-0.0678
-0.06821090909090909
0.23216363636363635
-0.05198
-0.001849090909090909
0.24428545454545453
-0.034927272727272723
0.0
0.08670181818181817
-0.09265999999999999
0.03554363636363636
0.018285454545454546
-0.1713490909090909
0.051569090909090905
0.13107999999999997
-0.07519636363636363
0.12635454545454544
0.14176363636363634
-0.00226
0.17176
0.031229090909090908
-0.04047454545454546
0.05999272727272727
-0.08259272727272728
-0.058349090909090906
0.011505454545454544
-0.1321072727272727
-0.032667272727272725
0.1337509090909091
-0.07355272727272727
0.06738909090909091
0.27099454545454543
0.001849090909090909
0.17319818181818183
0.1676509090909091
-0.12368363636363637
0.1125890909090909
0.09594727272727273
-0.04047454545454546
0.0805381818181818
0.006574545454545454
0.0006163636363636364
0.16641818181818183
0.02362727272727273
-0.04396727272727272
0.15614545454545453
0.04417272727272727
-0.07108727272727272
0.027120000000000002
-0.06718363636363636
-0.10991818181818182
0.1723763636363636
0.060609090909090904
-0.09944
0.17771818181818183
0.01171090909090909
0.042529090909090905
0.16744545454545454
-0.06677272727272728
0.012532727272727272
0.09245454545454544
-0.03883090909090909
-0.04930909090909091
0.05999272727272727
-0.11690363636363636
0.0006163636363636364
0.13128545454545454
-0.1224509090909091
0.04746
0.12019090909090908
-0.015819999999999997
0.19477090909090908
0.13683272727272727
-0.013970909090909091
0.19826363636363634
0.1125890909090909
-0.029996363636363634
0.03965272727272728
-0.038419999999999996
-0.15655636363636363
-0.012121818181818182
0.003698181818181818
-0.1676509090909091
0.09101636363636363
0.055678181818181814
-0.033694545454545456
0.2342181818181818
0.002876363636363636
0.006574545454545454
0.2525036363636364
-0.0024654545454545454
-0.05855454545454545
0.09265999999999999
-0.09348181818181817
-0.054240000000000003
0.0990290909090909
-0.021778181818181818
0.05526727272727273
0.09327636363636364
0.10272727272727272
0.18059454545454545
0.06348545454545454
0.012532727272727272
0.12799818181818182
-0.002670909090909091
-0.09964545454545454
0.07786727272727272
-0.07314181818181818
-0.06677272727272728
0.11546545454545454
-0.059170909090909087
0.02486
0.1247109090909091
0.015819999999999997
0.15450181818181818
0.17093818181818182
-0.04150181818181818
0.052390909090909085
0.15059818181818183
-0.06471818181818181
0.02075090909090909
0.02486
-0.14751636363636364
-0.007601818181818181
-0.06985454545454545
-0.030407272727272724
0.0904
-0.02527090909090909
0.04807636363636364
0.13827090909090908
0.08218181818181818
0.07314181818181818
0.15080363636363636
0.02568181818181818
-0.002670909090909091
0.053212727272727266
-0.12902545454545453
-0.04294
0.04417272727272727
-0.06656727272727272
-0.00041090909090909085
0.05999272727272727
0.022805454545454542
0.11217818181818182
0.1727872727272727
0.05115818181818182
0.04869272727272727
0.09800181818181818
-0.05341818181818182
-0.013354545454545456
0.059170909090909087
-0.12717636363636362
0.038625454545454546
0.06019818181818181
-0.12779272727272725
0.13231272727272728
0.11279454545454545
-0.11341090909090909
0.05259636363636363
0.1360109090909091
-0.03451636363636364
-0.035954545454545454
0.03636545454545455
0.042734545454545456
0.09697454545454545
0.04211818181818182
-0.005136363636363636
0.1356
0.07047090909090908
0.05547272727272727
0.2654472727272727
0.059787272727272724
0.005136363636363636
0.17525272727272728
-0.003287272727272727
0.03636545454545455
0.10005636363636364
-0.17340363636363634
-0.06430727272727273
0.012327272727272727
-0.20442727272727274
-0.027941818181818182
0.03883090909090909
-0.04869272727272727
0.1296418181818182
0.14012
-0.03451636363636364
0.14012
0.18223818181818183
0.017874545454545452
0.10026181818181817
-0.045610909090909084
-0.14628363636363637
0.02568181818181818
-0.04828181818181818
-0.12676545454545454
0.10745272727272726
0.04211818181818182
0.019312727272727273
0.24716181818181818
0.04930909090909091
0.09841272727272728
0.16210363636363637
0.014998181818181817
0.10786363636363637
-0.00452
-0.07232
0.07478545454545454
0.038419999999999996
-0.10231636363636364
0.08464727272727272
0.05177454545454545
-0.06964909090909091
0.1586109090909091
-0.04663818181818182
-0.06697818181818181
0.07581272727272727
-0.10991818181818182
0.00452
0.08423636363636364
-0.04458363636363636
0.0024654545454545454
0.11279454545454545
0.011094545454545454
0.03821454545454545
0.11320545454545454
-0.011505454545454544
0.17566363636363633
0.17155454545454543
-0.059787272727272724
0.11176727272727273
0.14073636363636363
-0.012327272727272727
0.04787090909090909
-0.038419999999999996
-0.07519636363636363
0.06656727272727272
-0.010067272727272725
-0.030612727272727274
0.030612727272727274
0.03616
0.04376181818181818
0.17874545454545454
0.057527272727272726
-0.07848363636363635
0.1292309090909091
0.0012327272727272727
-0.02239454545454545
0.02444909090909091
-0.11423272727272726
-0.02486
0.08505818181818181
-0.04109090909090909
-0.013765454545454546
0.18203272727272726
0.015203636363636362
0.06903272727272727
0.1454618181818182
-0.1306690909090909
-0.014587272727272727
0.18429272727272727
-0.07663454545454546
-0.010889090909090909
0.1411472727272727
-0.14566727272727273
0.16169272727272727
0.10704181818181817
-0.16621272727272726
0.1608709090909091
0.03800909090909091
-0.036776363636363635
0.12532727272727273
0.05547272727272727
-0.023832727272727273
0.17566363636363633
0.09471454545454545
0.017463636363636362
0.1637472727272727
-0.013354545454545456
-0.06944363636363636
0.14258545454545454
-0.019518181818181816
-0.20381090909090907
0.13190181818181818
-0.11423272727272726
-0.05958181818181818
0.06348545454545454
-0.11649272727272726
0.14053090909090907
0.0006163636363636364
0.025476363636363634
0.11834181818181817
0.1216290909090909
-0.030407272727272724
0.10724727272727272
0.2368890909090909
-0.055678181818181814
0.08937272727272727
0.07149818181818181
-0.010683636363636364
0.08505818181818181
0.08505818181818181
-0.0402690909090909
0.09122181818181817
0.011094545454545454
-0.042529090909090905
0.1341618181818182
-0.08197636363636364
0.014792727272727272
0.034927272727272723
0.0
-0.02362727272727273
0.030407272727272724
0.08012727272727273
-0.03451636363636364
0.06862181818181817
-0.003698181818181818
0.13621636363636364
0.08670181818181817
-0.030407272727272724
0.17689636363636363
0.027325454545454545
-0.14977636363636362
0.04951454545454545
0.007190909090909091
-0.1608709090909091
0.02239454545454545
-0.08197636363636364
-0.05136363636363636
0.07190909090909091
-0.018696363636363636
0.05629454545454545
0.16292545454545454
0.07314181818181818
0.005958181818181818
0.21613818181818178
0.07683999999999999
0.028147272727272726
0.17648545454545456
0.02013454545454545
0.00226
0.05773272727272727
-0.0012327272727272727
0.022805454545454542
0.013765454545454546
-0.0764290909090909
0.03780363636363636
0.03533818181818182
-0.06512909090909091
0.04437818181818182
0.07560727272727272
0.02486
0.0918381818181818
0.07293636363636363
-0.02157272727272727
0.06327999999999999
0.019723636363636363
-0.0016436363636363634
0.07006
0.007396363636363636
-0.016025454545454544
0.08793454545454545
0.1035490909090909
-0.04602181818181818
0.12060181818181817
0.09142727272727272
-0.04910363636363636
0.13025818181818183
0.01664181818181818
-0.061841818181818185
0.10622
0.04211818181818182
-0.055883636363636364
0.08177090909090909
0.07827818181818182
0.06369090909090909
0.07889454545454545
0.014792727272727272
0.01890181818181818
0.0069854545454545456
-0.011094545454545454
-0.0041090909090909095
-0.010067272727272725
-0.09122181818181817
0.01849090909090909
0.0940981818181818
-0.05608909090909091
0.02362727272727273
0.11053454545454545
-0.02979090909090909
0.030407272727272724
0.09122181818181817
0.010683636363636364
0.14443454545454545
0.009245454545454545
-0.005958181818181818
0.18840181818181817
-0.12779272727272725
-0.015819999999999997
0.1723763636363636
-0.05937636363636363
0.02342181818181818
0.056705454545454545
0.012943636363636362
0.08731818181818181
0.11197272727272727
0.0741690909090909
0.05013090909090909
0.08793454545454545
0.031023636363636364
0.07355272727272727
0.03410545454545454
-0.08998909090909091
0.11423272727272726
0.019107272727272726
-0.04725454545454546
0.09759090909090909
0.017463636363636362
0.07786727272727272
0.14135272727272727
0.05095272727272727
0.04746
0.0538290909090909
-0.09944
0.020956363636363638
0.035749090909090904
-0.15799454545454544
0.05547272727272727
0.08074363636363636
-0.11628727272727273
0.05259636363636363
0.10087818181818181
0.013970909090909091
0.1495709090909091
0.07971636363636364
-0.02239454545454545
0.03020181818181818
0.07519636363636363
0.032667272727272725
0.02403818181818182
-0.014792727272727272
-0.06122545454545455
0.12327272727272726
0.013354545454545456
-0.027325454545454545
0.09820727272727273
-0.007601818181818181
-0.012121818181818182
0.07540181818181818
0.002670909090909091
-0.10005636363636364
0.13765454545454545
0.028352727272727273
-0.09348181818181817
0.16292545454545454
-0.034310909090909086
0.024243636363636363
0.10930181818181818
-0.12655999999999998
0.051569090909090905
0.1012890909090909
-0.010683636363636364
0.03205090909090909
0.09718
-0.012327272727272727
-0.028352727272727273
0.16292545454545454
-0.04396727272727272
0.015614545454545454
0.18429272727272727
-0.03718727272727273
0.14381818181818182
0.12265636363636362
-0.07478545454545454
0.25579090909090907
0.12183454545454545
-0.06738909090909091
0.24181999999999998
0.007190909090909091
-0.050747272727272724
0.11752
-0.14340727272727272
-0.0447890909090909
0.09265999999999999
-0.08403090909090909
-0.003698181818181818
0.11176727272727273
-0.04663818181818182
0.08218181818181818
0.14628363636363637
-0.027941818181818182
0.09574181818181818
0.059170909090909087
-0.08115454545454545
0.04602181818181818
0.0452
-0.06369090909090909
0.09492
0.02403818181818182
-0.07232
0.17504727272727272
0.05259636363636363
0.00945090909090909
0.2183981818181818
-0.02609272727272727
-0.0452
0.18223818181818183
-0.16128181818181817
-0.07355272727272727
0.08341454545454545
-0.22024727272727274
0.05526727272727273
0.07807272727272727
-0.07519636363636363
0.07170363636363636
0.09430363636363637
0.01664181818181818
0.1103290909090909
0.16518545454545455
-0.06369090909090909
0.11094545454545454
0.06759454545454545
-0.09122181818181817
0.0452
-0.0113
-0.08074363636363636
-0.00862909090909091
0.00452
-0.051569090909090905
0.12676545454545454
0.02691454545454545
0.07581272727272727
0.1808
0.00452
0.05526727272727273
0.1171090909090909
0.07725090909090909
-0.014176363636363636
0.09553636363636364
-0.0678
-0.01623090909090909
0.11731454545454545
-0.07601818181818182
0.12738181818181818
0.10704181818181817
0.06553999999999999
0.14340727272727272
0.008423636363636364
-0.03883090909090909
0.09985090909090909
0.044994545454545454
-0.09265999999999999
0.033489090909090906
0.03903636363636363
-0.07026545454545453
0.07088181818181817
0.11382181818181818
-0.10560363636363636
0.1103290909090909
0.08649636363636364
-0.027941818181818182
0.07683999999999999
-0.02239454545454545
0.09307090909090908
-0.011916363636363636
-0.06327999999999999
0.01623090909090909
0.08608545454545455
0.00904
-0.013970909090909091
0.1881963636363636
-0.008012727272727272
0.05711636363636363
0.16272
0.014998181818181817
-0.0012327272727272727
0.07026545454545453
0.028147272727272726
0.005547272727272727
0.014792727272727272
-0.12902545454545453
-0.03821454545454545
-0.030818181818181814
-0.10375454545454545
0.019107272727272726
0.03903636363636363
-0.027530909090909092
0.19559272727272728
0.07355272727272727
-0.062458181818181815
0.20196181818181816
0.045816363636363634
-0.029174545454545453
0.02239454545454545
-0.025476363636363634
-0.18244363636363634
-0.007396363636363636
0.11895818181818181
0.008012727272727272
0.17607454545454546
0.0628690909090909
0.14813272727272728
0.1916890909090909
0.00020545454545454542
0.09265999999999999
0.13683272727272727
-0.02691454545454545
0.06862181818181817
0.046432727272727264
-0.13724363636363635
0.11382181818181818
0.08094909090909091
-0.00226
0.045610909090909084
-0.051569090909090905
-0.034310909090909086
0.09615272727272728
0.016847272727272728
-0.03800909090909091
0.07807272727272727
-0.06964909090909091
0.06204727272727273
0.10642545454545453
-0.07355272727272727
0.01171090909090909
0.07663454545454546
0.042734545454545456
-0.0008218181818181817
0.09533090909090909
0.09265999999999999
0.12183454545454545
0.07889454545454545
0.016847272727272728
0.15984363636363638
0.06553999999999999
-0.02979090909090909
0.08238727272727273
-0.07006
-0.09348181818181817
0.05896545454545454
-0.06985454545454545
0.02527090909090909
-0.030407272727272724
0.043350909090909086
0.16641818181818183
0.027941818181818182
0.10560363636363636
-0.01890181818181818
0.08279818181818181
-0.013354545454545456
-0.11526
0.055678181818181814
-0.1510090909090909
-0.038625454545454546
0.12142363636363637
-0.018696363636363636
-0.002670909090909091
0.11238363636363637
0.09265999999999999
0.08136
0.04746
-0.008423636363636364
0.08156545454545455
0.12512181818181817
-0.05198
0.001438181818181818
0.13909272727272726
-0.09265999999999999
0.07355272727272727
0.12758727272727272
-0.1247109090909091
0.09081090909090908
0.1577890909090909
-0.02979090909090909
0.06040363636363636
0.1103290909090909
0.027736363636363635
0.12347818181818182
-0.030818181818181814
-0.038625454545454546
0.07129272727272727
-0.1306690909090909
0.001849090909090909
0.12697090909090908
-0.06821090909090909
-0.02670909090909091
0.10806909090909089
-0.04047454545454546
0.08485272727272727
0.12409454545454546
-0.11813636363636362
0.08649636363636364
0.09081090909090908
-0.07252545454545453
0.0967690909090909
0.034927272727272723
-0.030407272727272724
0.17258181818181817
0.02609272727272727
-0.0447890909090909
0.21079636363636362
0.012943636363636362
-0.015203636363636362
0.21922
-0.06615636363636364
0.02301090909090909
0.21757636363636362
-0.06985454545454545
-0.019107272727272726
0.11279454545454545
-0.006574545454545454
0.019312727272727273
0.12019090909090908
-0.06143090909090909
-0.05814363636363636
0.04540545454545454
-0.038625454545454546
0.10827454545454546
0.06143090909090909
-0.007807272727272727
0.21675454545454545
0.08362
-0.05958181818181818
0.17011636363636362
-0.004725454545454545
-0.1623090909090909
0.0678
-0.05280181818181818
-0.1415581818181818
0.043350909090909086
0.04437818181818182
-0.006163636363636363
0.1216290909090909
0.001438181818181818
0.02691454545454545
0.19189454545454546
-0.04376181818181818
0.06266363636363637
0.18737454545454543
-0.12779272727272725
-0.048487272727272726
0.22086363636363635
-0.08978363636363636
-0.00904
0.20648181818181818
-0.07807272727272727
0.006574545454545454
0.056705454545454545
-0.028147272727272726
-0.0067800000000000004
-0.010478181818181819
-0.03636545454545455
0.039241818181818176
-0.038625454545454546
-0.08177090909090909
0.1637472727272727
-0.010067272727272725
-0.0904
0.1524472727272727
0.08259272727272728
-0.03883090909090909
0.1356
0.035954545454545454
0.02342181818181818
0.15203636363636364
-0.08403090909090909
0.08320909090909091
0.13334
-0.032667272727272725
0.05608909090909091
0.09923454545454545
-0.032667272727272725
0.021367272727272728
0.15080363636363636
-0.05814363636363636
0.07170363636363636
0.09471454545454545
-0.04047454545454546
0.11690363636363636
0.03800909090909091
-0.03451636363636364
0.10560363636363636
-0.04787090909090909
-0.06964909090909091
0.1984690909090909
-0.01725818181818182
-0.01664181818181818
0.1939490909090909
0.03903636363636363
-0.02013454545454545
0.12943636363636363
0.03883090909090909
-0.02342181818181818
0.17052727272727272
-0.05341818181818182
-0.006163636363636363
0.113
-0.09204363636363636
0.07992181818181819
0.05691090909090909
-0.10539818181818181
0.1088909090909091
0.11669818181818181
-0.12368363636363637
0.07232
0.11567090909090909
-0.08772909090909091
0.1483381818181818
0.10005636363636364
-0.08526363636363636
0.05876
0.0113
0.0006163636363636364
0.046432727272727264
-0.08629090909090908
0.03410545454545454
0.10663090909090908
-0.13436727272727272
0.010272727272727272
0.1524472727272727
-0.004725454545454545
0.08793454545454545
0.0967690909090909
-0.10478181818181817
-0.01890181818181818
0.002876363636363636
-0.09594727272727273
0.02198363636363636
-0.08690727272727272
-0.03451636363636364
0.17196545454545456
0.029585454545454543
-0.003698181818181818
0.20730363636363636
0.1419690909090909
-0.01705272727272727
0.15162545454545454
0.02979090909090909
-0.059787272727272724
0.08608545454545455
0.01664181818181818
-0.00226
-0.02342181818181818
0.0
0.1171090909090909
0.0805381818181818
-0.028969090909090906
0.05773272727272727
0.14422909090909092
0.02527090909090909
-0.001849090909090909
0.036776363636363635
0.01766909090909091
0.00862909090909091
0.09101636363636363
0.09697454545454545
0.021367272727272728
0.07088181818181817
0.0010272727272727274
0.06430727272727273
0.061841818181818185
-0.06512909090909091
0.09779636363636364
0.07252545454545453
-0.06533454545454545
0.004314545454545455
0.03780363636363636
-0.02342181818181818
0.1035490909090909
0.031639999999999995
-0.025476363636363634
0.13107999999999997
0.07786727272727272
0.1103290909090909
0.11115090909090909
0.08752363636363636
0.028147272727272726
0.12306727272727273
-0.011505454545454544
-0.07252545454545453
0.02403818181818182
-0.22086363636363635
-0.04314545454545454
-0.03205090909090909
-0.10437090909090908
-0.05136363636363636
0.07560727272727272
0.03718727272727273
0.06677272727272728
0.25702363636363634
-0.005136363636363636
0.1881963636363636
0.09656363636363637
-0.11854727272727272
0.13950363636363636
-0.05054181818181818
-0.14258545454545454
0.17340363636363634
-0.05259636363636363
-0.12779272727272725
0.20689272727272728
0.016025454545454544
0.10704181818181817
0.09964545454545454
0.0008218181818181817
0.07190909090909091
0.06821090909090909
-0.06040363636363636
-0.07766181818181818
0.1653909090909091
-0.19127818181818182
0.01766909090909091
0.19497636363636361
-0.14484545454545456
0.13231272727272728
0.19066181818181818
0.034310909090909086
0.11094545454545454
0.0918381818181818
0.06143090909090909
0.11279454545454545
-0.009245454545454545
0.001849090909090909
0.029174545454545453
-0.03800909090909091
-0.15018727272727272
0.008012727272727272
-0.013560000000000001
-0.15121454545454543
0.18511454545454545
0.0470490909090909
0.07375818181818182
0.19312727272727273
0.09615272727272728
0.09882363636363636
0.05526727272727273
0.02218909090909091
0.02157272727272727
0.07006
-0.15758363636363634
-0.007190909090909091
0.06040363636363636
-0.10211090909090909
0.04211818181818182
0.11320545454545454
0.03636545454545455
0.08341454545454545
0.14176363636363634
-0.04396727272727272
0.09122181818181817
0.001438181818181818
-0.08731818181818181
0.08875636363636363
-0.04889818181818182
-0.13785999999999998
0.1193690909090909
0.059170909090909087
-0.15635090909090907
0.14525636363636363
-0.0069854545454545456
-0.013765454545454546
0.13785999999999998
-0.04109090909090909
0.009861818181818182
0.14731090909090908
-0.040885454545454544
-0.05198
0.23565636363636364
-0.060609090909090904
0.09820727272727273
0.12532727272727273
-0.08629090909090908
0.21264545454545453
0.15450181818181818
-0.0016436363636363634
0.08526363636363636
0.10724727272727272
-0.09656363636363637
0.11320545454545454
0.09101636363636363
-0.14772181818181818
0.001849090909090909
-0.02198363636363636
-0.15367999999999998
-0.004725454545454545
0.0339
-0.07663454545454546
0.21572727272727274
0.02075090909090909
0.03533818181818182
0.21552181818181818
-0.04889818181818182
0.15758363636363634
0.1337509090909091
-0.17525272727272728
-0.10046727272727272
0.07622363636363635
-0.10457636363636363
-0.022805454545454542
0.15573454545454543
0.056705454545454545
0.1103290909090909
0.12306727272727273
0.11587636363636362
0.19518181818181818
0.09964545454545454
-0.05876
0.16415818181818181
-0.011916363636363636
-0.18018363636363635
0.0904
0.01808
-0.03307818181818182
0.0034927272727272728
-0.02218909090909091
-0.029585454545454543
0.10930181818181818
-0.02403818181818182
-0.05300727272727272
0.12409454545454546
-0.11587636363636362
0.005341818181818182
0.1682672727272727
-0.025476363636363634
-0.030818181818181814
0.038625454545454546
0.012327272727272727
0.041707272727272725
-0.010683636363636364
0.07437454545454546
0.21737090909090906
0.005547272727272727
0.0764290909090909
0.14587272727272727
0.03636545454545455
0.08690727272727272
0.08012727272727273
0.02486
-0.05033636363636364
-0.04294
-0.042734545454545456
0.032667272727272725
0.02670909090909091
-0.08136
0.10087818181818181
0.18429272727272727
-0.06964909090909091
0.04294
0.11875272727272726
-0.15470727272727272
0.08197636363636364
-0.014176363636363636
-0.11628727272727273
0.06738909090909091
-0.037598181818181815
0.10252181818181817
0.08012727272727273
0.05485636363636363
-0.028763636363636363
0.08978363636363636
0.14751636363636364
-0.0741690909090909
0.12635454545454544
0.04889818181818182
0.03616
0.11628727272727273
-0.0226
-0.01664181818181818
0.07211454545454546
0.002670909090909091
-0.010272727272727272
0.1035490909090909
-0.14032545454545453
0.057527272727272726
0.20422181818181817
-0.07437454545454546
0.12039636363636362
0.1088909090909091
0.017463636363636362
0.10539818181818181
0.06307454545454545
-0.06492363636363636
-0.04889818181818182
0.0967690909090909
-0.09964545454545454
-0.07170363636363636
0.04232363636363636
-0.1224509090909091
0.07375818181818182
0.1325181818181818
-0.0805381818181818
0.14464
0.08752363636363636
-0.04068
0.22230181818181818
-0.02301090909090909
-0.05773272727272727
0.18449818181818184
0.03410545454545454
0.02403818181818182
0.1216290909090909
-0.007601818181818181
0.03780363636363636
0.18059454545454545
-0.001849090909090909
0.035954545454545454
0.12327272727272726
-0.06677272727272728
0.02650363636363636
0.10642545454545453
-0.0967690909090909
0.03718727272727273
0.11402727272727273
-0.08814
0.02650363636363636
0.0452
-0.09533090909090909
0.1356
0.15573454545454543
-0.09450909090909092
0.11628727272727273
0.11546545454545454
0.002876363636363636
0.11895818181818181
-0.08197636363636364
-0.05732181818181818
0.02403818181818182
-0.11074
-0.06677272727272728
-0.036776363636363635
-0.06389636363636363
0.06964909090909091
0.10827454545454546
0.00226
0.12861454545454545
0.14073636363636363
0.011094545454545454
0.10293272727272727
0.12861454545454545
-0.033489090909090906
0.01623090909090909
0.08012727272727273
-0.02301090909090909
0.02979090909090909
0.03533818181818182
-0.06369090909090909
0.07458
0.09635818181818182
-0.16929454545454545
0.033694545454545456
0.09492
-0.12450545454545454
0.12039636363636362
0.02342181818181818
-0.06204727272727273
0.16477454545454545
0.01890181818181818
0.005136363636363636
0.05259636363636363
-0.02444909090909091
0.07889454545454545
0.1296418181818182
0.030407272727272724
-0.0226
0.16210363636363637
0.113
-0.033694545454545456
0.16148727272727273
-0.0030818181818181817
-0.0749909090909091
0.14361272727272725
-0.09368727272727272
-0.0113
0.14073636363636363
-0.10149454545454545
0.1017
0.11526
-0.06389636363636363
0.19723636363636363
0.09861818181818181
-0.08197636363636364
0.10272727272727272
-0.02527090909090909
-0.05958181818181818
0.12717636363636362
-0.00862909090909091
-0.040063636363636364
0.10252181818181817
0.008834545454545454
-0.040885454545454544
0.11834181818181817
0.04232363636363636
-0.032667272727272725
0.08197636363636364
-0.027736363636363635
-0.013354545454545456
0.10211090909090909
-0.09492
0.040885454545454544
0.12758727272727272
-0.12655999999999998
0.12327272727272726
0.0918381818181818
-0.0940981818181818
0.13724363636363635
0.05115818181818182
0.0447890909090909
0.12635454545454544
0.054034545454545446
0.04047454545454546
0.0741690909090909
-0.016436363636363638
-0.05958181818181818
0.0940981818181818
-0.09944
-0.07663454545454546
0.12758727272727272
-0.06019818181818181
0.022805454545454542
0.11649272727272726
0.007190909090909091
0.17093818181818182
0.07827818181818182
0.0008218181818181817
0.12635454545454544
-0.02013454545454545
-0.019518181818181816
-0.00452
-0.02075090909090909
-0.011505454545454544
-0.00452
0.03410545454545454
0.003698181818181818
0.15532363636363636
0.06101999999999999
0.05773272727272727
0.18593636363636362
-0.06101999999999999
0.07725090909090909
0.1171090909090909
-0.08896181818181817
0.0628690909090909
0.08793454545454545
-0.05937636363636363
0.01171090909090909
0.08485272727272727
-0.004314545454545455
0.010272727272727272
0.07396363636363636
-0.02403818181818182
-0.027941818181818182
0.053212727272727266
-0.0786890909090909
0.034927272727272723
0.05054181818181818
-0.09779636363636364
0.1193690909090909
0.019107272727272726
-0.07971636363636364
0.13909272727272726
0.02444909090909091
-0.05629454545454545
0.0918381818181818
0.0339
0.02116181818181818
0.07622363636363635
-0.001849090909090909
0.03410545454545454
0.12327272727272726
-0.028969090909090906
-0.021778181818181818
0.17073272727272726
-0.08218181818181818
0.05485636363636363
0.2494218181818182
-0.07704545454545454
0.11053454545454545
0.13580545454545453
-0.056705454545454545
0.10005636363636364
0.06656727272727272
-0.0940981818181818
0.003287272727272727
0.036776363636363635
-0.08464727272727272
0.09861818181818181
0.015203636363636362
-0.08608545454545455
0.19271636363636363
0.10231636363636364
-0.04910363636363636
0.12347818181818182
0.13621636363636364
0.0226
0.10663090909090908
0.02403818181818182
-0.023832727272727273
0.11957454545454545
-0.01849090909090909
-0.005958181818181818
0.14566727272727273
-0.0339
0.041912727272727275
0.15840545454545454
-0.07129272727272727
0.03821454545454545
0.09615272727272728
-0.10231636363636364
0.04972
0.06636181818181817
-0.1419690909090909
0.07375818181818182
0.04787090909090909
-0.14381818181818182
0.16518545454545455
0.0628690909090909
-0.08978363636363636
0.17463636363636362
0.03821454545454545
-0.0786890909090909
0.14443454545454545
0.05547272727272727
-0.06821090909090909
0.1341618181818182
-0.01808
-0.1808
0.07170363636363636
-0.04663818181818182
-0.16128181818181817
0.04930909090909091
-0.03985818181818182
-0.030612727272727274
0.14484545454545456
0.02527090909090909
0.09533090909090909
0.20792
0.04047454545454546
0.09759090909090909
0.13888727272727272
-0.058349090909090906
0.02198363636363636
0.07293636363636363
-0.08485272727272727
0.054034545454545446
-0.012121818181818182
-0.042529090909090905
0.1758690909090909
0.04232363636363636
0.06574545454545455
0.06636181818181817
-0.02157272727272727
0.03636545454545455
0.06348545454545454
-0.016025454545454544
-0.13087454545454547
0.1341618181818182
0.043556363636363636
-0.04889818181818182
0.21120727272727272
-0.02116181818181818
0.03985818181818182
0.2138781818181818
-0.02568181818181818
0.013970909090909091
0.0990290909090909
-0.03143454545454545
0.021367272727272728
0.08711272727272727
-0.027530909090909092
0.04746
0.09286545454545453
-0.013354545454545456
0.10560363636363636
0.1686781818181818
-0.005958181818181818
0.09101636363636363
0.06369090909090909
-0.09307090909090908
0.16970545454545455
-0.04663818181818182
-0.14381818181818182
0.11176727272727273
-0.10005636363636364
-0.12121818181818181
0.05937636363636363
0.0006163636363636364
-0.011094545454545454
0.12943636363636363
-0.08115454545454545
0.0727309090909091
0.2153163636363636
-0.14094181818181817
0.06800545454545455
0.16970545454545455
-0.17155454545454543
-0.1296418181818182
0.10991818181818182
-0.09430363636363637
0.018696363636363636
0.15347454545454545
-0.06040363636363636
0.18059454545454545
0.15922727272727272
0.009245454545454545
0.22045272727272727
0.06081454545454545
-0.06163636363636363
0.22209636363636362
-0.028147272727272726
-0.06225272727272727
0.12861454545454545
-0.07355272727272727
0.02444909090909091
0.013149090909090907
-0.027941818181818182
0.05095272727272727
0.07334727272727272
-0.0470490909090909
-0.039241818181818176
0.06040363636363636
-0.12861454545454545
0.06410181818181818
0.15018727272727272
-0.05218545454545454
0.07992181818181819
0.11464363636363636
-0.0034927272727272728
0.11176727272727273
0.058349090909090906
0.05177454545454545
0.1577890909090909
-0.08937272727272727
0.09841272727272728
0.15265272727272727
-0.09101636363636363
0.09307090909090908
0.1257381818181818
-0.039241818181818176
-0.050747272727272724
0.07971636363636364
-0.019312727272727273
-0.00862909090909091
0.03513272727272727
-0.06964909090909091
0.13169636363636364
0.07519636363636363
0.0
0.15491272727272726
0.03451636363636364
-0.04417272727272727
0.10457636363636363
0.032667272727272725
-0.1415581818181818
0.06348545454545454
0.0012327272727272727
-0.13888727272727272
0.06800545454545455
-0.007601818181818181
-0.00452
0.1103290909090909
-0.01725818181818182
0.02527090909090909
0.12142363636363637
0.01623090909090909
0.06964909090909091
0.16949999999999998
-0.01725818181818182
0.0006163636363636364
0.14135272727272727
-0.05691090909090909
0.07560727272727272
0.10642545454545453
-0.14710545454545454
0.09594727272727273
0.16354181818181818
-0.06471818181818181
0.010683636363636364
0.13827090909090908
-0.02362727272727273
0.13498363636363636
0.11793090909090909
-0.19004545454545455
0.06081454545454545
0.09122181818181817
-0.12409454545454546
-0.007190909090909091
-0.014176363636363636
-0.1306690909090909
0.11320545454545454
-0.06451272727272726
-0.06574545454545455
0.19189454545454546
0.003698181818181818
0.09327636363636364
0.12224545454545453
0.029996363636363634
-0.021367272727272728
0.16436363636363635
0.03472181818181818
-0.007396363636363636
0.13107999999999997
-0.14279090909090908
0.09820727272727273
0.10724727272727272
-0.04725454545454546
0.13395636363636362
0.11916363636363636
-0.042734545454545456
0.09265999999999999
0.07108727272727272
-0.034927272727272723
0.1791563636363636
-0.06307454545454545
-0.02444909090909091
0.0727309090909091
-0.11731454545454545
-0.015614545454545454
0.15491272727272726
-0.019518181818181816
-0.09656363636363637
0.19333272727272727
0.034310909090909086
0.10067272727272727
0.11361636363636363
0.014587272727272727
0.10272727272727272
-0.03616
-0.03944727272727273
0.011916363636363636
-0.04972
-0.15902181818181815
0.11834181818181817
0.019107272727272726
-0.1017
0.19764727272727273
0.18511454545454545
0.10971272727272725
0.12019090909090908
0.13498363636363636
-0.040885454545454544
0.09779636363636364
-0.0067800000000000004
-0.1125890909090909
0.05485636363636363
-0.12902545454545453
0.04109090909090909
0.08444181818181817
-0.09307090909090908
-0.014792727272727272
0.13107999999999997
0.027736363636363635
-0.05855454545454545
0.06225272727272727
-0.026298181818181814
-0.02116181818181818
0.07622363636363635
-0.02609272727272727
-0.04232363636363636
0.12142363636363637
-0.014792727272727272
0.03513272727272727
0.13827090909090908
-0.05937636363636363
0.14813272727272728
0.08916727272727272
-0.09389272727272728
0.13107999999999997
0.06636181818181817
-0.08896181818181817
0.07704545454545454
0.07047090909090908
-0.07601818181818182
0.01849090909090909
0.032872727272727276
-0.034927272727272723
0.04047454545454546
0.08711272727272727
0.054034545454545446
0.12882
0.06882727272727272
-0.025476363636363634
0.13950363636363636
0.005958181818181818
-0.07190909090909091
0.14381818181818182
-0.04828181818181818
-0.02486
0.10375454545454545
-0.08012727272727273
0.015614545454545454
0.11793090909090909
0.07458
0.0020545454545454547
0.014792727272727272
0.08526363636363636
0.08731818181818181
0.05855454545454545
-0.028147272727272726
0.08074363636363636
0.05033636363636364
-0.09389272727272728
0.14916
0.06615636363636364
-0.03472181818181818
0.17052727272727272
0.03143454545454545
0.04458363636363636
0.08423636363636364
0.04417272727272727
0.14176363636363634
0.05896545454545454
-0.06410181818181818
-0.014998181818181817
0.05095272727272727
-0.11875272727272726
-0.010272727272727272
0.06944363636363636
-0.15573454545454543
0.03225636363636363
0.13128545454545454
0.011094545454545454
0.05341818181818182
0.07992181818181819
0.032872727272727276
0.10457636363636363
0.005136363636363636
-0.08916727272727272
0.06348545454545454
-0.10231636363636364
-0.05526727272727273
0.07889454545454545
-0.09492
-0.00041090909090909085
0.12861454545454545
0.07478545454545454
0.04787090909090909
0.07067636363636363
0.13272363636363635
0.09204363636363636
-0.00452
0.00041090909090909085
0.02691454545454545
-0.035749090909090904
-0.11238363636363637
0.11464363636363636
0.04458363636363636
-0.1721709090909091
0.19230545454545456
0.12121818181818181
-0.06677272727272728
0.06718363636363636
0.06348545454545454
0.057527272727272726
-0.016025454545454544
0.02609272727272727
-0.06430727272727273
0.050747272727272724
0.10375454545454545
-0.0940981818181818
0.18511454545454545
-0.0226
-0.09430363636363637
0.2820890909090909
0.011094545454545454
-0.05732181818181818
0.15183090909090907
0.016025454545454544
-0.037598181818181815
0.1306690909090909
-0.04540545454545454
-0.05177454545454545
0.19867454545454544
-0.023216363636363632
-0.0041090909090909095
0.24675090909090908
0.015409090909090907
0.033694545454545456
0.22374
-0.062458181818181815
0.08772909090909091
0.16169272727272727
-0.12820363636363635
0.04622727272727272
-0.04294
-0.21901454545454546
0.05691090909090909
0.03328363636363636
-0.14607818181818183
0.12717636363636362
0.04746
-0.004930909090909091
0.2652418181818182
0.042529090909090905
0.0030818181818181817
0.19066181818181818
0.010683636363636364
-0.11443818181818181
0.12224545454545453
-0.08711272727272727
-0.10478181818181817
0.11895818181818181
-0.1325181818181818
0.03616
0.1314909090909091
0.009245454545454545
0.10437090909090908
0.1608709090909091
-0.054240000000000003
0.05300727272727272
0.032667272727272725
-0.16251454545454544
0.09841272727272728
-0.10149454545454545
-0.0678
0.11382181818181818
0.07930545454545455
0.035954545454545454
0.0741690909090909
0.10108363636363636
0.06081454545454545
0.1499818181818182
-0.047665454545454546
0.09985090909090909
0.043350909090909086
-0.15203636363636364
0.02342181818181818
0.024243636363636363
-0.12203999999999998
0.01849090909090909
0.11854727272727272
-0.11115090909090909
0.11669818181818181
0.10437090909090908
0.0727309090909091
0.15491272727272726
0.09122181818181817
0.0741690909090909
0.07683999999999999
0.07971636363636364
0.0008218181818181817
0.1148490909090909
-0.0967690909090909
-0.05095272727272727
0.014792727272727272
-0.05629454545454545
0.02218909090909091
0.14361272727272725
0.04376181818181818
-0.01890181818181818
0.23586181818181817
-0.10396
0.0678
0.04869272727272727
-0.11731454545454545
0.03780363636363636
-0.0226
0.0452
-0.040063636363636364
0.13457272727272726
-0.04951454545454545
0.045816363636363634
0.11998545454545453
-0.07601818181818182
0.11217818181818182
0.038419999999999996
-0.06266363636363637
-0.028969090909090906
0.03985818181818182
-0.07293636363636363
0.1653909090909091
0.07683999999999999
-0.02979090909090909
0.18121090909090906
0.03205090909090909
0.04889818181818182
0.10046727272727272
0.08937272727272727
-0.06492363636363636
0.0628690909090909
0.0010272727272727274
-0.055061818181818184
0.05341818181818182
-0.04068
0.02301090909090909
-0.04828181818181818
-0.10108363636363636
-0.010272727272727272
0.16189818181818183
-0.01725818181818182
0.06081454545454545
0.13868181818181818
-0.014998181818181817
0.16518545454545455
0.08300363636363636
-0.002876363636363636
0.045610909090909084
0.043350909090909086
-0.16600727272727273
-0.04109090909090909
0.08341454545454545
0.0069854545454545456
0.1610763636363636
0.08464727272727272
0.12553272727272727
0.15799454545454544
0.12060181818181817
0.12306727272727273
0.10642545454545453
-0.0402690909090909
-0.020545454545454544
0.06636181818181817
-0.11567090909090909
0.019723636363636363
0.07232
-0.07725090909090909
-0.015819999999999997
0.10498727272727272
-0.0749909090909091
-0.03513272727272727
0.06574545454545455
-0.0538290909090909
0.05218545454545454
-0.08772909090909091
-0.03554363636363636
0.18162181818181816
0.03205090909090909
-0.012121818181818182
0.14053090909090907
-0.06841636363636364
0.055061818181818184
0.21696000000000001
-0.04972
0.1193690909090909
0.03903636363636363
0.0727309090909091
0.05711636363636363
0.04211818181818182
0.0628690909090909
-0.06574545454545455
0.13046363636363634
-0.12717636363636362
-0.03513272727272727
0.030407272727272724
-0.10149454545454545
0.1341618181818182
0.09430363636363637
-0.02527090909090909
0.09944
0.14422909090909092
-0.05526727272727273
0.04663818181818182
-0.0226
-0.09512545454545453
0.022805454545454542
0.009656363636363637
-0.07601818181818182
-0.00041090909090909085
0.14525636363636363
0.07026545454545453
0.18860727272727273
0.017874545454545452
0.0034927272727272728
0.17484181818181818
0.02444909090909091
-0.029585454545454543
0.0538290909090909
0.030818181818181814
-0.0113
0.17730727272727273
-0.06656727272727272
-0.016436363636363638
0.17771818181818183
-0.035749090909090904
0.08505818181818181
0.08341454545454545
-0.07683999999999999
0.01705272727272727
0.12635454545454544
-0.0749909090909091
0.0538290909090909
0.113
-0.11957454545454545
0.08629090909090908
-0.013765454545454546
-0.10272727272727272
0.0749909090909091
-0.04150181818181818
-0.02486
0.07375818181818182
-0.08444181818181817
-0.028147272727272726
0.21901454545454546
0.001438181818181818
0.0006163636363636364
0.16970545454545455
-0.05732181818181818
0.008012727272727272
0.21798727272727272
0.006574545454545454
-0.05341818181818182
0.19600363636363635
-0.09861818181818181
0.06574545454545455
0.14710545454545454
-0.1479272727272727
0.24510727272727273
0.0565
-0.04787090909090909
0.14854363636363635
-0.003287272727272727
-0.05547272727272727
0.14936545454545455
0.07683999999999999
-0.10827454545454546
0.16354181818181818
0.06738909090909091
-0.010683636363636364
0.09861818181818181
0.01890181818181818
-0.011916363636363636
0.12080727272727272
0.03821454545454545
0.007601818181818181
0.1374490909090909
-0.0741690909090909
0.04150181818181818
0.02403818181818182
-0.14094181818181817
-0.02527090909090909
0.004930909090909091
-0.043350909090909086
-0.005136363636363636
0.04889818181818182
-0.04150181818181818
0.1325181818181818
0.12347818181818182
0.06882727272727272
0.16436363636363635
0.05115818181818182
0.06944363636363636
0.10786363636363637
-0.005341818181818182
-0.07211454545454546
0.008423636363636364
-0.03472181818181818
-0.024654545454545453
0.02301090909090909
-0.039241818181818176
-0.00041090909090909085
0.058349090909090906
-0.054240000000000003
-0.06410181818181818
0.05341818181818182
-0.07334727272727272
-0.00041090909090909085
0.07683999999999999
-0.010683636363636364
0.10149454545454545
0.054240000000000003
-0.02403818181818182
0.12224545454545453
0.03944727272727273
-0.06595090909090909
0.17381454545454544
0.06862181818181817
-0.06143090909090909
0.16292545454545454
-0.0008218181818181817
-0.03780363636363636
0.15984363636363638
0.017874545454545452
-0.03143454545454545
0.13190181818181818
0.06553999999999999
-0.06512909090909091
0.0940981818181818
-0.01766909090909091
0.013354545454545456
0.29441636363636364
-0.04725454545454546
0.04725454545454546
0.2255890909090909
-0.13785999999999998
0.09594727272727273
0.1341618181818182
-0.15080363636363636
0.00862909090909091
0.027325454545454545
-0.07745636363636363
0.043350909090909086
0.09923454545454545
0.036776363636363635
0.11567090909090909
0.06225272727272727
-0.07252545454545453
0.14361272727272725
0.10622
-0.02218909090909091
0.1314909090909091
-0.11012363636363637
-0.06759454545454545
0.1727872727272727
-0.03883090909090909
0.00452
0.1573781818181818
-0.008012727272727272
-0.0069854545454545456
0.17792363636363634
-0.02403818181818182
0.02527090909090909
0.08875636363636363
-0.08238727272727273
0.11135636363636363
-0.001438181818181818
-0.1321072727272727
0.09389272727272728
0.01623090909090909
-0.14381818181818182
0.05218545454545454
0.02218909090909091
-0.02691454545454545
0.12327272727272726
0.08731818181818181
0.07971636363636364
0.07047090909090908
0.01849090909090909
0.06430727272727273
0.06923818181818181
-0.18018363636363635
-0.016436363636363638
0.11752
-0.1374490909090909
0.008834545454545454
0.06595090909090909
0.03554363636363636
0.05814363636363636
0.13190181818181818
0.09635818181818182
0.05608909090909091
0.11649272727272726
0.02403818181818182
0.13827090909090908
-0.04807636363636364
-0.09923454545454545
0.1017
0.013765454545454546
-0.015819999999999997
0.08752363636363636
0.12635454545454544
0.010272727272727272
0.09923454545454545
0.041912727272727275
-0.09122181818181817
0.05876
0.02486
-0.08608545454545455
0.030407272727272724
0.002670909090909091
-0.010067272727272725
0.15306363636363635
0.003698181818181818
0.005341818181818182
0.1411472727272727
-0.006574545454545454
0.03616
0.21182363636363635
-0.034310909090909086
-0.12655999999999998
0.18758
-0.0764290909090909
-0.07334727272727272
0.16210363636363637
-0.040063636363636364
0.033694545454545456
0.09820727272727273
0.05485636363636363
0.06821090909090909
0.14505090909090906
0.03410545454545454
0.05198
0.06163636363636363
-0.10416545454545453
0.04972
0.0067800000000000004
-0.15121454545454543
-0.038419999999999996
0.03800909090909091
-0.09142727272727272
0.11464363636363636
0.13128545454545454
-0.011916363636363636
0.19826363636363634
0.07704545454545454
0.07704545454545454
0.12327272727272726
-0.07930545454545455
0.06882727272727272
0.13313454545454545
-0.16210363636363637
0.0012327272727272727
0.08505818181818181
-0.06615636363636364
0.1374490909090909
0.11341090909090909
0.014998181818181817
0.14402363636363635
0.16518545454545455
-0.019107272727272726
0.05773272727272727
0.01705272727272727
-0.08731818181818181
-0.02486
-0.13724363636363635
-0.03965272727272728
0.07786727272727272
0.06903272727272727
0.034927272727272723
0.17155454545454543
0.03472181818181818
0.09348181818181817
0.23524545454545454
-0.06492363636363636
0.06389636363636363
0.033694545454545456
-0.015203636363636362
0.0016436363636363634
-0.06225272727272727
-0.09101636363636363
-0.040885454545454544
0.027530909090909092
-0.08834545454545455
0.08012727272727273
0.02527090909090909
-0.005341818181818182
0.21079636363636362
0.14073636363636363
-0.029996363636363634
0.13642181818181817
0.09635818181818182
-0.05629454545454545
0.10745272727272726
-0.05958181818181818
-0.04910363636363636
0.0016436363636363634
-0.05198
-0.055061818181818184
0.043556363636363636
0.05814363636363636
0.00862909090909091
0.18429272727272727
0.0
0.02527090909090909
0.08793454545454545
-0.08074363636363636
0.005547272727272727
0.0063690909090909084
-0.08136
0.05999272727272727
0.043350909090909086
0.03616
0.1962090909090909
0.033694545454545456
0.07971636363636364
0.18285454545454544
0.08711272727272727
-0.0786890909090909
0.0447890909090909
0.0339
-0.17155454545454543
0.15388545454545455
0.0113
-0.027325454545454545
0.1836763636363636
0.059170909090909087
0.11669818181818181
0.12738181818181818
0.001438181818181818
0.08362
0.11053454545454545
-0.11567090909090909
0.04540545454545454
0.1076581818181818
-0.10272727272727272
-0.05526727272727273
0.05136363636363636
-0.1577890909090909
-0.03533818181818182
0.19929090909090907
-0.09512545454545453
0.06430727272727273
0.09286545454545453
0.04417272727272727
0.17484181818181818
0.013354545454545456
0.010683636363636364
0.09142727272727272
-0.04376181818181818
-0.16272
0.10663090909090908
-0.05937636363636363
-0.09574181818181818
0.2609272727272727
0.09245454545454544
-0.006574545454545454
0.16806181818181817
0.16210363636363637
0.08423636363636364
0.15450181818181818
-0.09492
-0.04828181818181818
0.10190545454545454
-0.1296418181818182
0.0069854545454545456
-0.027736363636363635
-0.11279454545454545
0.12758727272727272
0.06143090909090909
-0.07355272727272727
0.08382545454545455
0.02198363636363636
-0.054034545454545446
0.00226
-0.06040363636363636
-0.028147272727272726
0.06122545454545455
0.0749909090909091
0.02075090909090909
0.12491636363636363
0.04951454545454545
0.055061818181818184
0.22353454545454546
0.022805454545454542
0.045610909090909084
0.06636181818181817
0.0008218181818181817
0.1510090909090909
0.052390909090909085
-0.01849090909090909
0.05629454545454545
0.021367272727272728
0.013354545454545456
-0.024654545454545453
-0.05732181818181818
-0.0402690909090909
0.027941818181818182
0.07786727272727272
0.023216363636363632
0.09081090909090908
0.09964545454545454
0.08279818181818181
0.14381818181818182
-0.04622727272727272
-0.004725454545454545
0.0339
-0.13107999999999997
0.00041090909090909085
-0.055061818181818184
-0.030818181818181814
0.06615636363636364
0.07478545454545454
0.06204727272727273
-0.013354545454545456
0.16970545454545455
0.07683999999999999
0.06143090909090909
0.08978363636363636
-0.016025454545454544
0.09820727272727273
0.08197636363636364
-0.012943636363636362
0.06225272727272727
0.08690727272727272
-0.11526
0.08998909090909091
0.09635818181818182
-0.07807272727272727
0.028147272727272726
0.027120000000000002
-0.01808
0.049925454545454544
0.0895781818181818
-0.058349090909090906
0.1464890909090909
-0.008423636363636364
-0.07581272727272727
0.11546545454545454
-0.029996363636363634
-0.027120000000000002
0.043556363636363636
0.028147272727272726
-0.1216290909090909
0.1483381818181818
0.07827818181818182
0.01992909090909091
0.14854363636363635
-0.03739272727272727
0.07971636363636364
0.08218181818181818
-0.05095272727272727
-0.0039036363636363635
0.1284090909090909
-0.13334
0.07149818181818181
0.11854727272727272
-0.12491636363636363
0.20052363636363635
0.028763636363636363
0.018696363636363636
0.15676181818181817
0.02116181818181818
0.002876363636363636
0.09101636363636363
0.06225272727272727
0.031023636363636364
0.04150181818181818
-0.061841818181818185
0.019312727272727273
0.05896545454545454
-0.08711272727272727
-0.02403818181818182
0.15183090909090907
-0.09430363636363637
0.0538290909090909
0.1721709090909091
-0.08382545454545455
0.13046363636363634
0.06143090909090909
-0.061841818181818185
0.030612727272727274
-0.03800909090909091
-0.04622727272727272
0.04684363636363636
-0.0967690909090909
0.0016436363636363634
0.18696363636363633
0.013970909090909091
0.08382545454545455
0.17710181818181817
0.11176727272727273
0.06595090909090909
0.19600363636363635
0.02403818181818182
-0.02116181818181818
0.12429999999999998
-0.06389636363636363
0.0226
0.06040363636363636
-0.07067636363636363
-0.00226
0.09101636363636363
-0.08629090909090908
0.02362727272727273
0.08752363636363636
-0.11669818181818181
0.0041090909090909095
0.06533454545454545
-0.02157272727272727
-0.04150181818181818
0.1483381818181818
0.020545454545454544
0.06430727272727273
0.14237999999999998
-0.07560727272727272
0.15902181818181815
0.04725454545454546
-0.032872727272727276
0.1257381818181818
0.002876363636363636
0.010889090909090909
0.13991454545454546
-0.014176363636363636
-0.04458363636363636
0.10293272727272727
-0.06163636363636363
-0.0039036363636363635
0.03451636363636364
-0.08588
-0.019518181818181816
0.14772181818181818
-0.019518181818181816
0.043350909090909086
0.24079272727272724
-0.07581272727272727
0.13107999999999997
0.11977999999999998
-0.16580181818181816
0.09450909090909092
0.08731818181818181
-0.14669454545454544
-0.005547272727272727
0.02116181818181818
-0.10293272727272727
0.11752
0.03616
-0.013765454545454546
0.11875272727272726
0.008834545454545454
0.028763636363636363
0.15306363636363635
-0.003698181818181818
-0.02691454545454545
0.22353454545454546
-0.016847272727272728
0.010889090909090909
0.19004545454545455
-0.05198
0.11669818181818181
0.21305636363636363
-0.10622
0.051569090909090905
0.1871690909090909
-0.04972
0.08875636363636363
0.02342181818181818
-0.11217818181818182
0.07314181818181818
0.007601818181818181
-0.11115090909090909
0.09327636363636364
0.08485272727272727
-0.07170363636363636
0.16128181818181817
0.010683636363636364
0.019723636363636363
0.2514763636363636
0.007396363636363636
0.04663818181818182
0.12799818181818182
-0.031229090909090908
-0.01849090909090909
0.07458
-0.07006
-0.05485636363636363
0.006574545454545454
-0.07663454545454546
0.07129272727272727
0.06800545454545455
-0.062458181818181815
0.11608181818181817
0.12429999999999998
-0.08300363636363636
0.11197272727272727
0.10745272727272726
-0.031229090909090908
0.029996363636363634
-0.05958181818181818
-0.05259636363636363
0.09492
0.03554363636363636
-0.08197636363636364
0.05095272727272727
-0.001849090909090909
-0.007807272727272727
0.1193690909090909
-0.022805454545454542
-0.032872727272727276
0.10642545454545453
-0.011094545454545454
-0.06738909090909091
0.10622
0.021367272727272728
0.028763636363636363
0.1341618181818182
-0.0452
-0.016436363636363638
0.10437090909090908
-0.008218181818181819
0.10375454545454545
0.12799818181818182
-0.1329290909090909
0.10478181818181817
0.17052727272727272
-0.06019818181818181
0.12121818181818181
0.08670181818181817
-0.04910363636363636
0.14073636363636363
0.05362363636363636
-0.014381818181818181
0.17566363636363633
0.002876363636363636
0.051569090909090905
0.08136
-0.04684363636363636
0.005547272727272727
0.03985818181818182
0.05218545454545454
-0.0940981818181818
0.09081090909090908
-0.02362727272727273
-0.06348545454545454
0.2843490909090909
-0.007396363636363636
0.05629454545454545
0.26688545454545454
-0.013560000000000001
0.08998909090909091
0.10396
-0.08608545454545455
0.09738545454545454
-0.03718727272727273
-0.14381818181818182
0.07848363636363635
-0.029174545454545453
-0.03800909090909091
0.12512181818181817
0.06040363636363636
-0.00862909090909091
0.09594727272727273
0.0967690909090909
0.00226
0.012327272727272727
-0.002876363636363636
-0.07149818181818181
-0.019518181818181816
-0.013354545454545456
0.018696363636363636
0.07745636363636363
-0.11197272727272727
0.08279818181818181
0.14361272727272725
-0.11176727272727273
0.09985090909090909
0.07540181818181818
-0.08772909090909091
0.08238727272727273
0.042734545454545456
-0.05896545454545454
0.04663818181818182
-0.013970909090909091
0.00226
0.009245454545454545
0.025887272727272724
0.10457636363636363
0.09019454545454544
0.10231636363636364
0.06369090909090909
0.1803890909090909
0.03965272727272728
0.028558181818181816
0.1035490909090909
-0.033489090909090906
-0.0041090909090909095
-0.013765454545454546
-0.03698181818181818
-0.09574181818181818
0.04540545454545454
0.06821090909090909
0.005752727272727272
0.09553636363636364
0.09019454545454544
0.08444181818181817
0.1035490909090909
-0.007396363636363636
0.05711636363636363
0.060609090909090904
-0.12080727272727272
0.12265636363636362
-0.0113
-0.0447890909090909
0.1510090909090909
0.05218545454545454
0.03780363636363636
0.06266363636363637
0.1479272727272727
-0.09307090909090908
0.04746
0.021778181818181818
-0.18552545454545455
0.19127818181818182
0.002876363636363636
-0.05814363636363636
0.23216363636363635
0.019723636363636363
-0.01623090909090909
0.27571999999999997
0.04211818181818182
-0.08218181818181818
0.05896545454545454
-0.05999272727272727
0.022805454545454542
0.02609272727272727
-0.04232363636363636
0.003698181818181818
0.011505454545454544
-0.11895818181818181
0.043350909090909086
0.09594727272727273
-0.12409454545454546
0.11074
0.0904
-0.04376181818181818
0.10313818181818181
0.06389636363636363
-0.016436363636363638
0.16970545454545455
-0.035954545454545454
-0.13436727272727272
0.1292309090909091
-0.13354545454545455
0.03472181818181818
0.1865527272727273
-0.043556363636363636
0.11998545454545453
0.22271272727272726
0.030818181818181814
0.08896181818181817
0.25106545454545454
-0.019312727272727273
0.0727309090909091
0.08115454545454545
-0.16600727272727273
0.0678
-0.0006163636363636364
-0.1569672727272727
0.10950727272727273
0.01766909090909091
-0.08238727272727273
0.13457272727272726
-0.0024654545454545454
-0.07827818181818182
0.002670909090909091
0.007396363636363636
-0.001438181818181818
0.058349090909090906
-0.006163636363636363
-0.0024654545454545454
0.2533254545454545
0.00904
0.041912727272727275
0.18758
-0.07601818181818182
0.12512181818181817
0.0940981818181818
-0.0764290909090909
0.12429999999999998
0.015409090909090907
0.042734545454545456
0.15717272727272727
-0.035749090909090904
-0.021367272727272728
-0.006574545454545454
0.027120000000000002
-0.07006
-0.01992909090909091
0.08362
-0.12388909090909091
0.22990363636363634
0.05608909090909091
-0.03616
0.25311999999999996
-0.13868181818181818
0.047665454545454546
0.04602181818181818
-0.20381090909090907
-0.032872727272727276
0.07375818181818182
-0.02218909090909091
-0.09964545454545454
0.14320181818181818
0.10334363636363636
0.05485636363636363
0.21018
0.030818181818181814
0.031229090909090908
0.19559272727272728
-0.04232363636363636
0.07108727272727272
0.06697818181818181
-0.18511454545454545
0.16908909090909088
0.12347818181818182
-0.12943636363636363
0.04314545454545454
0.06656727272727272
0.0041090909090909095
0.10272727272727272
-0.02075090909090909
-0.05485636363636363
0.1374490909090909
0.015409090909090907
0.022805454545454542
0.1125890909090909
-0.0041090909090909095
-0.00020545454545454542
0.13436727272727272
-0.08649636363636364
-0.0904
0.1193690909090909
-0.14669454545454544
0.007807272727272727
0.05773272727272727
-0.1261490909090909
0.10827454545454546
0.12861454545454545
0.0016436363636363634
0.06225272727272727
0.12142363636363637
-0.028352727272727273
0.09861818181818181
0.06800545454545455
-0.12697090909090908
0.11176727272727273
0.015614545454545454
0.005341818181818182
0.1510090909090909
-0.025065454545454544
0.008218181818181819
0.1610763636363636
0.02013454545454545
0.06430727272727273
0.12203999999999998
-0.08546909090909091
0.09204363636363636
0.07170363636363636
-0.06759454545454545
0.07314181818181818
0.05608909090909091
-0.08382545454545455
0.06389636363636363
0.0967690909090909
-0.08238727272727273
0.11834181818181817
0.08300363636363636
0.032667272727272725
0.12327272727272726
0.04376181818181818
-0.03205090909090909
0.007601818181818181
-0.00041090909090909085
-0.02342181818181818
0.04109090909090909
-0.1528581818181818
0.030407272727272724
0.1296418181818182
-0.03698181818181818
0.14073636363636363
0.2165490909090909
0.10293272727272727
0.058349090909090906
0.1713490909090909
0.0
-0.007807272727272727
0.013970909090909091
-0.0967690909090909
-0.026298181818181814
-0.09224909090909092
-0.033489090909090906
0.05300727272727272
0.030818181818181814
-0.06019818181818181
0.07889454545454545
0.056705454545454545
-0.08341454545454545
0.07088181818181817
0.01766909090909091
-0.055061818181818184
0.040063636363636364
0.048487272727272726
-0.06985454545454545
0.11402727272727273
0.08197636363636364
-0.010067272727272725
0.09594727272727273
-0.028147272727272726
0.11793090909090909
0.04910363636363636
-0.08670181818181817
0.04869272727272727
0.07375818181818182
-0.05218545454545454
-0.014381818181818181
0.1631309090909091
-0.04396727272727272
0.0226
0.14340727272727272
-0.0538290909090909
0.06410181818181818
0.12655999999999998
-0.01992909090909091
0.13087454545454547
0.10416545454545453
-0.08567454545454545
0.14279090909090908
0.041707272727272725
-0.07663454545454546
0.12429999999999998
0.011094545454545454
-0.07848363636363635
0.07170363636363636
0.04129636363636364
-0.05999272727272727
0.10868545454545453
0.047665454545454546
0.002876363636363636
0.11382181818181818
0.0470490909090909
0.08731818181818181
0.10375454545454545
-0.0226
0.02301090909090909
0.12450545454545454
-0.09635818181818182
0.026298181818181814
0.22312363636363636
-0.035749090909090904
0.04294
0.10971272727272725
-0.02362727272727273
0.10149454545454545
0.05362363636363636
-0.03225636363636363
0.027736363636363635
-0.014587272727272727
0.00904
0.01171090909090909
-0.06225272727272727
-0.048487272727272726
0.06163636363636363
-0.029996363636363634
-0.09245454545454544
0.1257381818181818
0.05485636363636363
0.011505454545454544
0.14464
0.027941818181818182
0.07848363636363635
0.05526727272727273
-0.0069854545454545456
0.14012
-0.032667272727272725
-0.13724363636363635
0.03780363636363636
-0.012121818181818182
-0.08855090909090908
0.12409454545454546
0.013765454545454546
-0.07047090909090908
0.21244
0.07683999999999999
-0.020545454545454544
0.11361636363636363
0.04951454545454545
0.002670909090909091
0.004314545454545455
-0.06595090909090909
0.00041090909090909085
0.13169636363636364
-0.03451636363636364
0.04807636363636364
0.1865527272727273
-0.054240000000000003
0.059170909090909087
0.15142
-0.09574181818181818
-0.02609272727272727
0.12820363636363635
-0.06718363636363636
-0.03554363636363636
0.10437090909090908
-0.030612727272727274
0.07252545454545453
0.15080363636363636
-0.0010272727272727274
0.113
0.10642545454545453
-0.04746
0.19559272727272728
0.04930909090909091
-0.17114363636363633
0.14874909090909091
0.03616
-0.10560363636363636
0.09759090909090909
-0.008834545454545454
-0.09779636363636364
0.15573454545454543
0.030612727272727274
-0.08567454545454545
0.2183981818181818
0.027325454545454545
0.01849090909090909
0.20771454545454546
-0.1125890909090909
-0.07232
0.1532690909090909
-0.17319818181818183
-0.08855090909090908
0.14916
-0.2153163636363636
0.06081454545454545
0.22168545454545452
-0.1193690909090909
0.18059454545454545
0.19559272727272728
-0.1017
0.17011636363636362
0.11135636363636363
-0.12368363636363637
0.1125890909090909
-0.04396727272727272
-0.14012
0.0628690909090909
0.00452
-0.007807272727272727
0.19271636363636363
0.1296418181818182
0.026298181818181814
0.20894727272727273
-0.017463636363636362
-0.04294
0.12758727272727272
-0.09738545454545454
-0.06143090909090909
0.07026545454545453
-0.044994545454545454
0.06081454545454545
0.09286545454545453
-0.029585454545454543
0.18860727272727273
0.10334363636363636
-0.027736363636363635
0.13683272727272727
0.056705454545454545
-0.09533090909090909
0.06533454545454545
0.09307090909090908
-0.12635454545454544
0.03020181818181818
0.01766909090909091
-0.10930181818181818
0.0538290909090909
-0.02670909090909091
0.005341818181818182
0.20278363636363633
-0.013560000000000001
0.02938
0.1939490909090909
0.055678181818181814
0.18347090909090907
0.12491636363636363
-0.04787090909090909
0.01890181818181818
0.0226
-0.09820727272727273
-0.1148490909090909
-0.0024654545454545454
-0.08012727272727273
0.004314545454545455
0.0538290909090909
-0.033694545454545456
0.11053454545454545
0.030407272727272724
-0.04972
0.16046
-0.04951454545454545
-0.14258545454545454
0.15388545454545455
-0.04972
-0.052390909090909085
0.1284090909090909
0.061841818181818185
-0.001438181818181818
0.09122181818181817
0.1419690909090909
-0.00945090909090909
0.09861818181818181
-0.02075090909090909
-0.03903636363636363
0.06574545454545455
-0.08834545454545455
0.06964909090909091
0.15409090909090908
-0.013149090909090907
0.038625454545454546
0.17402
0.0764290909090909
0.06697818181818181
0.08464727272727272
0.00020545454545454542
0.07951090909090908
0.06410181818181818
0.001849090909090909
0.10005636363636364
-0.05999272727272727
-0.14813272727272728
0.046432727272727264
-0.08115454545454545
-0.0565
0.08896181818181817
-0.03225636363636363
0.007807272727272727
0.08978363636363636
0.04725454545454546
0.07581272727272727
0.24038181818181817
0.08588
-0.031229090909090908
0.10067272727272727
-0.10930181818181818
-0.02239454545454545
0.1360109090909091
-0.09492
0.06081454545454545
0.17011636363636362
0.02198363636363636
0.14566727272727273
0.15922727272727272
0.013149090909090907
0.1216290909090909
0.09615272727272728
-0.14176363636363634
-0.025887272727272724
-0.04437818181818182
-0.06533454545454545
0.10087818181818181
-0.09759090909090909
-0.07067636363636363
0.05444545454545455
-0.028147272727272726
0.07540181818181818
0.03657090909090909
-0.10190545454545454
0.03965272727272728
0.0678
-0.06430727272727273
0.06882727272727272
0.07478545454545454
0.0024654545454545454
0.12121818181818181
0.02342181818181818
-0.04787090909090909
0.09718
0.010889090909090909
0.008834545454545454
0.15080363636363636
-0.003287272727272727
0.06636181818181817
0.1510090909090909
0.03636545454545455
-0.02342181818181818
0.004725454545454545
0.009861818181818182
-0.041707272727272725
0.030407272727272724
-0.07108727272727272
-0.007807272727272727
0.07170363636363636
0.0069854545454545456
0.1495709090909091
0.1374490909090909
0.013765454545454546
0.059170909090909087
0.04150181818181818
-0.08916727272727272
-0.10067272727272727
0.0041090909090909095
-0.031229090909090908
-0.08711272727272727
0.05341818181818182
-0.02075090909090909
0.0727309090909091
0.16929454545454545
0.06903272727272727
0.16600727272727273
0.062458181818181815
0.033694545454545456
0.12635454545454544
0.11094545454545454
0.007396363636363636
0.15183090909090907
0.07992181818181819
-0.10622
0.0805381818181818
-0.10005636363636364
-0.04930909090909091
0.0786890909090909
-0.031639999999999995
-0.10991818181818182
0.03246181818181818
0.029996363636363634
-0.005341818181818182
0.28599272727272723
-0.045610909090909084
0.05485636363636363
0.18203272727272726
-0.10827454545454546
0.06266363636363637
0.04684363636363636
-0.12717636363636362
0.055061818181818184
0.055678181818181814
-0.17977272727272728
0.14073636363636363
0.08156545454545455
-0.023832727272727273
0.1939490909090909
0.07519636363636363
-0.1257381818181818
0.023832727272727273
0.11669818181818181
-0.08485272727272727
0.09019454545454544
-0.03780363636363636
-0.0447890909090909
0.1360109090909091
-0.03636545454545455
0.10848000000000001
0.21346727272727273
-0.03328363636363636
0.15121454545454543
0.2153163636363636
-0.16929454545454545
0.039241818181818176
0.12594363636363634
-0.09368727272727272
-0.04972
0.04417272727272727
-0.10498727272727272
-0.01808
0.05855454545454545
-0.08629090909090908
0.1360109090909091
-0.012943636363636362
0.01171090909090909
0.21696000000000001
0.04602181818181818
0.001438181818181818
0.08752363636363636
0.0016436363636363634
-0.07848363636363635
0.027736363636363635
-0.11135636363636363
-0.06738909090909091
0.04540545454545454
0.028147272727272726
0.01664181818181818
0.1623090909090909
0.12717636363636362
0.028352727272727273
0.20668727272727272
-0.0006163636363636364
0.12882
0.09697454545454545
-0.12286181818181818
0.04725454545454546
-0.05259636363636363
-0.1103290909090909
0.0727309090909091
0.04869272727272727
-0.07909999999999999
0.11834181818181817
0.010889090909090909
-0.02301090909090909
0.07232
-0.014381818181818181
0.010683636363636364
0.05711636363636363
0.07807272727272727
-0.029174545454545453
0.15799454545454544
0.041912727272727275
-0.09081090909090908
0.2075090909090909
0.06471818181818181
-0.044994545454545454
0.1415581818181818
0.013765454545454546
0.04232363636363636
0.17340363636363634
-0.10909636363636364
0.07211454545454546
0.07725090909090909
-0.11567090909090909
0.09204363636363636
0.02403818181818182
-0.10396
-0.02486
0.11587636363636362
-0.05999272727272727
0.040063636363636364
0.14813272727272728
0.05095272727272727
0.18059454545454545
0.04129636363636364
0.00862909090909091
0.06348545454545454
-0.045816363636363634
-0.05958181818181818
0.04068
-0.12697090909090908
-0.11875272727272726
0.14094181818181817
-0.008423636363636364
-0.04828181818181818
0.11669818181818181
0.02362727272727273
0.02568181818181818
0.15162545454545454
-0.04930909090909091
0.09615272727272728
0.14895454545454545
-0.07355272727272727
0.10519272727272726
-0.03636545454545455
-0.023216363636363632
0.16148727272727273
0.022805454545454542
-0.00452
0.10806909090909089
0.06964909090909091
-0.028763636363636363
0.14628363636363637
0.014587272727272727
-0.06821090909090909
0.12101272727272726
-0.07334727272727272
-0.04951454545454545
0.12491636363636363
-0.1586109090909091
-0.020956363636363638
0.16210363636363637
-0.11731454545454545
0.1341618181818182
0.15532363636363636
0.030407272727272724
0.21346727272727273
0.08300363636363636
-0.008834545454545454
0.06882727272727272
0.04294
-0.05444545454545455
0.05855454545454545
0.037598181818181815
-0.06163636363636363
0.09389272727272728
0.03636545454545455
-0.009861818181818182
0.1337509090909091
0.038419999999999996
0.010067272727272725
0.11916363636363636
0.001849090909090909
0.06266363636363637
0.06574545454545455
-0.11813636363636362
0.005958181818181818
0.05115818181818182
-0.06327999999999999
0.011916363636363636
0.11793090909090909
-0.030612727272727274
-0.01623090909090909
0.07909999999999999
-0.07437454545454546
-0.027736363636363635
0.06512909090909091
-0.02444909090909091
0.018285454545454546
0.005136363636363636
-0.0565
0.1645690909090909
0.055678181818181814
-0.10498727272727272
0.13888727272727272
0.09081090909090908
-0.13477818181818182
0.07601818181818182
0.15306363636363635
-0.1499818181818182
0.05732181818181818
0.16272
-0.06821090909090909
0.07930545454545455
0.08259272727272728
0.0069854545454545456
0.13909272727272726
-0.06204727272727273
-0.06985454545454545
0.14422909090909092
-0.08444181818181817
0.020956363636363638
0.17402
-0.048487272727272726
0.02116181818181818
0.1351890909090909
0.017874545454545452
-0.035749090909090904
0.10704181818181817
-0.009656363636363637
-0.04540545454545454
0.16169272727272727
-0.040885454545454544
0.09224909090909092
0.1325181818181818
-0.09265999999999999
0.2755145454545454
0.060609090909090904
-0.06019818181818181
0.2929781818181818
-0.05691090909090909
-0.04437818181818182
0.1479272727272727
-0.1088909090909091
-0.012121818181818182
0.08793454545454545
-0.030818181818181814
0.028352727272727273
0.1464890909090909
0.04150181818181818
0.01766909090909091
0.1881963636363636
-0.029996363636363634
0.012532727272727272
0.0990290909090909
-0.17792363636363634
0.043350909090909086
0.0990290909090909
-0.0904
0.044994545454545454
0.027736363636363635
-0.030407272727272724
0.08033272727272728
-0.05136363636363636
-0.02403818181818182
0.12450545454545454
-0.06903272727272727
0.027941818181818182
0.09348181818181817
-0.11320545454545454
-0.01725818181818182
0.1103290909090909
-0.03205090909090909
-0.09327636363636364
0.06903272727272727
-0.015819999999999997
0.05732181818181818
0.1366272727272727
-0.05896545454545454
0.16518545454545455
0.07334727272727272
-0.041912727272727275
0.2177818181818182
0.047665454545454546
-0.07519636363636363
0.00904
-0.0041090909090909095
-0.10622
-0.03451636363636364
0.11526
-0.042734545454545456
0.04109090909090909
0.1337509090909091
-0.055883636363636364
0.13785999999999998
0.04068
-0.03821454545454545
0.15902181818181815
-0.09861818181818181
0.05958181818181818
0.14443454545454545
-0.04314545454545454
0.13580545454545453
0.08423636363636364
0.02609272727272727
0.09163272727272727
0.10272727272727272
-0.02486
-0.056705454545454545
0.09923454545454545
-0.0990290909090909
0.029996363636363634
0.17196545454545456
-0.13888727272727272
0.14361272727272725
0.22004181818181817
-0.04437818181818182
0.14874909090909091
0.05444545454545455
0.008012727272727272
0.14279090909090908
-0.08382545454545455
-0.07190909090909091
0.08978363636363636
-0.02301090909090909
-0.06574545454545455
0.027941818181818182
-0.07807272727272727
-0.03307818181818182
0.12265636363636362
-0.09450909090909092
-0.003287272727272727
0.12861454545454545
-0.09019454545454544
0.06985454545454545
0.14731090909090908
-0.0990290909090909
0.03307818181818182
0.07766181818181818
-0.12553272727272727
0.051569090909090905
0.03636545454545455
-0.08259272727272728
0.16970545454545455
0.1360109090909091
0.059787272727272724
0.22230181818181818
0.05814363636363636
0.031229090909090908
0.2183981818181818
0.012121818181818182
-0.09492
0.006574545454545454
-0.05937636363636363
-0.05773272727272727
0.002670909090909091
-0.07827818181818182
0.07745636363636363
0.09820727272727273
-0.04109090909090909
0.10437090909090908
-0.042734545454545456
-0.07704545454545454
0.07992181818181819
0.0012327272727272727
-0.033489090909090906
0.0447890909090909
0.060609090909090904
0.043556363636363636
0.23997090909090907
0.08238727272727273
-0.04930909090909091
0.20278363636363633
0.06369090909090909
0.02403818181818182
0.07581272727272727
-0.06862181818181817
0.01992909090909091
0.07519636363636363
-0.013354545454545456
0.05259636363636363
0.061841818181818185
-0.003287272727272727
0.05608909090909091
0.0020545454545454547
-0.05773272727272727
-0.02979090909090909
0.05855454545454545
0.00041090909090909085
-0.010683636363636364
0.08855090909090908
-0.05855454545454545
0.17463636363636362
0.10724727272727272
-0.14361272727272725
0.07232
-0.029585454545454543
-0.05033636363636364
-0.02075090909090909
-0.014176363636363636
0.045816363636363634
0.04047454545454546
0.07129272727272727
0.08670181818181817
0.13169636363636364
0.07971636363636364
0.03307818181818182
0.14813272727272728
0.07725090909090909
-0.08156545454545455
0.09882363636363636
0.008834545454545454
0.027120000000000002
0.09060545454545453
-0.08588
0.02301090909090909
-0.007601818181818181
0.01849090909090909
0.026298181818181814
-0.04068
-0.016025454545454544
0.10272727272727272
0.11854727272727272
-0.017463636363636362
0.11977999999999998
0.12717636363636362
-0.05300727272727272
0.027120000000000002
0.06677272727272728
-0.09820727272727273
0.05855454545454545
-0.0024654545454545454
-0.1397090909090909
0.08649636363636364
-0.020956363636363638
0.0041090909090909095
0.1916890909090909
0.05526727272727273
-0.035749090909090904
0.10334363636363636
0.06430727272727273
-0.010683636363636364
0.11567090909090909
-0.055678181818181814
-0.07396363636363636
0.10375454545454545
-0.05013090909090909
0.09574181818181818
0.17196545454545456
-0.08690727272727272
0.13683272727272727
0.1337509090909091
-0.059170909090909087
0.0904
0.054034545454545446
0.017463636363636362
0.0069854545454545456
0.038625454545454546
-0.06656727272727272
0.01725818181818182
0.04869272727272727
-0.09944
0.1088909090909091
-0.07889454545454545
-0.03328363636363636
0.14813272727272728
0.04376181818181818
0.055678181818181814
0.1325181818181818
0.06882727272727272
0.014176363636363636
0.09635818181818182
-0.09574181818181818
-0.028147272727272726
0.043350909090909086
-0.025476363636363634
-0.015819999999999997
0.10313818181818181
0.09697454545454545
0.08362
0.23236909090909091
0.04828181818181818
0.1193690909090909
0.040885454545454544
-0.020956363636363638
0.05999272727272727
-0.10108363636363636
-0.09985090909090909
-0.032667272727272725
0.04602181818181818
-0.0727309090909091
0.05300727272727272
0.053212727272727266
-0.03883090909090909
0.14340727272727272
0.09492
-0.031229090909090908
0.050747272727272724
0.04663818181818182
-0.08238727272727273
0.1193690909090909
-0.03883090909090909
-0.019723636363636363
0.1573781818181818
-0.04972
0.04663818181818182
0.09327636363636364
0.0008218181818181817
0.029174545454545453
0.08916727272727272
-0.03657090909090909
0.05937636363636363
0.10005636363636364
-0.0904
0.04396727272727272
0.07519636363636363
-0.09204363636363636
0.014176363636363636
0.08382545454545455
-0.06903272727272727
0.13005272727272726
0.04910363636363636
-0.015203636363636362
0.2631872727272727
-0.0010272727272727274
-0.02527090909090909
0.09430363636363637
-0.08896181818181817
-0.012943636363636362
0.07108727272727272
-0.10416545454545453
-0.10334363636363636
0.0967690909090909
-0.012943636363636362
0.003287272727272727
0.17093818181818182
0.010889090909090909
0.11053454545454545
0.19908545454545457
-0.07478545454545454
0.1148490909090909
0.17525272727272728
-0.05773272727272727
0.13724363636363635
0.0678
-0.06903272727272727
0.12491636363636363
0.08012727272727273
-0.04417272727272727
0.10149454545454545
0.05485636363636363
-0.04910363636363636
0.14874909090909091
-0.009656363636363637
-0.07786727272727272
0.14484545454545456
-0.11156181818181818
-0.08711272727272727
0.11443818181818181
-0.17114363636363633
-0.04294
0.16046
-0.0470490909090909
0.01664181818181818
0.13642181818181817
0.08115454545454545
0.10313818181818181
0.14258545454545454
0.10478181818181817
0.05855454545454545
0.008218181818181819
0.008218181818181819
0.03451636363636364
-0.08341454545454545
-0.0967690909090909
0.05259636363636363
-0.01766909090909091
-0.07560727272727272
0.0805381818181818
0.03780363636363636
0.06204727272727273
0.15347454545454545
0.019723636363636363
0.07971636363636364
0.015614545454545454
-0.042529090909090905
0.14340727272727272
-0.06985454545454545
-0.12902545454545453
0.10416545454545453
0.02075090909090909
-0.09718
0.05033636363636364
0.1631309090909091
-0.035954545454545454
-0.0024654545454545454
0.08505818181818181
-0.03965272727272728
0.06430727272727273
-0.019518181818181816
0.004314545454545455
0.12943636363636363
-0.07786727272727272
0.05896545454545454
0.19415454545454544
0.029585454545454543
0.008834545454545454
0.13498363636363636
0.028147272727272726
-0.02979090909090909
0.11834181818181817
-0.014381818181818181
-0.01623090909090909
0.03985818181818182
-0.0895781818181818
0.01664181818181818
0.10519272727272726
-0.07540181818181818
0.13991454545454546
0.1483381818181818
-0.10991818181818182
0.226
0.14525636363636363
-0.012532727272727272
0.12429999999999998
0.007396363636363636
-0.10046727272727272
-0.018696363636363636
0.06636181818181817
-0.14279090909090908
0.016847272727272728
0.0447890909090909
-0.1012890909090909
0.23093090909090908
0.04417272727272727
-0.007807272727272727
0.30345636363636364
-0.05526727272727273
-0.02444909090909091
0.17525272727272728
-0.13231272727272728
0.035749090909090904
0.06656727272727272
-0.15655636363636363
-0.051569090909090905
0.11998545454545453
0.04294
0.04109090909090909
0.22928727272727273
0.0030818181818181817
0.07745636363636363
0.0805381818181818
-0.07190909090909091
0.13190181818181818
-0.08444181818181817
-0.1631309090909091
0.08177090909090909
-0.06101999999999999
-0.09718
0.18449818181818184
0.07334727272727272
0.03636545454545455
0.15347454545454545
0.038419999999999996
0.02568181818181818
0.07581272727272727
-0.017463636363636362
0.02075090909090909
0.05198
-0.12429999999999998
0.12306727272727273
0.008012727272727272
-0.1411472727272727
0.1623090909090909
0.07149818181818181
-0.009861818181818182
0.1076581818181818
0.19436
0.045816363636363634
0.0967690909090909
0.13621636363636364
0.02342181818181818
0.09081090909090908
0.004930909090909091
-0.10519272727272726
0.04109090909090909
-0.039241818181818176
-0.18840181818181817
0.05198
-0.09450909090909092
0.01992909090909091
0.12553272727272727
0.009656363636363637
0.12121818181818181
-0.0024654545454545454
0.10396
0.0006163636363636364
0.032667272727272725
0.02198363636363636
-0.062458181818181815
0.04787090909090909
-0.07293636363636363
0.10519272727272726
0.10539818181818181
-0.02362727272727273
0.07889454545454545
0.1524472727272727
-0.0402690909090909
-0.017874545454545452
0.06923818181818181
-0.12347818181818182
-0.015614545454545454
0.027941818181818182
-0.05362363636363636
0.06492363636363636
0.14464
0.02486
0.14751636363636364
0.12368363636363637
0.006163636363636363
0.14279090909090908
0.024243636363636363
-0.08320909090909091
0.06841636363636364
0.02301090909090909
-0.15799454545454544
0.12286181818181818
-0.053212727272727266
-0.16169272727272727
0.15573454545454543
-0.07848363636363635
-0.005547272727272727
0.1314909090909091
-0.005547272727272727
0.04972
0.1727872727272727
0.04294
0.10868545454545453
0.17771818181818183
-0.15306363636363635
0.0447890909090909
0.12799818181818182
-0.14217454545454544
0.027325454545454545
0.15943272727272728
0.011916363636363636
0.1637472727272727
0.1935381818181818
0.015614545454545454
0.17792363636363634
0.03636545454545455
0.0012327272727272727
0.10498727272727272
-0.10971272727272725
-0.11423272727272726
0.003698181818181818
-0.06101999999999999
-0.051569090909090905
0.07026545454545453
-0.014792727272727272
0.0402690909090909
0.06410181818181818
-0.04437818181818182
0.05198
0.03821454545454545
-0.05855454545454545
0.009861818181818182
0.033694545454545456
0.031229090909090908
0.10786363636363637
0.06985454545454545
-0.008834545454545454
0.06697818181818181
0.15162545454545454
-0.020956363636363638
0.061841818181818185
0.08033272727272728
-0.02527090909090909
0.15347454545454545
-0.050747272727272724
-0.02670909090909091
0.07992181818181819
-0.031845454545454545
0.04109090909090909
-0.06163636363636363
-0.06471818181818181
-0.011094545454545454
-0.008423636363636364
0.019312727272727273
0.0628690909090909
0.13621636363636364
0.05033636363636364
0.07375818181818182
0.07930545454545455
-0.02157272727272727
0.0538290909090909
-0.0565
-0.12655999999999998
0.00862909090909091
-0.048487272727272726
-0.031229090909090908
0.15614545454545453
0.14381818181818182
0.019312727272727273
0.1723763636363636
0.13107999999999997
0.031229090909090908
0.2136727272727273
-0.014381818181818181
-0.017874545454545452
0.11793090909090909
-0.12388909090909091
0.07540181818181818
0.13272363636363635
-0.12019090909090908
0.04930909090909091
0.12060181818181817
-0.10334363636363636
0.003698181818181818
0.09615272727272728
-0.07006
0.03883090909090909
0.013560000000000001
-0.05300727272727272
0.15018727272727272
0.06944363636363636
-0.07190909090909091
0.08444181818181817
0.052390909090909085
-0.08998909090909091
0.1483381818181818
0.044994545454545454
-0.14751636363636364
0.10334363636363636
-0.0020545454545454547
-0.06369090909090909
0.14135272727272727
-0.011094545454545454
-0.015614545454545454
0.14340727272727272
-0.12779272727272725
0.06800545454545455
0.18182727272727273
-0.0967690909090909
0.12676545454545454
0.06081454545454545
-0.041707272727272725
0.06944363636363636
0.09697454545454545
0.02568181818181818
0.13539454545454546
0.10909636363636364
-0.09656363636363637
0.14381818181818182
0.021367272727272728
-0.04458363636363636
0.13272363636363635
0.03328363636363636
-0.10642545454545453
0.07334727272727272
-0.006574545454545454
-0.1921
0.1723763636363636
-0.06451272727272726
0.012943636363636362
0.17032181818181816
-0.08259272727272728
0.1261490909090909
0.1216290909090909
0.038625454545454546
0.0786890909090909
0.024654545454545453
-0.09122181818181817
0.06656727272727272
0.02013454545454545
-0.09738545454545454
0.09142727272727272
0.06595090909090909
-0.012327272727272727
0.11238363636363637
0.11895818181818181
-0.050747272727272724
0.18059454545454545
0.09060545454545453
-0.08711272727272727
0.08875636363636363
-0.13477818181818182
-0.04314545454545454
0.10375454545454545
-0.14813272727272728
0.01664181818181818
0.12532727272727273
-0.08218181818181818
0.035954545454545454
0.08567454545454545
-0.055061818181818184
-0.029585454545454543
0.1296418181818182
0.045610909090909084
-0.06451272727272726
0.11115090909090909
0.031845454545454545
0.06040363636363636
0.07519636363636363
-0.05793818181818181
0.13868181818181818
0.08094909090909091
-0.06389636363636363
0.11608181818181817
-0.012121818181818182
-0.07293636363636363
0.14607818181818183
0.03985818181818182
-0.02301090909090909
0.08978363636363636
0.06430727272727273
-0.0447890909090909
0.11752
0.041912727272727275
-0.08588
0.17155454545454543
-0.009245454545454545
0.035954545454545454
0.17545818181818182
-0.01849090909090909
0.08341454545454545
0.10560363636363636
-0.054240000000000003
-0.024654545454545453
0.06122545454545455
-0.06841636363636364
-0.028147272727272726
0.09923454545454545
-0.08834545454545455
-0.08505818181818181
0.13005272727272726
-0.04458363636363636
0.031845454545454545
0.1766909090909091
-0.014998181818181817
0.17525272727272728
0.06225272727272727
-0.05876
0.15594
-0.02670909090909091
0.002670909090909091
0.13621636363636364
-0.06574545454545455
-0.002876363636363636
0.12902545454545453
-0.015203636363636362
0.002876363636363636
0.08937272727272727
0.011094545454545454
-0.002876363636363636
0.020545454545454544
-0.010478181818181819
0.021367272727272728
0.0
-0.08793454545454545
0.003287272727272727
-0.010683636363636364
-0.12306727272727273
0.08259272727272728
0.15922727272727272
0.01623090909090909
0.09163272727272727
0.13313454545454545
0.08793454545454545
0.1360109090909091
-0.01725818181818182
-0.010683636363636364
0.13991454545454546
-0.1366272727272727
0.014587272727272727
0.13457272727272726
-0.16477454545454545
0.07088181818181817
0.07663454545454546
-0.029996363636363634
0.13909272727272726
0.10663090909090908
0.10601454545454544
0.059170909090909087
0.054240000000000003
0.02568181818181818
-0.02444909090909091
0.11053454545454545
-0.02444909090909091
-0.038419999999999996
0.12717636363636362
-0.09738545454545454
0.04047454545454546
0.09779636363636364
-0.10046727272727272
0.15491272727272726
0.011094545454545454
-0.08567454545454545
0.11464363636363636
0.005547272727272727
-0.02157272727272727
0.06204727272727273
0.02444909090909091
0.02157272727272727
0.08731818181818181
-0.01171090909090909
0.04828181818181818
0.14977636363636362
-0.023216363636363632
0.033694545454545456
0.07848363636363635
-0.10478181818181817
-0.01992909090909091
0.13580545454545453
-0.03739272727272727
-0.031845454545454545
0.12902545454545453
-0.15491272727272726
0.011505454545454544
0.19785272727272726
-0.13580545454545453
0.12203999999999998
0.14258545454545454
-0.11854727272727272
0.17936181818181818
0.05999272727272727
-0.13457272727272726
0.1645690909090909
0.01623090909090909
-0.12060181818181817
0.11279454545454545
0.003698181818181818
-0.0339
0.13847636363636362
-0.00945090909090909
-0.014587272727272727
0.15881636363636362
-0.007807272727272727
0.04889818181818182
0.15758363636363634
-0.05444545454545455
0.028969090909090906
0.08793454545454545
-0.07540181818181818
-0.002876363636363636
0.08341454545454545
-0.06636181818181817
0.14012
0.12142363636363637
-0.05198
0.27099454545454543
0.07437454545454546
0.0063690909090909084
0.12779272727272725
-0.0452
-0.07149818181818181
0.11464363636363636
-0.02609272727272727
-0.12142363636363637
0.12717636363636362
-0.07951090909090908
0.08814
0.12429999999999998
0.0034927272727272728
0.06964909090909091
0.07540181818181818
0.06019818181818181
-0.08156545454545455
0.15676181818181817
-0.01664181818181818
-0.02075090909090909
0.061841818181818185
-0.10313818181818181
0.07745636363636363
0.055678181818181814
-0.0226
0.07971636363636364
0.07478545454545454
-0.06677272727272728
0.1608709090909091
0.05218545454545454
0.019312727272727273
0.09779636363636364
-0.04930909090909091
0.02362727272727273
-0.05732181818181818
0.0226
-0.09512545454545453
-0.040885454545454544
-0.032872727272727276
-0.07663454545454546
0.10663090909090908
0.001438181818181818
0.06759454545454545
0.12532727272727273
0.022805454545454542
0.04150181818181818
0.13929818181818182
-0.09923454545454545
0.00904
0.10416545454545453
-0.12265636363636362
0.06266363636363637
0.05526727272727273
-0.009861818181818182
0.07396363636363636
0.18449818181818184
0.0447890909090909
0.0538290909090909
0.05711636363636363
-0.09923454545454545
0.06122545454545455
-0.02075090909090909
-0.01808
0.12635454545454544
0.031639999999999995
-0.027530909090909092
0.20668727272727272
0.10745272727272726
0.02568181818181818
0.19127818181818182
0.0008218181818181817
-0.05855454545454545
0.08814
0.02034
-0.10334363636363636
0.08156545454545455
-0.10930181818181818
-0.06348545454545454
0.09841272727272728
-0.12758727272727272
0.08238727272727273
0.09471454545454545
-0.06225272727272727
0.0452
0.15922727272727272
-0.018696363636363636
0.08711272727272727
0.18490909090909088
-0.028969090909090906
0.07971636363636364
-0.014998181818181817
-0.05896545454545454
0.113
-0.011505454545454544
-0.08629090909090908
0.2504490909090909
0.03020181818181818
-0.03944727272727273
0.3394109090909091
0.033489090909090906
0.08279818181818181
0.07704545454545454
-0.0918381818181818
0.05259636363636363
-0.08998909090909091
-0.17751272727272727
-0.028147272727272726
-0.027120000000000002
-0.06492363636363636
0.10478181818181817
0.08670181818181817
-0.05444545454545455
0.08567454545454545
0.15265272727272727
-0.12697090909090908
0.013149090909090907
0.01664181818181818
-0.032872727272727276
0.18778545454545456
-0.14484545454545456
0.019107272727272726
0.24120363636363634
0.035749090909090904
0.1325181818181818
0.10087818181818181
-0.020545454545454544
0.11115090909090909
0.05218545454545454
-0.009656363636363637
0.06800545454545455
-0.07355272727272727
0.009656363636363637
0.06656727272727272
0.038419999999999996
-0.10724727272727272
0.04129636363636364
0.13025818181818183
-0.18984
0.07848363636363635
0.05937636363636363
-0.03739272727272727
0.10560363636363636
0.01171090909090909
0.04869272727272727
0.04889818181818182
-0.043556363636363636
-0.018285454545454546
0.0918381818181818
-0.0764290909090909
-0.1840872727272727
0.14731090909090908
0.11854727272727272
-0.032667272727272725
0.20997454545454544
0.04129636363636364
0.03780363636363636
0.2490109090909091
0.051569090909090905
0.060609090909090904
0.12286181818181818
-0.03739272727272727
0.02568181818181818
0.11649272727272726
-0.14032545454545453
0.002670909090909091
0.13395636363636362
-0.14340727272727272
-0.03451636363636364
0.1306690909090909
-0.041707272727272725
0.0727309090909091
0.13190181818181818
-0.06697818181818181
0.15142
0.04746
-0.0006163636363636364
0.19189454545454546
-0.03307818181818182
-0.08341454545454545
0.1125890909090909
-0.06410181818181818
-0.10457636363636363
0.11854727272727272
-0.12635454545454544
0.007807272727272727
0.16600727272727273
0.007807272727272727
0.06122545454545455
0.1510090909090909
0.00041090909090909085
0.04807636363636364
0.16272
-0.16970545454545455
0.08177090909090909
0.07458
-0.13087454545454547
0.09574181818181818
0.035954545454545454
0.013765454545454546
0.17689636363636363
0.09265999999999999
-0.08177090909090909
0.11423272727272726
-0.01705272727272727
-0.06122545454545455
0.06512909090909091
-0.08074363636363636
-0.015203636363636362
0.07088181818181817
-0.02486
0.0069854545454545456
0.10704181818181817
-0.14299636363636362
0.06430727272727273
0.17607454545454546
-0.16949999999999998
0.06821090909090909
0.11854727272727272
-0.027530909090909092
0.1727872727272727
0.044994545454545454
-0.09450909090909092
0.09471454545454545
0.01623090909090909
-0.08074363636363636
-0.00020545454545454542
0.08177090909090909
-0.05608909090909091
0.07704545454545454
0.12491636363636363
-0.02362727272727273
0.25805090909090905
0.06410181818181818
0.10231636363636364
0.18593636363636362
-0.1419690909090909
-0.00945090909090909
0.09307090909090908
-0.07951090909090908
-0.04972
0.014176363636363636
-0.06081454545454545
0.09615272727272728
0.12779272727272725
0.029585454545454543
0.03739272727272727
0.1840872727272727
-0.04540545454545454
-0.055061818181818184
0.20997454545454544
-0.12491636363636363
0.11567090909090909
0.06574545454545455
-0.11546545454545454
0.16354181818181818
-0.010683636363636364
0.01664181818181818
0.1645690909090909
0.04232363636363636
-0.10560363636363636
0.11813636363636362
0.05095272727272727
-0.113
0.10272727272727272
0.07766181818181818
-0.05814363636363636
0.03616
0.07375818181818182
-0.05259636363636363
0.0805381818181818
-0.05341818181818182
0.00862909090909091
0.1600490909090909
-0.10642545454545453
0.06225272727272727
0.11443818181818181
-0.08259272727272728
0.041912727272727275
0.028147272727272726
-0.14340727272727272
0.03883090909090909
0.019312727272727273
-0.1216290909090909
0.021367272727272728
-0.009245454545454545
-0.023832727272727273
0.1103290909090909
0.07006
-0.050747272727272724
0.18696363636363633
0.12594363636363634
-0.031229090909090908
0.24716181818181818
0.01766909090909091
-0.03985818181818182
0.17093818181818182
-0.030407272727272724
0.0
0.07807272727272727
0.04047454545454546
0.11423272727272726
0.0764290909090909
-0.04602181818181818
0.035954545454545454
0.06307454545454545
-0.10231636363636364
0.0339
0.036776363636363635
-0.1569672727272727
0.08156545454545455
0.06738909090909091
-0.11197272727272727
0.10190545454545454
0.06553999999999999
0.10848000000000001
0.1551181818181818
-0.04396727272727272
0.16970545454545455
0.18737454545454543
0.04684363636363636
0.13087454545454547
0.07252545454545453
-0.030407272727272724
-0.005341818181818182
0.08690727272727272
-0.05958181818181818
-0.0565
0.021367272727272728
-0.050747272727272724
0.011916363636363636
-0.025476363636363634
0.037598181818181815
0.15224181818181817
0.014176363636363636
-0.05033636363636364
0.1076581818181818
-0.03472181818181818
-0.0904
0.11690363636363636
-0.018285454545454546
-0.07355272727272727
0.035954545454545454
0.032872727272727276
-0.027530909090909092
0.05485636363636363
0.001438181818181818
0.014998181818181817
0.0990290909090909
-0.08875636363636363
0.043350909090909086
0.06204727272727273
-0.020956363636363638
0.11916363636363636
0.12491636363636363
-0.034927272727272723
0.005136363636363636
0.20648181818181818
0.013149090909090907
-0.03410545454545454
0.09019454545454544
-0.05608909090909091
-0.02486
0.05362363636363636
-0.09471454545454545
0.11526
0.07108727272727272
-0.1483381818181818
0.19703090909090906
0.05054181818181818
-0.07458
0.11053454545454545
0.09718
-0.02979090909090909
0.07909999999999999
0.20134545454545455
-0.06759454545454545
0.19538727272727272
0.0918381818181818
-0.06677272727272728
0.1035490909090909
-0.10848000000000001
0.05177454545454545
0.09923454545454545
-0.08772909090909091
-0.02609272727272727
0.16354181818181818
-0.008012727272727272
0.059787272727272724
0.21285090909090906
-0.07889454545454545
0.02670909090909091
0.07786727272727272
-0.04294
0.04294
0.04129636363636364
-0.06964909090909091
0.09327636363636364
0.014587272727272727
-0.0628690909090909
0.2675018181818182
0.09450909090909092
-0.08300363636363636
0.1637472727272727
0.01725818181818182
-0.21716545454545452
0.06512909090909091
-0.10478181818181817
-0.1419690909090909
0.13087454545454547
-0.06389636363636363
0.05608909090909091
0.13005272727272726
0.005547272727272727
0.07581272727272727
0.1224509090909091
-0.0226
-0.03328363636363636
0.02691454545454545
-0.011094545454545454
0.06369090909090909
0.06101999999999999
-0.042529090909090905
0.054034545454545446
0.1125890909090909
-0.029996363636363634
0.1306690909090909
0.02938
0.013970909090909091
0.20319454545454546
-0.04417272727272727
0.007190909090909091
0.2153163636363636
0.02650363636363636
-0.018696363636363636
0.1374490909090909
-0.07663454545454546
-0.06101999999999999
0.007396363636363636
-0.1216290909090909
-0.09574181818181818
0.07314181818181818
0.020956363636363638
0.07129272727272727
0.25661272727272727
-0.07026545454545453
0.13436727272727272
0.12409454545454546
-0.09697454545454545
0.05054181818181818
0.012532727272727272
-0.07396363636363636
0.029996363636363634
0.17196545454545456
-0.11402727272727273
0.1454618181818182
0.10971272727272725
-0.0447890909090909
0.17093818181818182
-0.0113
-0.05711636363636363
-0.014176363636363636
-0.05855454545454545
-0.07827818181818182
0.18531999999999998
-0.1314909090909091
0.03246181818181818
0.3338636363636363
-0.09142727272727272
0.14299636363636362
0.2093581818181818
0.032667272727272725
-0.029174545454545453
0.03821454545454545
-0.13847636363636362
-0.028352727272727273
0.11854727272727272
-0.15943272727272728
-0.04047454545454546
-0.03328363636363636
-0.07170363636363636
-0.013354545454545456
0.07560727272727272
-0.0895781818181818
0.07766181818181818
0.09985090909090909
0.007396363636363636
0.1939490909090909
0.014587272727272727
0.15840545454545454
0.1058090909090909
0.027941818181818182
-0.034310909090909086
0.018696363636363636
-0.014381818181818181
-0.015819999999999997
0.21901454545454546
-0.038625454545454546
0.13231272727272728
0.1569672727272727
-0.001438181818181818
0.1419690909090909
0.10642545454545453
-0.05937636363636363
0.019312727272727273
-0.02301090909090909
-0.17196545454545456
0.0067800000000000004
-0.02691454545454545
0.055678181818181814
0.06800545454545455
0.017874545454545452
-0.033489090909090906
0.0895781818181818
0.09615272727272728
-0.06677272727272728
0.10272727272727272
-0.11217818181818182
0.012943636363636362
0.16518545454545455
0.021367272727272728
0.07252545454545453
0.1012890909090909
0.03698181818181818
0.09307090909090908
0.1524472727272727
-0.041707272727272725
0.12368363636363637
0.01992909090909091
-0.03513272727272727
0.10046727272727272
-0.05814363636363636
-0.001438181818181818
0.14484545454545456
-0.001438181818181818
-0.18634727272727272
0.08505818181818181
-0.03225636363636363
-0.06903272727272727
0.07889454545454545
-0.09430363636363637
0.05177454545454545
0.11854727272727272
0.07540181818181818
0.09019454545454544
0.07786727272727272
-0.03554363636363636
0.0041090909090909095
0.0447890909090909
-0.16395272727272728
-0.11443818181818181
0.059787272727272724
0.04109090909090909
0.0008218181818181817
0.14381818181818182
0.07088181818181817
0.1125890909090909
0.23545090909090907
0.007601818181818181
0.10724727272727272
0.02568181818181818
-0.09759090909090909
0.1678563636363636
-0.011094545454545454
-0.06841636363636364
0.1193690909090909
0.013354545454545456
-0.05136363636363636
-0.007396363636363636
0.113
0.03513272727272727
-0.03718727272727273
0.06821090909090909
0.0041090909090909095
0.038625454545454546
0.023832727272727273
0.06944363636363636
0.18121090909090906
-0.09265999999999999
-0.027736363636363635
0.18963454545454544
-0.08033272727272728
-0.019518181818181816
0.11526
-0.12594363636363634
-0.02568181818181818
0.10211090909090909
-0.08670181818181817
0.02568181818181818
0.11587636363636362
-0.02013454545454545
0.1573781818181818
-0.00945090909090909
-0.06718363636363636
0.2278490909090909
0.02670909090909091
-0.030612727272727274
0.12265636363636362
0.06122545454545455
-0.05218545454545454
0.18449818181818184
0.14669454545454544
-0.031639999999999995
0.1479272727272727
0.01664181818181818
0.014792727272727272
0.02568181818181818
-0.14772181818181818
0.007396363636363636
0.07601818181818182
-0.14484545454545456
-0.00041090909090909085
0.029585454545454543
-0.09512545454545453
0.13272363636363635
0.10149454545454545
-0.03205090909090909
0.11916363636363636
0.15758363636363634
-0.012532727272727272
0.18531999999999998
0.06636181818181817
-0.08382545454545455
0.13313454545454545
-0.04232363636363636
-0.05855454545454545
0.0069854545454545456
-0.02362727272727273
-0.02650363636363636
0.1306690909090909
0.07909999999999999
-0.02527090909090909
0.1464890909090909
0.08464727272727272
0.030407272727272724
0.06266363636363637
0.02362727272727273
-0.0452
0.030818181818181814
-0.10046727272727272
-0.02013454545454545
0.06122545454545455
-0.08526363636363636
0.11320545454545454
0.08752363636363636
0.02527090909090909
0.02239454545454545
0.05444545454545455
-0.02650363636363636
0.007807272727272727
0.08074363636363636
-0.0904
0.003698181818181818
0.05300727272727272
0.01849090909090909
0.04889818181818182
0.10087818181818181
0.04047454545454546
0.11341090909090909
0.033489090909090906
-0.08485272727272727
0.12491636363636363
-0.01992909090909091
-0.03780363636363636
0.1193690909090909
0.008012727272727272
-0.03800909090909091
0.14012
0.007190909090909091
-0.0041090909090909095
0.14895454545454545
-0.024243636363636363
0.11279454545454545
0.05259636363636363
-0.0113
0.14299636363636362
0.05855454545454545
-0.02691454545454545
0.09286545454545453
0.04437818181818182
-0.1374490909090909
0.08074363636363636
0.045610909090909084
-0.10991818181818182
0.06348545454545454
0.062458181818181815
-0.06410181818181818
0.13950363636363636
0.10046727272727272
0.010889090909090909
0.2229181818181818
0.028147272727272726
0.08136
0.15902181818181815
-0.07889454545454545
0.04150181818181818
0.10724727272727272
-0.11443818181818181
0.014176363636363636
0.11464363636363636
-0.11649272727272726
0.05547272727272727
0.11176727272727273
-0.04068
0.01890181818181818
0.02609272727272727
-0.055883636363636364
0.08978363636363636
-0.029585454545454543
-0.17997818181818181
0.13457272727272726
-0.029996363636363634
-0.04972
0.11197272727272727
-0.01890181818181818
0.034310909090909086
0.12429999999999998
0.05198
0.04807636363636364
0.14012
0.003287272727272727
0.0538290909090909
0.11772545454545454
-0.08855090909090908
0.02362727272727273
0.0749909090909091
-0.09964545454545454
0.01664181818181818
0.001438181818181818
-0.04828181818181818
0.13272363636363635
0.025065454545454544
0.036776363636363635
0.19723636363636363
0.02342181818181818
-0.00904
0.10683636363636365
-0.020956363636363638
-0.06451272727272726
0.05013090909090909
-0.00904
-0.00452
0.03739272727272727
0.033694545454545456
0.0727309090909091
0.1727872727272727
0.05629454545454545
0.005958181818181818
0.16559636363636362
-0.015409090909090907
0.028763636363636363
0.04889818181818182
-0.04376181818181818
0.05198
0.06389636363636363
0.041912727272727275
0.05691090909090909
0.10663090909090908
0.05341818181818182
0.15594
0.035749090909090904
-0.10087818181818181
0.10026181818181817
0.001438181818181818
-0.10539818181818181
0.05711636363636363
0.05999272727272727
-0.06718363636363636
0.07108727272727272
0.04910363636363636
-0.0008218181818181817
0.1419690909090909
-0.010067272727272725
0.025065454545454544
0.18285454545454544
-0.04869272727272727
-0.07663454545454546
0.12265636363636362
-0.03800909090909091
-0.09574181818181818
-0.00904
-0.05999272727272727
0.00041090909090909085
0.019723636363636363
-0.027325454545454545
0.07026545454545453
0.12203999999999998
0.02938
0.1586109090909091
0.13005272727272726
-0.04458363636363636
0.12655999999999998
0.08485272727272727
-0.12697090909090908
-0.030818181818181814
-0.025887272727272724
-0.031845454545454545
0.06821090909090909
-0.055883636363636364
0.07725090909090909
0.23093090909090908
0.04129636363636364
0.08588
0.24839454545454545
-0.029996363636363634
-0.03718727272727273
0.06451272727272726
-0.19292181818181817
-0.04972
-0.03944727272727273
-0.013560000000000001
0.11217818181818182
0.0805381818181818
0.0628690909090909
0.17751272727272727
0.18511454545454545
-0.02034
0.14772181818181818
0.005547272727272727
-0.06553999999999999
0.10375454545454545
0.02013454545454545
-0.041707272727272725
0.10293272727272727
0.01992909090909091
-0.019312727272727273
0.20586545454545455
-0.12409454545454546
0.12265636363636362
0.13785999999999998
-0.09224909090909092
0.14751636363636364
0.022805454545454542
0.07314181818181818
0.08115454545454545
0.09368727272727272
-0.12738181818181818
-0.032667272727272725
0.10601454545454544
-0.19497636363636361
-0.03718727272727273
0.043556363636363636
-0.08485272727272727
0.010889090909090909
0.15224181818181817
0.030818181818181814
0.11669818181818181
0.0565
0.007396363636363636
0.04889818181818182
-0.11998545454545453
-0.07211454545454546
0.0041090909090909095
0.004314545454545455
-0.1284090909090909
0.14484545454545456
0.07375818181818182
-0.033489090909090906
0.19970181818181817
0.040063636363636364
0.042734545454545456
0.0470490909090909
-0.028352727272727273
-0.04294
0.10745272727272726
-0.029174545454545453
0.035749090909090904
0.1499818181818182
-0.020956363636363638
0.15203636363636364
0.18162181818181816
0.020956363636363638
0.001849090909090909
0.13128545454545454
-0.11690363636363636
0.050747272727272724
0.11341090909090909
-0.2301090909090909
0.07129272727272727
0.08341454545454545
-0.09450909090909092
-0.008012727272727272
0.01623090909090909
-0.08259272727272728
0.08320909090909091
0.02157272727272727
-0.04396727272727272
0.21613818181818178
0.08670181818181817
0.1261490909090909
0.2278490909090909
0.010889090909090909
-0.035954545454545454
0.14710545454545454
-0.07211454545454546
-0.034927272727272723
0.15039272727272726
-0.08649636363636364
0.09471454545454545
0.20319454545454546
0.033489090909090906
0.08238727272727273
0.17607454545454546
0.010067272727272725
0.04889818181818182
-0.034310909090909086
-0.22086363636363635
0.041707272727272725
-0.03800909090909091
-0.11813636363636362
0.007190909090909091
0.010889090909090909
0.03533818181818182
0.14135272727272727
0.019518181818181816
-0.04314545454545454
0.15347454545454545
-0.046432727272727264
-0.03225636363636363
0.062458181818181815
-0.041912727272727275
0.1076581818181818
0.08752363636363636
-0.04458363636363636
0.09142727272727272
0.04807636363636364
0.015203636363636362
0.15265272727272727
0.010889090909090909
-0.02444909090909091
0.04211818181818182
0.09492
-0.0041090909090909095
0.05732181818181818
0.08608545454545455
-0.06163636363636363
0.15265272727272727
-0.013354545454545456
-0.14073636363636363
0.012943636363636362
-0.08259272727272728
-0.013354545454545456
0.10293272727272727
-0.016025454545454544
0.01849090909090909
0.1524472727272727
0.013970909090909091
-0.00945090909090909
0.02116181818181818
-0.04294
0.05711636363636363
0.06040363636363636
-0.12820363636363635
0.06410181818181818
0.1836763636363636
-0.007190909090909091
0.2052490909090909
0.11608181818181817
-0.08937272727272727
0.11998545454545453
0.10683636363636365
-0.03636545454545455
0.046432727272727264
0.09101636363636363
-0.032667272727272725
0.03780363636363636
0.0452
-0.08485272727272727
0.08115454545454545
0.01766909090909091
-0.08711272727272727
0.18429272727272727
-0.10868545454545453
-0.033489090909090906
0.2740763636363636
-0.07951090909090908
0.12532727272727273
0.1836763636363636
-0.031639999999999995
0.05033636363636364
0.049925454545454544
-0.015614545454545454
-0.08074363636363636
0.010683636363636364
-0.048487272727272726
-0.02568181818181818
-0.012121818181818182
-0.09450909090909092
0.1668290909090909
0.12655999999999998
-0.06410181818181818
0.17545818181818182
0.12286181818181818
-0.09574181818181818
0.19312727272727273
0.08259272727272728
-0.1356
0.11834181818181817
0.04232363636363636
0.038419999999999996
0.06163636363636363
-0.04068
0.09759090909090909
0.13539454545454546
-0.003287272727272727
0.05711636363636363
0.04725454545454546
-0.17936181818181818
0.04663818181818182
0.07807272727272727
-0.12286181818181818
0.03328363636363636
0.010067272727272725
-0.03944727272727273
0.004314545454545455
-0.030407272727272724
0.04068
0.14361272727272725
0.058349090909090906
0.07088181818181817
0.15943272727272728
0.0024654545454545454
0.032872727272727276
0.1483381818181818
-0.007396363636363636
-0.08649636363636364
0.054240000000000003
-0.03143454545454545
-0.12820363636363635
0.04129636363636364
-0.019312727272727273
0.08937272727272727
0.09738545454545454
-0.030407272727272724
0.16600727272727273
0.0538290909090909
-0.043350909090909086
0.1325181818181818
0.005958181818181818
-0.13827090909090908
0.05608909090909091
-0.02670909090909091
-0.03533818181818182
0.1012890909090909
0.05526727272727273
0.04437818181818182
0.07663454545454546
0.12861454545454545
-0.04930909090909091
0.059170909090909087
0.05526727272727273
-0.01705272727272727
0.11197272727272727
-0.07067636363636363
-0.02486
0.1758690909090909
0.007190909090909091
-0.06471818181818181
0.2494218181818182
0.02342181818181818
-0.02198363636363636
0.20689272727272728
-0.03410545454545454
0.03965272727272728
0.12450545454545454
0.028763636363636363
0.04787090909090909
0.11197272727272727
-0.03636545454545455
-0.017463636363636362
0.04068
-0.07293636363636363
0.045816363636363634
0.019107272727272726
-0.04930909090909091
0.06964909090909091
0.17545818181818182
-0.05341818181818182
0.01664181818181818
0.13642181818181817
-0.06636181818181817
0.028763636363636363
-0.02670909090909091
-0.04602181818181818
0.07827818181818182
-0.05218545454545454
-0.08752363636363636
0.13272363636363635
-0.007807272727272727
0.001849090909090909
0.2093581818181818
-0.0226
0.06266363636363637
0.1569672727272727
-0.017463636363636362
-0.030612727272727274
0.04746
0.02218909090909091
0.014587272727272727
0.012532727272727272
-0.011505454545454544
0.17607454545454546
0.03636545454545455
-0.07889454545454545
0.11423272727272726
0.06759454545454545
-0.07232
0.04294
0.034927272727272723
-0.13231272727272728
0.03821454545454545
-0.016436363636363638
-0.059787272727272724
0.0452
-0.028558181818181816
0.12101272727272726
0.14813272727272728
-0.028558181818181816
0.18696363636363633
0.1962090909090909
-0.030407272727272724
0.16641818181818183
0.11115090909090909
0.02034
0.07992181818181819
-0.001849090909090909
-0.03328363636363636
0.02691454545454545
0.0006163636363636364
-0.08300363636363636
0.07930545454545455
0.0447890909090909
0.04211818181818182
0.12019090909090908
0.03472181818181818
0.11957454545454545
0.14936545454545455
-0.047665454545454546
-0.047665454545454546
0.08094909090909091
-0.12758727272727272
-0.04109090909090909
0.08629090909090908
-0.12327272727272726
0.03410545454545454
0.1360109090909091
-0.0452
0.048487272727272726
0.11464363636363636
-0.03636545454545455
0.006163636363636363
0.01808
-0.04294
0.07889454545454545
0.08382545454545455
-0.02403818181818182
0.14484545454545456
0.17771818181818183
-0.05958181818181818
0.08197636363636364
0.11217818181818182
-0.11217818181818182
0.045816363636363634
-0.027941818181818182
-0.17114363636363633
0.0990290909090909
-0.055678181818181814
-0.11546545454545454
0.18244363636363634
-0.019518181818181816
-0.02157272727272727
0.20155090909090906
-0.03821454545454545
0.03657090909090909
0.2514763636363636
-0.05218545454545454
0.027736363636363635
0.2075090909090909
-0.06882727272727272
0.035954545454545454
0.12758727272727272
-0.14587272727272727
0.045610909090909084
0.1171090909090909
-0.2331909090909091
0.07889454545454545
0.13929818181818182
-0.13354545454545455
0.15963818181818182
0.11279454545454545
0.052390909090909085
0.20442727272727274
0.06266363636363637
0.028763636363636363
0.1653909090909091
-0.012943636363636362
-0.0786890909090909
0.15470727272727272
-0.055678181818181814
-0.03246181818181818
0.18675818181818182
-0.041912727272727275
0.0020545454545454547
0.1808
-0.002670909090909091
0.06163636363636363
0.0538290909090909
-0.20463272727272727
0.07437454545454546
-0.009245454545454545
-0.15819999999999998
0.12019090909090908
0.050747272727272724
-0.01849090909090909
0.08588
0.11320545454545454
0.02157272727272727
0.06903272727272727
0.052390909090909085
0.01849090909090909
-0.015409090909090907
-0.015614545454545454
-0.026298181818181814
0.00945090909090909
0.08403090909090909
-0.07745636363636363
0.07848363636363635
-0.040063636363636364
0.02362727272727273
0.13539454545454546
-0.06410181818181818
0.17710181818181817
0.015203636363636362
0.07745636363636363
0.17730727272727273
-0.030818181818181814
0.05711636363636363
0.05259636363636363
0.0006163636363636364
-0.11875272727272726
-0.07334727272727272
-0.034310909090909086
-0.08731818181818181
0.05300727272727272
0.06122545454545455
0.05485636363636363
0.2070981818181818
0.03225636363636363
0.033489090909090906
0.19477090909090908
0.0069854545454545456
-0.035749090909090904
-0.062458181818181815
0.05054181818181818
0.035749090909090904
0.03143454545454545
0.13498363636363636
0.02691454545454545
0.14012
0.07601818181818182
0.04068
0.06512909090909091
-0.14073636363636363
0.019312727272727273
0.05526727272727273
-0.11793090909090909
0.16744545454545454
0.09512545454545453
-0.014792727272727272
0.22538363636363634
0.11176727272727273
0.10704181818181817
0.07601818181818182
0.015819999999999997
-0.021778181818181818
-0.09779636363636364
-0.05198
-0.11546545454545454
-0.005136363636363636
-0.002876363636363636
-0.13827090909090908
0.03451636363636364
0.031023636363636364
-0.09882363636363636
0.15429636363636362
0.027120000000000002
-0.04458363636363636
0.18675818181818182
-0.013970909090909091
0.09964545454545454
0.16272
0.0628690909090909
0.049925454545454544
-0.013354545454545456
-0.010889090909090909
0.01705272727272727
0.03328363636363636
-0.05013090909090909
0.11361636363636363
0.09245454545454544
-0.039241818181818176
0.15018727272727272
0.16210363636363637
-0.03698181818181818
0.11669818181818181
0.052390909090909085
-0.15881636363636362
0.03328363636363636
-0.07211454545454546
-0.017874545454545452
0.019312727272727273
-0.031845454545454545
0.10991818181818182
0.08567454545454545
-0.0012327272727272727
0.03554363636363636
0.13724363636363635
-0.12902545454545453
0.00945090909090909
0.10560363636363636
-0.09081090909090908
0.16354181818181818
0.13334
0.0741690909090909
0.14464
0.0786890909090909
0.10211090909090909
0.1454618181818182
-0.02362727272727273
-0.02157272727272727
0.06718363636363636
-0.09265999999999999
-0.06369090909090909
0.09265999999999999
0.035749090909090904
-0.15388545454545455
0.12080727272727272
0.0402690909090909
-0.11341090909090909
0.1337509090909091
-0.08156545454545455
0.0565
0.04663818181818182
-0.0918381818181818
0.14587272727272727
0.09574181818181818
0.014381818181818181
0.08403090909090909
0.0727309090909091
-0.1483381818181818
-0.04951454545454545
0.11053454545454545
-0.1193690909090909
-0.10026181818181817
0.12265636363636362
0.019107272727272726
0.11464363636363636
0.1411472727272727
-0.021778181818181818
0.25209272727272725
0.03533818181818182
-0.035954545454545454
0.19456545454545454
-0.06307454545454545
-0.09553636363636364
0.1653909090909091
0.10375454545454545
-0.14381818181818182
0.06348545454545454
0.042734545454545456
-0.02362727272727273
0.12265636363636362
-0.02301090909090909
-0.07930545454545455
0.06656727272727272
0.009245454545454545
0.043350909090909086
0.21798727272727272
-0.10971272727272725
0.12306727272727273
0.24675090909090908
-0.16744545454545454
0.08814
0.05198
-0.13231272727272728
0.02568181818181818
-0.05444545454545455
-0.1766909090909091
0.09060545454545453
0.12409454545454546
-0.045610909090909084
0.18121090909090906
0.046432727272727264
-0.04622727272727272
0.28044545454545455
0.025065454545454544
-0.07827818181818182
0.23729999999999998
-0.04889818181818182
-0.10211090909090909
0.18696363636363633
-0.007190909090909091
-0.02013454545454545
0.18141636363636363
-0.025887272727272724
-0.015409090909090907
0.09348181818181817
-0.13847636363636362
0.033694545454545456
0.03451636363636364
-0.10930181818181818
0.08218181818181818
-0.031229090909090908
-0.04232363636363636
0.1479272727272727
0.022805454545454542
-0.10046727272727272
0.12121818181818181
0.10519272727272726
0.061841818181818185
0.15409090909090908
0.03821454545454545
0.10786363636363637
0.11197272727272727
-0.017874545454545452
0.014176363636363636
0.03965272727272728
-0.16724
-0.058349090909090906
0.0727309090909091
-0.14628363636363637
0.01664181818181818
0.17607454545454546
0.08362
0.07889454545454545
0.13621636363636364
0.07745636363636363
0.13395636363636362
0.05855454545454545
-0.11074
0.045610909090909084
-0.09533090909090909
-0.12203999999999998
0.09923454545454545
-0.04047454545454546
-0.041912727272727275
0.14854363636363635
0.03205090909090909
0.006574545454545454
0.12347818181818182
-0.0039036363636363635
0.04211818181818182
0.07334727272727272
-0.05054181818181818
0.022805454545454542
0.09985090909090909
-0.03821454545454545
0.04889818181818182
0.18059454545454545
-0.10396
0.05177454545454545
0.20072909090909088
-0.15265272727272727
0.013354545454545456
0.19251090909090907
-0.09368727272727272
0.042734545454545456
0.09142727272727272
-0.09594727272727273
0.1337509090909091
0.04232363636363636
-0.05855454545454545
0.06985454545454545
-0.04047454545454546
0.0016436363636363634
0.12142363636363637
0.07848363636363635
-0.017463636363636362
0.10745272727272726
0.07622363636363635
-0.12861454545454545
0.05814363636363636
0.02116181818181818
-0.1296418181818182
0.0470490909090909
-0.042734545454545456
-0.03410545454545454
0.10622
-0.02527090909090909
0.19415454545454544
0.21634363636363635
-0.07006
0.1921
0.21264545454545453
-0.033489090909090906
0.11238363636363637
0.07375818181818182
-0.12327272727272726
0.036776363636363635
0.08649636363636364
-0.06348545454545454
0.00945090909090909
0.05691090909090909
0.009245454545454545
0.08177090909090909
-0.02013454545454545
-0.0470490909090909
0.15306363636363635
-0.05732181818181818
-0.04417272727272727
0.06595090909090909
-0.11115090909090909
0.015409090909090907
0.09430363636363637
-0.0402690909090909
-0.02670909090909091
0.0990290909090909
0.03800909090909091
0.1088909090909091
0.06759454545454545
-0.012738181818181817
0.19826363636363634
0.06143090909090909
-0.02075090909090909
0.13169636363636364
-0.03698181818181818
-0.07355272727272727
0.10087818181818181
-0.059170909090909087
-0.0538290909090909
0.028763636363636363
-0.01623090909090909
0.08649636363636364
0.032667272727272725
0.006574545454545454
0.07930545454545455
0.06636181818181817
-0.006574545454545454
0.007190909090909091
-0.006574545454545454
-0.06677272727272728
0.03410545454545454
-0.02075090909090909
-0.07683999999999999
0.11669818181818181
0.09718
0.0041090909090909095
0.17011636363636362
0.08752363636363636
-0.04109090909090909
0.11094545454545454
0.07006
0.002670909090909091
0.01623090909090909
0.031639999999999995
0.0069854545454545456
0.07909999999999999
0.05958181818181818
-0.06369090909090909
0.16046
0.08485272727272727
-0.07375818181818182
0.11423272727272726
0.054034545454545446
-0.12717636363636362
0.12203999999999998
0.0034927272727272728
-0.14012
0.1586109090909091
-0.05259636363636363
0.05958181818181818
0.09019454545454544
0.008834545454545454
0.17340363636363634
0.05999272727272727
0.06553999999999999
0.023832727272727273
0.17997818181818181
-0.02938
-0.033489090909090906
0.17463636363636362
-0.22271272727272726
-0.015614545454545454
0.03616
-0.1633363636363636
-0.003698181818181818
-0.04930909090909091
0.01705272727272727
0.18881272727272727
0.07047090909090908
-0.003287272727272727
0.20011272727272728
0.1103290909090909
-0.09122181818181817
0.10663090909090908
-0.03944727272727273
-0.16272
0.11567090909090909
-0.07540181818181818
-0.0113
0.11074
0.04232363636363636
0.22661636363636362
0.10642545454545453
0.03903636363636363
0.08444181818181817
-0.012532727272727272
-0.09019454545454544
-0.07006
-0.12101272727272726
-0.19641454545454545
-0.02239454545454545
0.07170363636363636
-0.040063636363636364
0.13539454545454546
0.18675818181818182
0.07581272727272727
0.17730727272727273
0.014998181818181817
0.08649636363636364
0.10786363636363637
-0.009656363636363637
0.09882363636363636
-0.00226
-0.010478181818181819
0.05013090909090909
0.05814363636363636
-0.04787090909090909
0.054034545454545446
0.13477818181818182
-0.05773272727272727
0.04622727272727272
0.1600490909090909
-0.02239454545454545
0.06348545454545454
0.12265636363636362
-0.04787090909090909
0.1397090909090909
-0.06512909090909091
-0.02034
0.06574545454545455
-0.12265636363636362
0.03143454545454545
0.00020545454545454542
0.04047454545454546
-0.035954545454545454
0.21675454545454545
0.12121818181818181
-0.06471818181818181
0.22127454545454545
-0.039241818181818176
-0.12450545454545454
0.04129636363636364
-0.047665454545454546
-0.09224909090909092
0.10046727272727272
-0.05608909090909091
0.07252545454545453
0.14381818181818182
-0.06964909090909091
0.18306
0.08033272727272728
-0.035954545454545454
0.013970909090909091
-0.01705272727272727
-0.1610763636363636
0.0628690909090909
0.08156545454545455
-0.1284090909090909
0.15203636363636364
0.043556363636363636
0.01849090909090909
0.2229181818181818
0.09101636363636363
-0.08916727272727272
0.15409090909090908
-0.03944727272727273
-0.15162545454545454
0.15902181818181815
-0.11998545454545453
-0.07396363636363636
0.07992181818181819
-0.08855090909090908
-0.05999272727272727
0.10252181818181817
-0.09389272727272728
0.046432727272727264
0.22764363636363635
-0.07437454545454546
0.16518545454545455
0.2449018181818182
0.0565
0.10663090909090908
0.09533090909090909
-0.07437454545454546
0.028763636363636363
0.05711636363636363
-0.13827090909090908
0.07951090909090908
0.05958181818181818
0.028147272727272726
0.20812545454545453
0.13991454545454546
0.025887272727272724
0.12327272727272726
0.0402690909090909
-0.05465090909090909
0.05485636363636363
-0.16703454545454544
-0.07745636363636363
0.06307454545454545
-0.07663454545454546
0.03985818181818182
0.08793454545454545
0.009245454545454545
0.1645690909090909
0.11382181818181818
-0.0727309090909091
0.05896545454545454
-0.008218181818181819
-0.05280181818181818
0.039241818181818176
0.03554363636363636
-0.011916363636363636
0.12368363636363637
0.054240000000000003
-0.04930909090909091
0.1916890909090909
0.01705272727272727
0.028763636363636363
0.15121454545454543
-0.044994545454545454
-0.012943636363636362
0.12121818181818181
-0.010478181818181819
0.00945090909090909
0.10375454545454545
-0.0452
-0.01890181818181818
-0.012943636363636362
-0.12286181818181818
-0.07047090909090908
0.07375818181818182
-0.07088181818181817
0.09142727272727272
0.09841272727272728
-0.08156545454545455
0.21716545454545452
0.045816363636363634
0.007601818181818181
0.04807636363636364
-0.10848000000000001
-0.017874545454545452
0.08505818181818181
0.03821454545454545
0.03205090909090909
0.15573454545454543
0.09841272727272728
0.09882363636363636
0.09985090909090909
0.04807636363636364
-0.003287272727272727
0.1623090909090909
-0.04294
-0.14422909090909092
0.14607818181818183
-0.10087818181818181
0.05711636363636363
0.1257381818181818
-0.08814
0.019723636363636363
0.1306690909090909
0.01766909090909091
-0.021778181818181818
0.09450909090909092
-0.050747272727272724
0.010889090909090909
0.11423272727272726
0.017463636363636362
0.034310909090909086
0.08341454545454545
-0.0678
0.09985090909090909
0.05115818181818182
-0.11752
0.15450181818181818
-0.04746
-0.13580545454545453
0.09861818181818181
0.08875636363636363
-0.0020545454545454547
0.15162545454545454
0.07190909090909091
-0.03410545454545454
0.07252545454545453
0.012532727272727272
0.09759090909090909
0.10560363636363636
-0.0940981818181818
0.029585454545454543
0.23401272727272723
-0.08814
0.0904
0.22949272727272724
-0.06821090909090909
0.04622727272727272
0.0063690909090909084
-0.07314181818181818
0.035954545454545454
0.015409090909090907
-0.07355272727272727
0.11464363636363636
-0.031845454545454545
-0.014998181818181817
0.17854
-0.07211454545454546
0.010067272727272725
0.05547272727272727
0.021778181818181818
0.02979090909090909
0.11505454545454545
0.04458363636363636
0.04232363636363636
0.19538727272727272
-0.03698181818181818
0.03472181818181818
0.08300363636363636
-0.07190909090909091
0.012943636363636362
-0.029174545454545453
-0.10971272727272725
0.04232363636363636
-0.02301090909090909
-0.002876363636363636
0.1686781818181818
0.013560000000000001
0.005752727272727272
0.15470727272727272
0.09841272727272728
-0.08567454545454545
0.028147272727272726
0.028558181818181816
-0.0628690909090909
0.06389636363636363
-0.02239454545454545
0.02075090909090909
0.09635818181818182
-0.031023636363636364
0.03307818181818182
0.10108363636363636
-0.12512181818181817
-0.06964909090909091
0.12327272727272726
-0.08608545454545455
-0.06738909090909091
0.19045636363636362
0.05013090909090909
0.01890181818181818
0.16888363636363635
-0.005547272727272727
0.1012890909090909
0.14279090909090908
-0.039241818181818176
0.12512181818181817
0.07560727272727272
-0.1035490909090909
0.15367999999999998
0.16991090909090908
-0.14402363636363635
0.12861454545454545
0.13724363636363635
-0.14854363636363635
0.06533454545454545
0.05547272727272727
-0.09122181818181817
0.05547272727272727
0.04232363636363636
0.032667272727272725
0.20031818181818178
-0.02218909090909091
0.02650363636363636
0.1653909090909091
-0.11115090909090909
0.0006163636363636364
0.1532690909090909
-0.10087818181818181
-0.07211454545454546
0.16559636363636362
-0.05691090909090909
0.022805454545454542
0.15142
-0.00041090909090909085
0.11423272727272726
0.09081090909090908
0.043556363636363636
0.10642545454545453
-0.007601818181818181
-0.07807272727272727
0.12882
-0.07725090909090909
-0.11546545454545454
0.1744309090909091
-0.014792727272727272
-0.07375818181818182
0.08546909090909091
0.05876
-0.11053454545454545
0.05608909090909091
0.01992909090909091
-0.06101999999999999
0.05608909090909091
-0.13724363636363635
0.07725090909090909
0.02362727272727273
-0.16210363636363637
0.1668290909090909
0.09697454545454545
-0.08177090909090909
0.10930181818181818
0.16641818181818183
0.040063636363636364
0.14176363636363634
0.09348181818181817
0.006574545454545454
0.11382181818181818
0.05177454545454545
-0.015203636363636362
0.010889090909090909
-0.13087454545454547
-0.05814363636363636
0.08711272727272727
-0.07375818181818182
0.008834545454545454
0.16272
0.10190545454545454
0.05095272727272727
0.1510090909090909
0.002670909090909091
-0.0024654545454545454
0.13354545454545455
-0.07396363636363636
0.019107272727272726
-0.023832727272727273
-0.06163636363636363
0.14237999999999998
0.03307818181818182
-0.004314545454545455
0.09964545454545454
0.12717636363636362
0.061841818181818185
0.025887272727272724
-0.010478181818181819
-0.003698181818181818
0.07909999999999999
0.024243636363636363
-0.03246181818181818
0.09985090909090909
0.051569090909090905
0.03739272727272727
0.17032181818181816
-0.005958181818181818
0.03944727272727273
0.09265999999999999
-0.03205090909090909
-0.053212727272727266
-0.00862909090909091
-0.11608181818181817
-0.06040363636363636
0.1577890909090909
-0.14607818181818183
-0.002876363636363636
0.14176363636363634
-0.03205090909090909
0.24572363636363637
0.09861818181818181
-0.035749090909090904
0.17360909090909088
0.031023636363636364
-0.012943636363636362
0.043556363636363636
-0.06410181818181818
-0.11977999999999998
0.03410545454545454
0.003287272727272727
-0.20319454545454546
0.10663090909090908
0.07622363636363635
-0.04314545454545454
0.20463272727272727
0.032667272727272725
0.0895781818181818
0.2274381818181818
0.06327999999999999
0.05629454545454545
0.04746
-0.07766181818181818
0.05444545454545455
0.055883636363636364
-0.12450545454545454
0.032667272727272725
0.08731818181818181
-0.0402690909090909
0.15224181818181817
0.22045272727272727
-0.11793090909090909
0.1586109090909091
0.07601818181818182
-0.14895454545454545
0.10950727272727273
-0.1623090909090909
-0.038419999999999996
-0.02691454545454545
-0.10909636363636364
0.055678181818181814
0.10457636363636363
0.12594363636363634
0.08238727272727273
0.25065454545454546
-0.004314545454545455
-0.01808
0.21326181818181816
-0.016025454545454544
-0.03328363636363636
0.07786727272727272
-0.0678
-0.012738181818181817
0.03246181818181818
-0.04684363636363636
0.16189818181818183
-0.041707272727272725
-0.015819999999999997
0.13868181818181818
0.004930909090909091
0.05547272727272727
0.07601818181818182
0.09224909090909092
-0.08711272727272727
-0.006574545454545454
0.05711636363636363
-0.09224909090909092
-0.006574545454545454
-0.01766909090909091
-0.08793454545454545
0.054240000000000003
-0.03143454545454545
0.012943636363636362
0.24449090909090906
-0.032872727272727276
0.0990290909090909
0.17833454545454544
-0.04129636363636364
0.04663818181818182
-0.014998181818181817
-0.06821090909090909
-0.043556363636363636
0.07026545454545453
0.001438181818181818
-0.031845454545454545
0.17114363636363633
0.08896181818181817
0.08115454545454545
0.15717272727272727
-0.04150181818181818
0.11628727272727273
0.08423636363636364
-0.19497636363636361
0.18531999999999998
0.0041090909090909095
-0.14135272727272727
0.22168545454545452
0.05095272727272727
0.00226
0.1555290909090909
0.1419690909090909
0.02301090909090909
0.014176363636363636
-0.05341818181818182
-0.06677272727272728
0.09800181818181818
-0.09265999999999999
-0.14237999999999998
0.06574545454545455
-0.1727872727272727
-0.015203636363636362
0.22702727272727272
-0.12409454545454546
0.11752
0.1791563636363636
-0.059787272727272724
0.1510090909090909
0.14381818181818182
0.06697818181818181
0.08978363636363636
0.057527272727272726
-0.07458
0.035749090909090904
-0.03246181818181818
-0.10026181818181817
0.19929090909090907
-0.07067636363636363
-0.1284090909090909
0.22497272727272724
0.0918381818181818
0.0727309090909091
0.21223454545454545
-0.031229090909090908
0.03739272727272727
0.07745636363636363
-0.1551181818181818
0.017463636363636362
-0.030612727272727274
-0.2278490909090909
0.01664181818181818
0.13539454545454546
-0.13991454545454546
0.07108727272727272
0.1645690909090909
-0.031639999999999995
0.11382181818181818
-0.04746
-0.00041090909090909085
0.16025454545454546
0.031023636363636364
0.08218181818181818
0.09964545454545454
-0.023216363636363632
0.14443454545454545
0.1999072727272727
-0.015203636363636362
0.08855090909090908
0.08649636363636364
0.019312727272727273
0.011094545454545454
0.02650363636363636
0.0
0.01705272727272727
0.04869272727272727
-0.11587636363636362
0.08033272727272728
-0.05198
-0.1608709090909091
0.16354181818181818
-0.0226
-0.09820727272727273
0.1261490909090909
0.08690727272727272
0.024243636363636363
0.15203636363636364
0.06862181818181817
-0.032872727272727276
0.07458
-0.03739272727272727
-0.09738545454545454
0.013149090909090907
-0.018696363636363636
0.05177454545454545
0.15922727272727272
-0.06882727272727272
-0.015819999999999997
0.2572290909090909
0.004314545454545455
0.07355272727272727
0.15922727272727272
-0.11197272727272727
0.04437818181818182
0.08423636363636364
-0.05115818181818182
0.010683636363636364
0.06389636363636363
-0.037598181818181815
0.05362363636363636
0.0339
-0.07601818181818182
0.16641818181818183
0.07807272727272727
-0.1292309090909091
0.11793090909090909
0.12450545454545454
-0.08916727272727272
0.22949272727272724
0.058349090909090906
-0.03657090909090909
0.16929454545454545
-0.14751636363636364
0.03451636363636364
0.05033636363636364
-0.15532363636363636
-0.05485636363636363
0.06595090909090909
-0.05136363636363636
-0.024243636363636363
0.20566
0.027736363636363635
0.12820363636363635
0.21613818181818178
0.03410545454545454
0.15409090909090908
0.14258545454545454
-0.12388909090909091
0.13436727272727272
0.037598181818181815
-0.20545454545454545
0.19086727272727272
-0.025887272727272724
-0.054240000000000003
0.15450181818181818
0.002670909090909091
-0.02486
0.033489090909090906
0.010272727272727272
-0.055678181818181814
0.09286545454545453
-0.08238727272727273
-0.0749909090909091
0.14422909090909092
-0.01664181818181818
0.03985818181818182
0.1125890909090909
-0.05732181818181818
0.06964909090909091
0.1284090909090909
-0.04972
0.18490909090909088
0.04930909090909091
-0.07375818181818182
0.10457636363636363
-0.028558181818181816
-0.06348545454545454
0.031845454545454545
0.03328363636363636
-0.15922727272727272
-0.003698181818181818
0.02013454545454545
-0.029996363636363634
0.13539454545454546
0.06821090909090909
0.13313454545454545
0.20833090909090907
0.010889090909090909
0.002670909090909091
0.20853636363636363
-0.045816363636363634
-0.07581272727272727
0.08033272727272728
-0.035749090909090904
-0.06492363636363636
0.055883636363636364
0.09307090909090908
-0.025887272727272724
0.08423636363636364
0.002670909090909091
0.036776363636363635
0.05259636363636363
-0.031229090909090908
0.12306727272727273
0.036776363636363635
-0.025476363636363634
0.07232
0.11341090909090909
-0.05280181818181818
0.1058090909090909
0.16970545454545455
-0.02218909090909091
0.0628690909090909
0.08033272727272728
-0.0402690909090909
0.010272727272727272
0.12265636363636362
-0.07047090909090908
0.12512181818181817
0.05485636363636363
-0.10827454545454546
0.14073636363636363
-0.0565
-0.031023636363636364
0.08649636363636364
-0.04725454545454546
0.00904
0.11834181818181817
0.009245454545454545
-0.034310909090909086
0.027325454545454545
0.03410545454545454
0.01849090909090909
0.01808
-0.04930909090909091
-0.02075090909090909
0.10231636363636364
-0.12368363636363637
0.07375818181818182
0.15470727272727272
-0.07334727272727272
0.17956727272727271
0.0764290909090909
0.03985818181818182
0.17854
-0.001849090909090909
-0.0069854545454545456
0.06492363636363636
-0.05793818181818181
-0.012738181818181817
0.08814
-0.05280181818181818
0.03410545454545454
0.14813272727272728
-0.03739272727272727
0.009245454545454545
0.1577890909090909
-0.024654545454545453
0.008012727272727272
0.05526727272727273
-0.05629454545454545
0.07622363636363635
0.0006163636363636364
-0.05711636363636363
0.1058090909090909
0.018285454545454546
0.027530909090909092
0.17997818181818181
0.04129636363636364
0.041912727272727275
0.09594727272727273
0.03616
0.11464363636363636
0.1261490909090909
0.02198363636363636
0.06985454545454545
0.0967690909090909
-0.05937636363636363
0.015614545454545454
-0.01808
-0.10375454545454545
0.033694545454545456
-0.02034
-0.09923454545454545
0.0805381818181818
0.08505818181818181
-0.02938
0.10539818181818181
-0.002670909090909091
-0.049925454545454544
0.08464727272727272
-0.01808
-0.09656363636363637
0.02691454545454545
0.0470490909090909
0.006574545454545454
0.09492
-0.012532727272727272
0.04232363636363636
0.17011636363636362
-0.03821454545454545
-0.02013454545454545
0.12943636363636363
-0.0565
0.02403818181818182
0.1555290909090909
-0.07519636363636363
0.012738181818181817
0.16621272727272726
-0.005958181818181818
0.003287272727272727
0.1012890909090909
-0.05526727272727273
0.030818181818181814
0.058349090909090906
-0.12532727272727273
0.06101999999999999
0.07704545454545454
-0.06595090909090909
0.10827454545454546
0.11587636363636362
-0.10478181818181817
0.14012
0.20956363636363634
-0.09861818181818181
0.16415818181818181
0.050747272727272724
-0.059170909090909087
0.30325090909090907
-0.007807272727272727
-0.0470490909090909
0.1623090909090909
-0.07848363636363635
-0.029996363636363634
0.08629090909090908
-0.08629090909090908
0.0006163636363636364
0.10375454545454545
-0.1637472727272727
0.10663090909090908
0.2707890909090909
-0.07149818181818181
0.16498
0.21038545454545451
-0.08834545454545455
0.00945090909090909
0.08629090909090908
-0.07786727272727272
0.001438181818181818
-0.012943636363636362
-0.1284090909090909
0.18840181818181817
-0.014998181818181817
-0.09471454545454545
0.36920181818181813
-0.010683636363636364
-0.15409090909090908
0.19045636363636362
-0.1366272727272727
-0.21963090909090907
0.0940981818181818
-0.11546545454545454
-0.08608545454545455
0.08834545454545455
-0.05444545454545455
0.1551181818181818
0.14628363636363637
0.019723636363636363
0.1727872727272727
0.14073636363636363
-0.10396
0.025887272727272724
0.19004545454545455
-0.13005272727272726
-0.012121818181818182
0.12060181818181817
-0.08300363636363636
-0.02444909090909091
0.07375818181818182
0.03472181818181818
0.07355272727272727
-0.04109090909090909
0.022805454545454542
0.2387381818181818
-0.07725090909090909
0.10971272727272725
0.1637472727272727
0.010272727272727272
0.1216290909090909
-0.04458363636363636
0.013149090909090907
-0.08156545454545455
-0.008834545454545454
-0.051569090909090905
-0.05136363636363636
0.08197636363636364
-0.005958181818181818
0.18799090909090907
0.14012
-0.01808
0.10827454545454546
0.15121454545454543
-0.1577890909090909
0.03821454545454545
0.04869272727272727
-0.034927272727272723
0.1668290909090909
-0.042529090909090905
0.09122181818181817
0.07601818181818182
0.13785999999999998
0.11834181818181817
-0.0067800000000000004
0.034927272727272723
-0.047665454545454546
-0.02239454545454545
-0.08115454545454545
0.06410181818181818
0.052390909090909085
-0.054034545454545446
0.033694545454545456
0.17854
-0.019518181818181816
0.037598181818181815
0.24695636363636364
-0.048487272727272726
-0.07971636363636364
-0.08464727272727272
0.04294
0.00226
-0.09327636363636364
-0.03965272727272728
0.02527090909090909
-0.02013454545454545
-0.15902181818181815
0.17319818181818183
0.05814363636363636
-0.08793454545454545
0.15059818181818183
0.12039636363636362
0.003698181818181818
0.14012
0.1865527272727273
0.07560727272727272
0.027530909090909092
-0.041707272727272725
0.014381818181818181
-0.07129272727272727
-0.028352727272727273
0.04376181818181818
0.11977999999999998
-0.03328363636363636
0.025476363636363634
0.27571999999999997
-0.04828181818181818
0.10848000000000001
0.15614545454545453
-0.11402727272727273
-0.028558181818181816
-0.01705272727272727
-0.0786890909090909
0.06163636363636363
-0.05465090909090909
-0.005341818181818182
0.23134181818181818
-0.050747272727272724
0.011916363636363636
0.1341618181818182
0.07067636363636363
-0.03780363636363636
-0.007396363636363636
0.030818181818181814
0.014176363636363636
0.1341618181818182
0.06656727272727272
0.10745272727272726
0.06430727272727273
0.07745636363636363
0.11279454545454545
0.1329290909090909
0.011916363636363636
0.042734545454545456
0.00020545454545454542
-0.113
0.18758
-0.03554363636363636
-0.029174545454545453
0.05608909090909091
-0.03451636363636364
-0.0067800000000000004
-0.08772909090909091
-0.03780363636363636
-0.04972
0.04150181818181818
0.025887272727272724
0.02527090909090909
0.1012890909090909
0.1012890909090909
0.14710545454545454
0.12758727272727272
-0.08690727272727272
-0.07129272727272727
0.06964909090909091
-0.10087818181818181
-0.06163636363636363
0.057527272727272726
0.01664181818181818
0.017463636363636362
0.15984363636363638
0.10827454545454546
0.06492363636363636
0.07170363636363636
0.04109090909090909
0.1296418181818182
-0.032667272727272725
-0.13785999999999998
0.025476363636363634
0.10930181818181818
-0.09718
0.07252545454545453
0.07992181818181819
-0.13334
0.19045636363636362
0.0990290909090909
-0.07211454545454546
0.0727309090909091
0.06081454545454545
-0.008423636363636364
0.08731818181818181
-0.014176363636363636
-0.054034545454545446
0.1791563636363636
-0.06697818181818181
-0.09142727272727272
0.15183090909090907
-0.09204363636363636
-0.03718727272727273
0.15429636363636362
-0.09923454545454545
0.06985454545454545
0.11752
0.0041090909090909095
0.17155454545454543
0.02938
-0.004930909090909091
0.08711272727272727
0.12265636363636362
-0.09224909090909092
0.10601454545454544
0.15224181818181817
-0.16662363636363633
0.18901818181818184
0.05136363636363636
-0.02691454545454545
0.18470363636363635
0.014176363636363636
0.017874545454545452
0.11176727272727273
-0.0904
-0.0940981818181818
0.16806181818181817
-0.06122545454545455
-0.06307454545454545
0.08711272727272727
-0.04129636363636364
-0.00020545454545454542
0.12286181818181818
0.006574545454545454
0.019312727272727273
0.12121818181818181
0.03636545454545455
0.14422909090909092
0.08115454545454545
0.07745636363636363
0.15902181818181815
0.019312727272727273
-0.12532727272727273
0.04232363636363636
0.03246181818181818
-0.16498
0.06636181818181817
-0.06327999999999999
-0.07314181818181818
0.11156181818181818
0.03246181818181818
0.06327999999999999
0.13621636363636364
0.043350909090909086
0.01623090909090909
0.12676545454545454
-0.09759090909090909
-0.019518181818181816
0.06327999999999999
-0.08731818181818181
0.012327272727272727
0.07149818181818181
-0.03944727272727273
0.02116181818181818
0.16929454545454545
-0.06040363636363636
-0.029585454545454543
0.03533818181818182
-0.013354545454545456
0.033694545454545456
-0.03903636363636363
-0.03698181818181818
0.11423272727272726
0.045610909090909084
-0.08403090909090909
0.22661636363636362
0.08629090909090908
-0.00226
0.19785272727272726
0.014998181818181817
-0.0226
0.06821090909090909
0.00945090909090909
-0.02013454545454545
0.07560727272727272
-0.0010272727272727274
0.017874545454545452
0.042529090909090905
-0.025887272727272724
0.06471818181818181
0.09841272727272728
-0.06040363636363636
0.008834545454545454
0.15265272727272727
-0.056705454545454545
0.09224909090909092
0.1653909090909091
-0.055883636363636364
0.011094545454545454
0.07088181818181817
0.028558181818181816
0.0565
0.09327636363636364
-0.008218181818181819
0.06204727272727273
0.03143454545454545
0.02301090909090909
0.17176
0.037598181818181815
0.04787090909090909
0.16251454545454544
0.0538290909090909
-0.03020181818181818
0.07930545454545455
0.014381818181818181
-0.02034
-0.011505454545454544
-0.055678181818181814
0.009656363636363637
-0.007601818181818181
0.043350909090909086
0.08074363636363636
0.028763636363636363
-0.07909999999999999
0.09163272727272727
0.08731818181818181
-0.11854727272727272
0.06512909090909091
-0.05115818181818182
-0.10005636363636364
0.06944363636363636
-0.08937272727272727
-0.016025454545454544
0.13436727272727272
-0.009245454545454545
0.11875272727272726
0.13087454545454547
-0.05937636363636363
0.21038545454545451
0.1532690909090909
-0.10519272727272726
0.025887272727272724
0.09101636363636363
-0.013560000000000001
0.0069854545454545456
0.036776363636363635
-0.1292309090909091
-0.005136363636363636
0.034927272727272723
-0.0067800000000000004
0.1035490909090909
-0.013970909090909091
0.032872727272727276
0.13991454545454546
0.00226
-0.007807272727272727
0.05198
-0.017463636363636362
-0.07149818181818181
0.001849090909090909
-0.013149090909090907
-0.02670909090909091
0.17032181818181816
0.08834545454545455
0.08485272727272727
0.14299636363636362
0.01705272727272727
0.16949999999999998
0.0805381818181818
-0.04150181818181818
0.10683636363636365
0.00041090909090909085
-0.009861818181818182
0.10498727272727272
0.015409090909090907
-0.019312727272727273
0.13683272727272727
0.1479272727272727
-0.049925454545454544
0.05526727272727273
0.1076581818181818
-0.11279454545454545
0.03636545454545455
-0.0010272727272727274
-0.1495709090909091
0.09307090909090908
0.014792727272727272
-0.03410545454545454
0.16744545454545454
0.014998181818181817
0.02486
0.23031454545454547
0.011916363636363636
-0.0034927272727272728
0.15039272727272726
-0.02650363636363636
-0.08300363636363636
0.05732181818181818
-0.07663454545454546
-0.15429636363636362
0.07930545454545455
-0.11074
-0.06369090909090909
0.14053090909090907
-0.1292309090909091
0.12368363636363637
0.19641454545454545
-0.05362363636363636
0.2251781818181818
0.1306690909090909
-0.07190909090909091
0.1727872727272727
0.05773272727272727
-0.1411472727272727
0.07458
0.015409090909090907
-0.18326545454545454
0.06471818181818181
0.047665454545454546
-0.003287272727272727
0.22353454545454546
-0.023832727272727273
0.023832727272727273
0.22579454545454544
-0.10786363636363637
-0.08670181818181817
0.07971636363636364
-0.1608709090909091
-0.09923454545454545
0.13868181818181818
-0.03143454545454545
0.06923818181818181
0.2023727272727273
0.08300363636363636
0.15429636363636362
0.1247109090909091
0.011916363636363636
0.11402727272727273
0.06677272727272728
-0.06307454545454545
0.12861454545454545
-0.055061818181818184
-0.021778181818181818
0.11752
-0.0749909090909091
0.02650363636363636
0.02486
0.0940981818181818
-0.02301090909090909
0.01890181818181818
0.10457636363636363
0.03328363636363636
0.11238363636363637
-0.054240000000000003
0.1306690909090909
0.12799818181818182
-0.13354545454545455
0.005136363636363636
-0.0069854545454545456
-0.1577890909090909
0.019723636363636363
0.010272727272727272
-0.07889454545454545
0.12306727272727273
0.10334363636363636
0.07745636363636363
0.08279818181818181
0.04725454545454546
-0.02444909090909091
0.05218545454545454
-0.05259636363636363
-0.15655636363636363
0.12142363636363637
0.019518181818181816
-0.007807272727272727
0.12779272727272725
0.06533454545454545
0.034927272727272723
0.20771454545454546
0.08546909090909091
-0.058349090909090906
0.10786363636363637
-0.12779272727272725
-0.09492
0.11176727272727273
-0.0565
0.03143454545454545
0.1631309090909091
-0.03821454545454545
0.14094181818181817
0.1957981818181818
-0.05259636363636363
0.09738545454545454
0.017463636363636362
-0.15306363636363635
-0.012532727272727272
0.08485272727272727
-0.07026545454545453
-0.00041090909090909085
0.010683636363636364
-0.07314181818181818
0.13683272727272727
0.014176363636363636
0.028558181818181816
0.1631309090909091
0.010067272727272725
0.01992909090909091
0.20668727272727272
0.07170363636363636
0.02486
0.2771581818181818
-0.03903636363636363
-0.13190181818181818
0.13765454545454545
-0.07437454545454546
-0.06553999999999999
0.09492
-0.008218181818181819
0.14484545454545456
0.028352727272727273
-0.01992909090909091
0.2512709090909091
0.03903636363636363
-0.028352727272727273
0.05115818181818182
0.03328363636363636
-0.17771818181818183
-0.09286545454545453
0.11998545454545453
-0.11752
0.058349090909090906
0.051569090909090905
-0.05629454545454545
0.11669818181818181
0.042734545454545456
0.04807636363636364
0.04930909090909091
-0.06821090909090909
0.07601818181818182
0.11053454545454545
-0.02609272727272727
0.1216290909090909
0.08855090909090908
0.013149090909090907
0.13190181818181818
0.09985090909090909
-0.029585454545454543
0.07725090909090909
0.0063690909090909084
-0.08300363636363636
0.08444181818181817
-0.09820727272727273
0.013765454545454546
0.16189818181818183
-0.06553999999999999
0.00041090909090909085
0.09122181818181817
-0.08690727272727272
-0.038625454545454546
0.12491636363636363
-0.08546909090909091
-0.04684363636363636
0.1637472727272727
0.050747272727272724
0.0678
0.07930545454545455
-0.0764290909090909
0.09574181818181818
0.09430363636363637
-0.1356
0.013149090909090907
0.0538290909090909
-0.03636545454545455
0.1076581818181818
0.11238363636363637
-0.04807636363636364
0.15450181818181818
0.1495709090909091
0.0067800000000000004
0.05937636363636363
-0.027941818181818182
0.022805454545454542
0.08033272727272728
0.007190909090909091
-0.11382181818181818
0.13539454545454546
0.0990290909090909
-0.08772909090909091
0.0895781818181818
-0.048487272727272726
-0.04376181818181818
0.07149818181818181
0.06595090909090909
-0.05280181818181818
0.035954545454545454
0.08012727272727273
0.09738545454545454
0.1608709090909091
-0.09224909090909092
0.06656727272727272
0.13046363636363634
-0.07232
-0.014998181818181817
0.038625454545454546
-0.11382181818181818
0.03657090909090909
0.11608181818181817
-0.10642545454545453
0.1325181818181818
0.16600727272727273
0.04129636363636364
0.18922363636363634
0.07909999999999999
-0.09553636363636364
0.1321072727272727
0.0402690909090909
-0.06697818181818181
0.07334727272727272
-0.11752
0.04910363636363636
0.16395272727272728
-0.0113
0.06718363636363636
0.14587272727272727
-0.041912727272727275
-0.030407272727272724
0.10313818181818181
-0.07971636363636364
0.015819999999999997
0.09060545454545453
-0.08875636363636363
0.037598181818181815
0.08279818181818181
-0.06327999999999999
0.18799090909090907
0.10313818181818181
-0.06512909090909091
0.13827090909090908
-0.001849090909090909
0.08300363636363636
0.12019090909090908
-0.040063636363636364
-0.03636545454545455
0.054034545454545446
-0.016847272727272728
-0.08320909090909091
0.052390909090909085
-0.11526
-0.04437818181818182
0.10272727272727272
-0.055883636363636364
0.0039036363636363635
0.18984
0.06595090909090909
0.06821090909090909
0.09800181818181818
-0.014381818181818181
0.06841636363636364
-0.04725454545454546
-0.03965272727272728
-0.0067800000000000004
0.014587272727272727
-0.055678181818181814
0.005547272727272727
0.16847272727272727
-0.0967690909090909
0.07190909090909091
0.10930181818181818
-0.0470490909090909
0.08012727272727273
0.03883090909090909
0.002670909090909091
0.07971636363636364
0.007190909090909091
0.04951454545454545
0.1483381818181818
-0.039241818181818176
0.14813272727272728
0.22476727272727273
0.06451272727272726
-0.02650363636363636
0.04663818181818182
0.0805381818181818
-0.04458363636363636
0.09245454545454544
-0.058349090909090906
0.02075090909090909
0.06348545454545454
-0.11217818181818182
0.09122181818181817
0.01992909090909091
-0.11505454545454545
0.10642545454545453
0.06410181818181818
-0.09019454545454544
0.13909272727272726
0.06512909090909091
0.02403818181818182
0.11423272727272726
-0.012121818181818182
-0.02116181818181818
0.0786890909090909
0.0764290909090909
-0.03328363636363636
0.04807636363636364
-0.04314545454545454
0.033694545454545456
0.13847636363636362
-0.06595090909090909
0.13991454545454546
0.1631309090909091
-0.05115818181818182
0.12101272727272726
0.05937636363636363
-0.1631309090909091
0.051569090909090905
0.04787090909090909
-0.13827090909090908
0.038419999999999996
0.031639999999999995
-0.044994545454545454
0.0990290909090909
0.045816363636363634
-0.019312727272727273
0.1631309090909091
0.013765454545454546
-0.10642545454545453
0.16744545454545454
-0.07519636363636363
-0.16148727272727273
0.1469
-0.059787272727272724
-0.04396727272727272
0.12306727272727273
0.03965272727272728
0.1337509090909091
0.11464363636363636
0.04889818181818182
0.11074
0.10313818181818181
0.004930909090909091
0.11567090909090909
0.15203636363636364
-0.11464363636363636
0.04047454545454546
0.12532727272727273
-0.02979090909090909
0.04889818181818182
-0.06677272727272728
-0.045610909090909084
0.08485272727272727
-0.05341818181818182
0.03328363636363636
0.13231272727272728
-0.0470490909090909
0.02670909090909091
0.12286181818181818
-0.08177090909090909
-0.028147272727272726
0.14525636363636363
-0.06903272727272727
-0.08238727272727273
0.09944
-0.0008218181818181817
0.10519272727272726
0.11053454545454545
0.008834545454545454
0.10149454545454545
0.031023636363636364
-0.041707272727272725
0.08300363636363636
0.041912727272727275
-0.16272
0.0764290909090909
0.09327636363636364
-0.07047090909090908
0.11957454545454545
0.06636181818181817
-0.005136363636363636
0.12758727272727272
-0.007396363636363636
-0.11998545454545453
0.08855090909090908
0.02013454545454545
-0.06553999999999999
0.05773272727272727
-0.015203636363636362
-0.015614545454545454
0.15347454545454545
0.035954545454545454
0.028352727272727273
0.16888363636363635
-0.06944363636363636
0.048487272727272726
0.14710545454545454
-0.08526363636363636
0.035954545454545454
0.06964909090909091
0.021367272727272728
0.07992181818181819
0.010478181818181819
-0.057527272727272726
0.12553272727272727
0.05013090909090909
-0.11135636363636363
0.1351890909090909
0.055061818181818184
0.00862909090909091
0.2142890909090909
0.12635454545454544
0.031023636363636364
0.15429636363636362
0.11238363636363637
-0.059170909090909087
0.07807272727272727
0.01623090909090909
-0.10457636363636363
0.044994545454545454
-0.05033636363636364
-0.0727309090909091
0.14751636363636364
0.015614545454545454
-0.0034927272727272728
0.1713490909090909
-0.06040363636363636
0.007807272727272727
-0.01808
-0.18758
0.033489090909090906
-0.01623090909090909
-0.02403818181818182
0.10601454545454544
0.04622727272727272
0.05773272727272727
0.20812545454545453
0.13190181818181818
-0.048487272727272726
0.06492363636363636
0.0039036363636363635
-0.07293636363636363
0.13190181818181818
-0.08998909090909091
-0.09594727272727273
0.15450181818181818
-0.10108363636363636
-0.027120000000000002
0.06143090909090909
-0.028147272727272726
0.05341818181818182
0.061841818181818185
-0.0034927272727272728
-0.04068
0.20052363636363635
0.05013090909090909
-0.0067800000000000004
0.21511090909090907
-0.0041090909090909095
0.042734545454545456
0.05691090909090909
-0.10190545454545454
-0.03883090909090909
-0.047665454545454546
-0.05526727272727273
0.02218909090909091
0.04930909090909091
0.041912727272727275
0.07848363636363635
0.1370381818181818
0.055061818181818184
0.013970909090909091
0.06327999999999999
-0.0447890909090909
0.07108727272727272
0.014587272727272727
-0.03739272727272727
0.2720218181818182
0.06636181818181817
0.04972
0.25784545454545454
-0.005341818181818182
0.011916363636363636
0.10724727272727272
-0.13272363636363635
-0.06307454545454545
0.05300727272727272
-0.10293272727272727
0.02362727272727273
0.1836763636363636
0.04602181818181818
0.09841272727272728
0.18223818181818183
-0.04376181818181818
0.05896545454545454
0.04109090909090909
-0.2549690909090909
0.043556363636363636
0.09574181818181818
-0.2093581818181818
0.025476363636363634
0.05629454545454545
-0.10046727272727272
0.1686781818181818
0.03944727272727273
-0.03554363636363636
0.13477818181818182
-0.02075090909090909
0.07930545454545455
0.12655999999999998
-0.03657090909090909
0.031639999999999995
0.16436363636363635
-0.05999272727272727
-0.06369090909090909
0.12594363636363634
-0.1397090909090909
0.0470490909090909
0.14895454545454545
-0.15532363636363636
0.10560363636363636
0.10149454545454545
-0.06163636363636363
0.22312363636363636
0.02157272727272727
-0.06862181818181817
0.17792363636363634
-0.07375818181818182
-0.11217818181818182
0.011505454545454544
-0.06019818181818181
-0.030818181818181814
0.11977999999999998
0.07704545454545454
0.0020545454545454547
0.1411472727272727
0.012121818181818182
0.018285454545454546
0.0764290909090909
-0.11074
0.051569090909090905
0.12121818181818181
-0.051569090909090905
0.12512181818181817
0.12429999999999998
0.045816363636363634
0.2518872727272727
0.09492
0.03821454545454545
0.06471818181818181
-0.04437818181818182
0.021367272727272728
-0.005958181818181818
-0.11094545454545454
-0.09574181818181818
0.1479272727272727
-0.02116181818181818
-0.016436363636363638
0.15183090909090907
-0.10642545454545453
0.037598181818181815
0.028147272727272726
-0.07745636363636363
0.05711636363636363
0.0805381818181818
0.02403818181818182
0.13169636363636364
0.11382181818181818
-0.07581272727272727
0.11238363636363637
0.15532363636363636
-0.06636181818181817
-0.07252545454545453
0.019107272727272726
-0.1329290909090909
0.10991818181818182
0.0628690909090909
-0.13888727272727272
0.2409981818181818
0.003287272727272727
0.028763636363636363
0.22045272727272727
-0.01705272727272727
-0.03205090909090909
0.11731454545454545
-0.014792727272727272
-0.1017
0.11217818181818182
0.010067272727272725
0.050747272727272724
0.13539454545454546
-0.0067800000000000004
-0.06882727272727272
0.13621636363636364
-0.0447890909090909
-0.10026181818181817
0.12491636363636363
-0.19600363636363635
0.06923818181818181
0.20997454545454544
-0.04150181818181818
0.08444181818181817
0.12902545454545453
-0.05876
0.07889454545454545
0.053212727272727266
-0.18326545454545454
0.1103290909090909
-0.050747272727272724
-0.03451636363636364
0.10375454545454545
0.009656363636363637
0.05629454545454545
0.16970545454545455
0.09307090909090908
-0.06389636363636363
0.22374
-0.11115090909090909
-0.03616
0.15265272727272727
-0.16991090909090908
0.0063690909090909084
0.08814
0.07047090909090908
0.10067272727272727
0.12306727272727273
-0.03328363636363636
0.10457636363636363
0.032872727272727276
-0.10704181818181817
0.11053454545454545
0.0024654545454545454
-0.05855454545454545
0.11382181818181818
0.03780363636363636
-0.17093818181818182
0.15902181818181815
0.01171090909090909
0.020956363636363638
0.15758363636363634
-0.05136363636363636
0.16046
0.06595090909090909
0.09492
0.08136
0.025065454545454544
0.007190909090909091
0.02301090909090909
-0.01705272727272727
-0.1411472727272727
0.027941818181818182
0.02527090909090909
-0.05198
-0.005547272727272727
0.16641818181818183
0.03307818181818182
0.19312727272727273
0.16744545454545454
-0.04376181818181818
0.14669454545454544
-0.11854727272727272
-0.05999272727272727
0.00452
-0.11012363636363637
-0.0678
0.09389272727272728
0.04889818181818182
-0.08567454545454545
0.1366272727272727
0.06553999999999999
0.003287272727272727
0.07252545454545453
0.022805454545454542
-0.10416545454545453
0.05013090909090909
0.010067272727272725
-0.04109090909090909
0.12450545454545454
-0.0020545454545454547
0.09861818181818181
0.13827090909090908
0.05177454545454545
0.0727309090909091
0.12265636363636362
-0.05115818181818182
-0.03739272727272727
0.07683999999999999
-0.10149454545454545
0.022805454545454542
0.07663454545454546
-0.03205090909090909
-0.02116181818181818
0.03225636363636363
-0.03965272727272728
0.05300727272727272
0.050747272727272724
-0.03739272727272727
0.20093454545454545
0.05033636363636364
-0.011505454545454544
0.1370381818181818
0.09759090909090909
0.0006163636363636364
0.03410545454545454
0.05115818181818182
-0.06636181818181817
0.04725454545454546
-0.014381818181818181
-0.009861818181818182
0.10067272727272727
0.07909999999999999
0.12039636363636362
0.09081090909090908
0.06800545454545455
0.21922
0.10149454545454545
-0.15059818181818183
0.10991818181818182
0.0452
-0.09265999999999999
0.053212727272727266
0.020545454545454544
0.019107272727272726
0.08197636363636364
0.038625454545454546
0.00904
0.1682672727272727
-0.03944727272727273
-0.011094545454545454
0.12717636363636362
-0.13806545454545455
-0.02075090909090909
0.07704545454545454
-0.1351890909090909
-0.018696363636363636
0.12902545454545453
-0.11320545454545454
0.062458181818181815
0.17402
0.031845454545454545
0.08382545454545455
0.04211818181818182
0.09327636363636364
0.13272363636363635
0.07190909090909091
-0.07745636363636363
0.08115454545454545
0.010889090909090909
-0.17093818181818182
0.07930545454545455
-0.05937636363636363
-0.1224509090909091
0.05999272727272727
-0.021367272727272728
0.0113
0.12758727272727272
-0.008423636363636364
0.07992181818181819
0.10950727272727273
-0.06718363636363636
0.035954545454545454
-0.02691454545454545
-0.14094181818181817
0.029585454545454543
0.12039636363636362
-0.11115090909090909
0.05691090909090909
0.23853272727272726
-0.016436363636363638
0.14237999999999998
0.16251454545454544
-0.016847272727272728
0.08197636363636364
0.06430727272727273
-0.05526727272727273
0.059170909090909087
0.004314545454545455
-0.04951454545454545
0.18100545454545455
0.03020181818181818
-0.0741690909090909
0.21922
0.09656363636363637
-0.13334
0.18388181818181817
-0.011916363636363636
-0.1637472727272727
0.15963818181818182
-0.03533818181818182
-0.03143454545454545
0.09450909090909092
-0.022805454545454542
0.07252545454545453
0.20586545454545455
-0.006163636363636363
0.08382545454545455
0.20668727272727272
-0.08998909090909091
0.1623090909090909
0.10272727272727272
-0.14607818181818183
0.10334363636363636
0.01623090909090909
-0.1341618181818182
-0.0447890909090909
-0.0113
-0.08259272727272728
0.11238363636363637
0.03985818181818182
-0.0786890909090909
0.29544363636363635
0.0678
0.03328363636363636
0.3009909090909091
-0.055883636363636364
0.010067272727272725
0.1314909090909091
-0.15655636363636363
-0.15409090909090908
0.04869272727272727
-0.10601454545454544
-0.11977999999999998
0.1411472727272727
-0.04972
0.11998545454545453
0.1865527272727273
-0.034927272727272723
0.10663090909090908
0.0008218181818181817
-0.11649272727272726
0.00041090909090909085
-0.052390909090909085
-0.1397090909090909
0.10806909090909089
0.02301090909090909
0.00862909090909091
0.19127818181818182
0.08814
0.10930181818181818
0.1744309090909091
0.08115454545454545
-0.04150181818181818
0.14135272727272727
-0.05280181818181818
-0.06636181818181817
0.13477818181818182
-0.0786890909090909
0.008834545454545454
0.06492363636363636
0.0
0.054034545454545446
0.09964545454545454
-0.011505454545454544
0.1306690909090909
0.06512909090909091
-0.019312727272727273
0.19436
0.06266363636363637
-0.03205090909090909
-0.01705272727272727
0.11382181818181818
-0.09779636363636364
-0.08855090909090908
-0.028969090909090906
-0.07190909090909091
0.09553636363636364
-0.07375818181818182
0.12347818181818182
0.18758
0.032872727272727276
0.055061818181818184
0.18018363636363635
-0.001849090909090909
-0.04972
0.1577890909090909
-0.1337509090909091
-0.004314545454545455
0.05177454545454545
-0.02403818181818182
0.1088909090909091
0.10519272727272726
0.02609272727272727
0.11957454545454545
0.11895818181818181
-0.14977636363636362
0.03965272727272728
0.0041090909090909095
-0.19025090909090905
0.010067272727272725
0.12224545454545453
-0.06821090909090909
0.0741690909090909
0.12039636363636362
-0.04910363636363636
0.19107272727272728
0.03513272727272727
-0.04910363636363636
0.07827818181818182
-0.07581272727272727
-0.08115454545454545
0.12060181818181817
-0.05033636363636364
-0.07601818181818182
0.1325181818181818
-0.07971636363636364
0.035749090909090904
0.13169636363636364
0.06512909090909091
0.06738909090909091
0.10211090909090909
0.0805381818181818
0.05999272727272727
0.17402
-0.008423636363636364
0.10642545454545453
0.10704181818181817
-0.18121090909090906
-0.010067272727272725
0.01171090909090909
-0.11649272727272726
0.1356
0.07519636363636363
-0.059787272727272724
0.24469636363636363
0.12882
0.00226
0.1600490909090909
0.051569090909090905
-0.07704545454545454
-0.05300727272727272
-0.1247109090909091
-0.04663818181818182
0.05691090909090909
-0.06615636363636364
0.06882727272727272
0.08896181818181817
0.0006163636363636364
0.08731818181818181
0.13477818181818182
0.030407272727272724
-0.0069854545454545456
0.0069854545454545456
-0.027736363636363635
0.10067272727272727
0.044994545454545454
0.08218181818181818
0.08115454545454545
0.005547272727272727
0.06266363636363637
0.16888363636363635
0.054034545454545446
-0.08711272727272727
0.12758727272727272
-0.12080727272727272
-0.08115454545454545
0.07663454545454546
-0.03657090909090909
0.07334727272727272
-0.004725454545454545
-0.00041090909090909085
-0.012943636363636362
-0.05691090909090909
-0.007601818181818181
0.12286181818181818
0.043556363636363636
-0.06985454545454545
0.11464363636363636
0.13765454545454545
-0.001849090909090909
0.09142727272727272
0.11977999999999998
-0.11957454545454545
0.015409090909090907
0.010478181818181819
-0.08567454545454545
0.04951454545454545
0.04746
0.11238363636363637
0.15573454545454543
0.015614545454545454
0.031845454545454545
0.25579090909090907
0.047665454545454546
0.0063690909090909084
0.07889454545454545
-0.14073636363636363
-0.015614545454545454
0.10149454545454545
-0.06841636363636364
-0.03718727272727273
0.1499818181818182
-0.011916363636363636
0.010683636363636364
0.10231636363636364
-0.06163636363636363
0.031023636363636364
0.08670181818181817
-0.09348181818181817
0.014587272727272727
0.05526727272727273
-0.08259272727272728
0.15059818181818183
0.05547272727272727
-0.07766181818181818
0.1125890909090909
0.03472181818181818
-0.054240000000000003
0.09861818181818181
-0.04540545454545454
-0.08937272727272727
0.22764363636363635
0.027736363636363635
-0.038419999999999996
0.17977272727272728
0.005547272727272727
0.040885454545454544
0.18963454545454544
-0.08259272727272728
0.02362727272727273
0.1360109090909091
-0.12429999999999998
0.016025454545454544
0.06882727272727272
-0.07786727272727272
0.10868545454545453
0.09985090909090909
-0.05013090909090909
0.15142
-0.023216363636363632
-0.06512909090909091
0.18573090909090906
-0.005136363636363636
-0.05341818181818182
0.17504727272727272
0.1103290909090909
-0.08896181818181817
0.17607454545454546
0.0628690909090909
-0.06944363636363636
0.15018727272727272
-0.03451636363636364
0.05136363636363636
0.058349090909090906
-0.014998181818181817
0.14012
0.059170909090909087
-0.1193690909090909
0.06595090909090909
0.11567090909090909
-0.12347818181818182
0.010889090909090909
0.0034927272727272728
-0.04746
0.013765454545454546
0.056705454545454545
0.06636181818181817
0.10005636363636364
0.08875636363636363
0.06266363636363637
0.10704181818181817
-0.062458181818181815
-0.019518181818181816
0.03657090909090909
-0.13929818181818182
-0.11053454545454545
0.07848363636363635
-0.046432727272727264
-0.05711636363636363
0.11834181818181817
-0.022805454545454542
-0.008218181818181819
0.08711272727272727
0.015819999999999997
0.027325454545454545
0.04972
-0.044994545454545454
0.13128545454545454
0.1088909090909091
-0.06163636363636363
0.17463636363636362
0.09923454545454545
0.01171090909090909
0.10786363636363637
0.026298181818181814
-0.07581272727272727
0.06738909090909091
0.057527272727272726
-0.09142727272727272
0.10622
0.006163636363636363
-0.027941818181818182
0.16518545454545455
0.010889090909090909
-0.042734545454545456
0.11895818181818181
-0.06553999999999999
-0.07190909090909091
0.1826490909090909
-0.033694545454545456
0.027325454545454545
0.15450181818181818
-0.027530909090909092
0.09841272727272728
0.1881963636363636
-0.06143090909090909
0.019107272727272726
0.12388909090909091
-0.11464363636363636
0.054034545454545446
0.06225272727272727
-0.025887272727272724
0.15388545454545455
0.08649636363636364
0.027941818181818182
0.16970545454545455
0.12060181818181817
-0.028352727272727273
0.11895818181818181
-0.031845454545454545
-0.1935381818181818
0.09245454545454544
-0.028147272727272726
-0.13436727272727272
0.12820363636363635
-0.014381818181818181
-0.02444909090909091
0.17792363636363634
-0.0113
0.028763636363636363
0.08279818181818181
-0.12450545454545454
0.010272727272727272
0.08937272727272727
-0.10519272727272726
-0.05259636363636363
0.0538290909090909
-0.028969090909090906
0.06225272727272727
0.07560727272727272
0.03965272727272728
0.14977636363636362
0.06451272727272726
0.06738909090909091
0.15347454545454545
0.02198363636363636
0.055678181818181814
0.17484181818181818
-0.07006
-0.11752
0.07170363636363636
-0.0113
-0.07601818181818182
-0.08608545454545455
-0.07149818181818181
0.07540181818181818
0.03698181818181818
-0.00904
0.17710181818181817
0.08218181818181818
-0.011094545454545454
0.15183090909090907
0.001438181818181818
-0.06451272727272726
-0.004314545454545455
0.06903272727272727
0.07149818181818181
-0.00862909090909091
0.06964909090909091
0.028352727272727273
0.17402
0.09122181818181817
-0.02691454545454545
0.06841636363636364
-0.012121818181818182
0.028558181818181816
0.0113
-0.03821454545454545
-0.0063690909090909084
0.0904
0.08362
-0.014792727272727272
0.11320545454545454
0.10704181818181817
-0.015614545454545454
0.09492
-0.05691090909090909
-0.10416545454545453
0.08218181818181818
-0.03533818181818182
-0.014998181818181817
0.00226
-0.05937636363636363
0.04211818181818182
0.07108727272727272
0.03965272727272728
0.06697818181818181
0.08711272727272727
0.0041090909090909095
0.08505818181818181
0.11526
-0.07108727272727272
0.0990290909090909
0.07149818181818181
-0.08546909090909091
0.06636181818181817
-0.08423636363636364
-0.02486
0.14607818181818183
-0.03965272727272728
-0.004725454545454545
0.12882
0.0628690909090909
0.09450909090909092
0.2147
-0.00020545454545454542
-0.03205090909090909
0.2153163636363636
-0.05608909090909091
-0.05362363636363636
0.12368363636363637
-0.1871690909090909
0.08629090909090908
0.09615272727272728
-0.1631309090909091
0.22579454545454544
0.08136
0.03780363636363636
0.12450545454545454
-0.02979090909090909
-0.05732181818181818
-0.034310909090909086
-0.054034545454545446
-0.17545818181818182
0.10519272727272726
-0.03903636363636363
0.0741690909090909
0.2301090909090909
-0.06759454545454545
0.2229181818181818
0.22148
-0.004725454545454545
0.02650363636363636
0.16210363636363637
-0.06985454545454545
-0.02218909090909091
0.12080727272727272
-0.18244363636363634
-0.021778181818181818
0.012532727272727272
-0.06327999999999999
0.0452
-0.027736363636363635
-0.08896181818181817
0.15635090909090907
0.09348181818181817
-0.08485272727272727
0.1935381818181818
0.08259272727272728
-0.05629454545454545
0.15409090909090908
0.03307818181818182
-0.11217818181818182
0.05485636363636363
-0.08772909090909091
-0.1321072727272727
-0.013560000000000001
-0.08444181818181817
0.10252181818181817
0.10149454545454545
0.009656363636363637
0.11402727272727273
0.11423272727272726
-0.005136363636363636
0.04068
0.13909272727272726
-0.0538290909090909
0.013970909090909091
0.11793090909090909
-0.09553636363636364
0.18388181818181817
0.19045636363636362
-0.14422909090909092
0.2831163636363636
0.1341618181818182
-0.12450545454545454
0.1193690909090909
-0.09142727272727272
-0.09553636363636364
0.030407272727272724
-0.03636545454545455
-0.06903272727272727
0.10478181818181817
0.07458
0.046432727272727264
0.21593272727272728
0.052390909090909085
-0.001849090909090909
0.17093818181818182
-0.008012727272727272
-0.10416545454545453
0.13272363636363635
-0.0538290909090909
-0.01664181818181818
0.04129636363636364
-0.06697818181818181
0.0727309090909091
-0.004725454545454545
0.012943636363636362
0.11320545454545454
0.07108727272727272
-0.038419999999999996
0.19086727272727272
0.1103290909090909
-0.04314545454545454
0.13272363636363635
-0.0447890909090909
0.028763636363636363
0.036776363636363635
-0.06718363636363636
-0.07601818181818182
0.07047090909090908
0.031023636363636364
-0.05115818181818182
0.20483818181818178
-0.013970909090909091
0.08916727272727272
0.20011272727272728
-0.061841818181818185
-0.01623090909090909
0.03657090909090909
-0.04725454545454546
-0.05876
-0.056705454545454545
-0.11320545454545454
0.05814363636363636
0.07971636363636364
0.02218909090909091
0.08156545454545455
0.06964909090909091
-0.014792727272727272
0.09471454545454545
0.02218909090909091
-0.041912727272727275
0.1551181818181818
-0.08464727272727272
0.0764290909090909
0.14977636363636362
-0.02444909090909091
0.18737454545454543
0.11752
0.05999272727272727
0.1125890909090909
0.004314545454545455
-0.12512181818181817
0.04663818181818182
0.07129272727272727
-0.09820727272727273
0.0006163636363636364
0.031229090909090908
0.01705272727272727
0.06821090909090909
-0.024654545454545453
-0.09142727272727272
0.09265999999999999
-0.041707272727272725
0.016436363636363638
0.1894290909090909
-0.05485636363636363
0.10950727272727273
0.18449818181818184
0.03020181818181818
0.012327272727272727
0.061841818181818185
0.00041090909090909085
-0.035954545454545454
0.002876363636363636
-0.13457272727272726
0.02527090909090909
0.13334
0.012327272727272727
0.06636181818181817
0.1337509090909091
0.08629090909090908
0.16292545454545454
0.13477818181818182
-0.06697818181818181
0.04376181818181818
0.06225272727272727
-0.03657090909090909
0.015409090909090907
-0.0020545454545454547
-0.09594727272727273
0.06204727272727273
0.11669818181818181
-0.1415581818181818
0.010272727272727272
0.04129636363636364
-0.03143454545454545
0.12224545454545453
-0.00020545454545454542
0.002876363636363636
0.11772545454545454
-0.0006163636363636364
0.07190909090909091
0.18121090909090906
-0.12820363636363635
0.022805454545454542
0.2459290909090909
-0.15491272727272726
-0.05711636363636363
0.16128181818181817
-0.03410545454545454
0.07108727272727272
0.13888727272727272
-0.05958181818181818
0.061841818181818185
0.13395636363636362
-0.04910363636363636
0.05485636363636363
0.05095272727272727
-0.21285090909090906
0.09389272727272728
0.07992181818181819
-0.18552545454545455
0.20422181818181817
0.1058090909090909
-0.005547272727272727
0.14464
0.02650363636363636
0.01705272727272727
0.07375818181818182
0.003698181818181818
-0.00041090909090909085
0.07909999999999999
-0.15347454545454545
-0.029996363636363634
0.1803890909090909
-0.07334727272727272
0.011916363636363636
0.12799818181818182
-0.005136363636363636
0.05177454545454545
0.09882363636363636
0.050747272727272724
0.11834181818181817
0.003287272727272727
0.005136363636363636
0.11423272727272726
-0.04437818181818182
-0.05300727272727272
0.038419999999999996
0.02116181818181818
-0.16991090909090908
0.003698181818181818
0.09265999999999999
-0.032872727272727276
0.2274381818181818
0.10026181818181817
0.053212727272727266
0.14422909090909092
0.06081454545454545
0.07951090909090908
-0.011916363636363636
-0.0447890909090909
0.004314545454545455
0.013354545454545456
-0.08546909090909091
-0.033694545454545456
0.07211454545454546
-0.025065454545454544
0.03307818181818182
0.14895454545454545
-0.03800909090909091
-0.007807272727272727
0.17997818181818181
-0.054034545454545446
-0.011094545454545454
0.10272727272727272
0.028558181818181816
0.12060181818181817
0.07827818181818182
0.07170363636363636
0.12429999999999998
0.0470490909090909
-0.061841818181818185
0.13929818181818182
0.02403818181818182
-0.19662
0.10991818181818182
0.0069854545454545456
-0.10437090909090908
0.08485272727272727
0.016025454545454544
-0.07478545454545454
0.014792727272727272
-0.04663818181818182
-0.012327272727272727
0.08505818181818181
-0.03657090909090909
0.10971272727272725
0.14464
-0.04828181818181818
0.05115818181818182
0.20093454545454545
-0.004725454545454545
0.03246181818181818
0.13354545454545455
-0.1419690909090909
-0.001849090909090909
0.027941818181818182
-0.10108363636363636
0.07396363636363636
0.0538290909090909
0.013560000000000001
0.14012
0.08814
0.012943636363636362
0.14217454545454544
0.050747272727272724
-0.0016436363636363634
0.06738909090909091
-0.04602181818181818
-0.04930909090909091
0.06800545454545455
0.04417272727272727
0.01705272727272727
0.06595090909090909
0.0030818181818181817
0.08115454545454545
0.08136
-0.049925454545454544
0.12286181818181818
0.03698181818181818
-0.11505454545454545
0.113
-0.02034
-0.05033636363636364
0.1551181818181818
0.05876
0.028763636363636363
0.07149818181818181
0.08382545454545455
0.06944363636363636
0.1341618181818182
0.07293636363636363
0.05773272727272727
0.16189818181818183
-0.018696363636363636
-0.012943636363636362
0.13395636363636362
-0.10046727272727272
-0.05629454545454545
0.045816363636363634
-0.1935381818181818
0.006163636363636363
-0.02486
-0.08485272727272727
0.12347818181818182
-0.003287272727272727
0.03636545454545455
0.08136
-0.011916363636363636
0.032667272727272725
0.07560727272727272
-0.048487272727272726
-0.05855454545454545
0.061841818181818185
-0.014381818181818181
0.007190909090909091
0.10437090909090908
-0.03821454545454545
0.07622363636363635
0.13785999999999998
-0.06143090909090909
0.10724727272727272
0.06204727272727273
-0.14320181818181818
0.0452
0.14381818181818182
-0.06122545454545455
0.018285454545454546
0.11916363636363636
-0.0041090909090909095
0.09019454545454544
0.00452
-0.07930545454545455
0.05033636363636364
0.08259272727272728
-0.04828181818181818
0.04211818181818182
0.13950363636363636
-0.10087818181818181
0.12512181818181817
0.1125890909090909
-0.08074363636363636
0.15532363636363636
-0.020956363636363638
-0.01808
0.1758690909090909
-0.03965272727272728
0.004725454545454545
0.17710181818181817
0.053212727272727266
0.03472181818181818
0.10991818181818182
0.07396363636363636
-0.05732181818181818
0.038625454545454546
0.0628690909090909
-0.031845454545454545
0.06800545454545455
-0.016847272727272728
0.1894290909090909
0.1551181818181818
-0.07807272727272727
0.22353454545454546
0.12779272727272725
-0.08444181818181817
0.07519636363636363
-0.012121818181818182
-0.13580545454545453
0.0034927272727272728
-0.09594727272727273
-0.12080727272727272
0.11197272727272727
-0.015203636363636362
-0.04232363636363636
0.2677072727272727
0.05793818181818181
-0.05814363636363636
0.13785999999999998
-0.08978363636363636
-0.05547272727272727
0.0020545454545454547
-0.10108363636363636
0.0008218181818181817
0.027325454545454545
0.028147272727272726
0.04540545454545454
0.07334727272727272
0.013560000000000001
0.06800545454545455
0.10313818181818181
-0.06738909090909091
0.08136
0.1479272727272727
-0.10252181818181817
0.07786727272727272
0.08875636363636363
-0.05629454545454545
0.09368727272727272
-0.08259272727272728
0.03328363636363636
0.08998909090909091
-0.08567454545454545
0.04930909090909091
0.12799818181818182
0.03657090909090909
-0.048487272727272726
0.1871690909090909
0.04889818181818182
-0.0067800000000000004
0.11156181818181818
-0.06389636363636363
-0.1088909090909091
-0.02301090909090909
0.027325454545454545
-0.09635818181818182
0.12121818181818181
0.060609090909090904
0.08238727272727273
0.1573781818181818
-0.007601818181818181
0.17525272727272728
0.07047090909090908
0.06163636363636363
0.00945090909090909
0.016847272727272728
0.013970909090909091
0.05033636363636364
0.13929818181818182
-0.04930909090909091
0.17566363636363633
0.07930545454545455
-0.09019454545454544
0.06471818181818181
-0.029996363636363634
-0.06882727272727272
0.06553999999999999
-0.09142727272727272
-0.06923818181818181
0.17463636363636362
-0.040885454545454544
0.027530909090909092
0.19826363636363634
0.052390909090909085
-0.05773272727272727
0.07006
-0.07889454545454545
-0.13354545454545455
0.12553272727272727
-0.113
0.027941818181818182
0.09553636363636364
-0.12779272727272725
0.11895818181818181
0.16806181818181817
-0.03307818181818182
0.08916727272727272
0.09471454545454545
-0.08772909090909091
0.06636181818181817
0.12224545454545453
0.0113
0.002876363636363636
0.08546909090909091
-0.01849090909090909
0.04376181818181818
-0.05876
-0.08094909090909091
0.26893999999999996
-0.08156545454545455
-0.07067636363636363
0.15429636363636362
-0.001849090909090909
0.09450909090909092
0.13868181818181818
-0.011094545454545454
0.003287272727272727
0.08588
-0.04684363636363636
-0.012532727272727272
0.005752727272727272
-0.07355272727272727
0.00452
0.11669818181818181
-0.007601818181818181
0.051569090909090905
0.10437090909090908
-0.04602181818181818
0.11341090909090909
-0.03985818181818182
-0.01766909090909091
0.15388545454545455
-0.026298181818181814
0.02013454545454545
0.12758727272727272
0.027941818181818182
0.09327636363636364
0.20031818181818178
0.06656727272727272
0.10683636363636365
-0.013765454545454546
-0.059787272727272724
0.020545454545454544
-0.02650363636363636
-0.028969090909090906
-0.056705454545454545
0.03328363636363636
-0.03636545454545455
0.05732181818181818
0.048487272727272726
-0.10252181818181817
0.08115454545454545
-0.00452
-0.08588
0.08670181818181817
0.04746
0.07704545454545454
0.17422545454545454
-0.032667272727272725
0.012532727272727272
0.10827454545454546
-0.02691454545454545
0.0339
0.03020181818181818
-0.09224909090909092
0.04150181818181818
0.13169636363636364
-0.029585454545454543
0.09348181818181817
0.1524472727272727
-0.026298181818181814
0.0678
0.17381454545454544
-0.08197636363636364
-0.08094909090909091
0.07909999999999999
-0.05711636363636363
0.04109090909090909
-0.009861818181818182
-0.06143090909090909
0.15922727272727272
0.06143090909090909
-0.10745272727272726
0.11669818181818181
0.05608909090909091
-0.11074
0.15676181818181817
-0.05547272727272727
-0.06512909090909091
0.1292309090909091
-0.001849090909090909
0.049925454545454544
0.09450909090909092
-0.009861818181818182
0.025065454545454544
0.12758727272727272
-0.11957454545454545
0.017874545454545452
0.09964545454545454
-0.08772909090909091
0.031229090909090908
0.1035490909090909
-0.021367272727272728
0.05218545454545454
0.19662
-0.015203636363636362
0.12553272727272727
-0.005341818181818182
-0.1216290909090909
0.10293272727272727
-0.04068
-0.09553636363636364
0.09656363636363637
0.05547272727272727
-0.09553636363636364
0.24510727272727273
0.046432727272727264
-0.005341818181818182
0.21572727272727274
-0.10745272727272726
0.03985818181818182
0.1360109090909091
-0.06595090909090909
0.038419999999999996
0.08588
-0.05218545454545454
0.06718363636363636
0.036776363636363635
-0.06923818181818181
0.11053454545454545
0.14073636363636363
-0.02362727272727273
0.1600490909090909
0.09224909090909092
-0.13457272727272726
0.2391490909090909
-0.0012327272727272727
-0.07807272727272727
0.14422909090909092
-0.04376181818181818
-0.0226
0.04047454545454546
-0.011094545454545454
-0.0010272727272727274
0.15532363636363636
-0.028147272727272726
0.07293636363636363
0.10601454545454544
-0.07293636363636363
0.06348545454545454
0.012738181818181817
-0.17155454545454543
-0.03513272727272727
0.050747272727272724
-0.22641090909090908
0.08218181818181818
0.053212727272727266
-0.07355272727272727
0.13847636363636362
0.06225272727272727
0.05526727272727273
0.09245454545454544
0.12060181818181817
-0.11074
0.062458181818181815
0.04787090909090909
-0.07006
0.12512181818181817
-0.03698181818181818
-0.02342181818181818
0.15470727272727272
0.0764290909090909
-0.030612727272727274
0.1479272727272727
-0.04437818181818182
-0.05711636363636363
0.058349090909090906
-0.06040363636363636
-0.03800909090909091
0.06718363636363636
0.0895781818181818
-0.0904
0.12039636363636362
-0.06595090909090909
0.020545454545454544
0.22949272727272724
-0.10909636363636364
0.11053454545454545
0.13868181818181818
-0.04725454545454546
0.12491636363636363
0.08649636363636364
-0.08259272727272728
0.17258181818181817
0.07540181818181818
-0.06327999999999999
0.13128545454545454
0.008423636363636364
-0.028147272727272726
0.11998545454545453
0.06307454545454545
-0.060609090909090904
0.19086727272727272
0.06040363636363636
-0.0024654545454545454
0.2274381818181818
-0.03800909090909091
-0.006163636363636363
0.10663090909090908
-0.08772909090909091
-0.057527272727272726
0.07601818181818182
-0.06019818181818181
0.0628690909090909
0.03143454545454545
-0.10108363636363636
0.19230545454545456
0.0447890909090909
-0.10231636363636364
0.13868181818181818
0.05177454545454545
-0.18614181818181816
0.0918381818181818
0.008423636363636364
-0.16189818181818183
0.13991454545454546
-0.005547272727272727
-0.01992909090909091
0.10704181818181817
0.028352727272727273
0.1171090909090909
0.1608709090909091
0.015409090909090907
0.031845454545454545
0.10745272727272726
0.0039036363636363635
0.023216363636363632
0.030818181818181814
-0.06081454545454545
-0.08916727272727272
0.027120000000000002
-0.021367272727272728
-0.10827454545454546
0.039241818181818176
0.009245454545454545
0.052390909090909085
0.04725454545454546
-0.011094545454545454
0.17032181818181816
0.053212727272727266
-0.04725454545454546
0.07581272727272727
-0.0764290909090909
-0.002876363636363636
0.09430363636363637
-0.041707272727272725
0.00904
0.05855454545454545
0.08711272727272727
0.08567454545454545
0.1356
0.03780363636363636
0.012327272727272727
0.16518545454545455
-0.03698181818181818
-0.033489090909090906
0.14053090909090907
0.008218181818181819
0.0
0.10909636363636364
-0.007601818181818181
0.05691090909090909
0.1962090909090909
-0.01808
0.04663818181818182
0.02568181818181818
-0.18573090909090906
0.06862181818181817
0.01992909090909091
-0.1528581818181818
0.05300727272727272
-0.03636545454545455
-0.0067800000000000004
0.17032181818181816
0.03328363636363636
0.05855454545454545
0.16908909090909088
0.0339
-0.011094545454545454
0.14381818181818182
-0.02938
-0.008012727272727272
0.14176363636363634
-0.18573090909090906
-0.1125890909090909
0.11895818181818181
-0.05793818181818181
0.06122545454545455
0.08218181818181818
-0.07848363636363635
0.19251090909090907
0.12060181818181817
-0.017463636363636362
0.1351890909090909
0.07006
-0.04047454545454546
0.12450545454545454
0.027120000000000002
-0.20011272727272728
0.09512545454545453
-0.06225272727272727
-0.07663454545454546
0.10416545454545453
-0.05711636363636363
0.09841272727272728
0.19867454545454544
0.0226
0.045816363636363634
0.12820363636363635
-0.13806545454545455
0.021367272727272728
-0.014176363636363636
-0.14772181818181818
0.07683999999999999
0.11587636363636362
0.05136363636363636
0.05177454545454545
0.21675454545454545
0.06553999999999999
0.19600363636363635
0.07827818181818182
-0.03533818181818182
0.10313818181818181
-0.09533090909090909
-0.015203636363636362
-0.0226
-0.038625454545454546
-0.06738909090909091
0.07560727272727272
-0.019312727272727273
-0.005958181818181818
0.22148
-0.04930909090909091
0.044994545454545454
0.10930181818181818
0.04417272727272727
0.07232
0.10087818181818181
-0.003698181818181818
0.017874545454545452
0.07725090909090909
-0.19086727272727272
-0.09265999999999999
0.02444909090909091
-0.10375454545454545
-0.11382181818181818
0.05958181818181818
-0.03513272727272727
0.06451272727272726
0.13107999999999997
0.007190909090909091
0.23031454545454547
0.054034545454545446
-0.03410545454545454
0.12594363636363634
0.0741690909090909
-0.08629090909090908
0.06656727272727272
0.05937636363636363
-0.10724727272727272
0.10806909090909089
0.0904
0.036776363636363635
0.09471454545454545
-0.029174545454545453
-0.07725090909090909
0.05855454545454545
-0.11628727272727273
-0.007601818181818181
0.09553636363636364
-0.06471818181818181
0.10416545454545453
0.13827090909090908
0.10622
0.08855090909090908
0.16518545454545455
-0.04294
0.002670909090909091
0.11690363636363636
-0.08238727272727273
0.06430727272727273
-0.04068
-0.08094909090909091
0.026298181818181814
0.03554363636363636
-0.027120000000000002
0.1341618181818182
0.08279818181818181
-0.08074363636363636
0.20668727272727272
0.043350909090909086
0.004930909090909091
0.17093818181818182
0.09964545454545454
0.016847272727272728
0.08814
-0.044994545454545454
-0.03616
0.16046
-0.1261490909090909
0.015614545454545454
0.07766181818181818
-0.02670909090909091
0.12080727272727272
0.10539818181818181
-0.04109090909090909
0.03718727272727273
0.10211090909090909
-0.16949999999999998
0.005752727272727272
-0.06697818181818181
-0.08505818181818181
0.13457272727272726
-0.07437454545454546
0.014381818181818181
0.14874909090909091
0.010478181818181819
0.06225272727272727
0.20134545454545455
-0.04746
-0.038625454545454546
0.11423272727272726
-0.010478181818181819
-0.008423636363636364
0.04910363636363636
-0.01766909090909091
0.09635818181818182
0.11094545454545454
-0.08094909090909091
0.17463636363636362
0.02301090909090909
-0.1017
0.12676545454545454
-0.05711636363636363
-0.10252181818181817
0.04663818181818182
0.0678
-0.04150181818181818
0.039241818181818176
0.07006
0.03410545454545454
0.031845454545454545
-0.015819999999999997
0.007190909090909091
0.009656363636363637
0.0538290909090909
0.051569090909090905
0.11587636363636362
-0.017463636363636362
-0.005547272727272727
0.15758363636363634
-0.028763636363636363
0.01725818181818182
0.03328363636363636
-0.08320909090909091
-0.02013454545454545
0.06841636363636364
0.03246181818181818
0.00862909090909091
0.12286181818181818
0.12224545454545453
0.15306363636363635
0.1103290909090909
0.018285454545454546
0.19066181818181818
-0.00020545454545454542
-0.09779636363636364
0.11690363636363636
-0.0402690909090909
-0.0918381818181818
0.028352727272727273
0.012738181818181817
-0.15717272727272727
0.07704545454545454
0.06841636363636364
-0.08423636363636364
0.12738181818181818
-0.11998545454545453
0.04930909090909091
0.20216727272727272
-0.07108727272727272
0.12697090909090908
0.1957981818181818
-0.0402690909090909
0.10190545454545454
0.13046363636363634
-0.1411472727272727
0.024654545454545453
0.10149454545454545
-0.10642545454545453
0.015614545454545454
0.015614545454545454
-0.07601818181818182
0.1984690909090909
0.08608545454545455
-0.062458181818181815
0.13334
0.01664181818181818
0.005752727272727272
0.12121818181818181
-0.08526363636363636
-0.055061818181818184
0.08834545454545455
-0.05691090909090909
0.04972
0.17196545454545456
-0.019723636363636363
0.04109090909090909
0.21737090909090906
-0.07006
-0.00862909090909091
0.08567454545454545
-0.14279090909090908
0.1306690909090909
0.007601818181818181
-0.14628363636363637
0.11156181818181818
0.038419999999999996
0.0041090909090909095
0.14299636363636362
0.05013090909090909
-0.011916363636363636
0.18490909090909088
0.0741690909090909
0.02444909090909091
0.08341454545454545
-0.03944727272727273
0.001849090909090909
0.055883636363636364
-0.07848363636363635
-0.09101636363636363
0.08094909090909091
-0.07211454545454546
-0.03883090909090909
0.1012890909090909
-0.02075090909090909
0.07786727272727272
0.14053090909090907
0.04109090909090909
0.11094545454545454
0.07458
-0.06389636363636363
0.11382181818181818
-0.04910363636363636
-0.1337509090909091
0.10211090909090909
-0.041912727272727275
-0.034310909090909086
0.12861454545454545
0.04458363636363636
-0.04930909090909091
0.14566727272727273
0.09307090909090908
-0.0339
0.11998545454545453
-0.005341818181818182
0.011916363636363636
0.17566363636363633
0.015409090909090907
-0.007190909090909091
0.14484545454545456
0.03205090909090909
0.04109090909090909
0.11361636363636363
-0.05136363636363636
-0.012532727272727272
0.12450545454545454
-0.048487272727272726
-0.10313818181818181
0.09861818181818181
-0.07930545454545455
0.04807636363636364
0.1058090909090909
-0.16169272727272727
0.09348181818181817
0.05773272727272727
0.012327272727272727
0.08670181818181817
-0.004930909090909091
0.02670909090909091
0.10211090909090909
0.07437454545454546
-0.03143454545454545
0.11875272727272726
0.014792727272727272
-0.06677272727272728
0.19025090909090905
-0.02218909090909091
-0.16251454545454544
0.11854727272727272
0.001438181818181818
-0.038419999999999996
0.08670181818181817
-0.034927272727272723
0.10087818181818181
0.1296418181818182
0.002876363636363636
0.07108727272727272
0.1193690909090909
-0.029174545454545453
-0.038419999999999996
0.033694545454545456
-0.13929818181818182
0.059170909090909087
0.06800545454545455
-0.08526363636363636
0.18244363636363634
0.06204727272727273
-0.02116181818181818
0.15142
-0.031229090909090908
-0.0452
0.08896181818181817
-0.08218181818181818
-0.0226
0.06040363636363636
-0.05033636363636364
0.00041090909090909085
0.14813272727272728
0.08937272727272727
0.058349090909090906
0.22702727272727272
0.055678181818181814
0.13642181818181817
0.17360909090909088
-0.059787272727272724
0.12142363636363637
0.03985818181818182
-0.06081454545454545
0.05876
-0.030612727272727274
-0.03143454545454545
0.050747272727272724
-0.06163636363636363
-0.036776363636363635
0.06862181818181817
-0.03657090909090909
0.022805454545454542
0.08793454545454545
0.03328363636363636
0.034927272727272723
0.038625454545454546
-0.028147272727272726
0.002670909090909091
0.056705454545454545
-0.04150181818181818
0.032667272727272725
0.11957454545454545
-0.027120000000000002
0.007396363636363636
0.17340363636363634
-0.014176363636363636
-0.008834545454545454
0.08423636363636364
-0.04746
0.02075090909090909
0.03307818181818182
-0.07211454545454546
-0.011094545454545454
0.12861454545454545
-0.01808
0.008218181818181819
0.15532363636363636
-0.06389636363636363
0.035749090909090904
0.10683636363636365
-0.14032545454545453
-0.02218909090909091
-0.01808
-0.06348545454545454
0.09820727272727273
-0.042529090909090905
0.01766909090909091
0.14340727272727272
0.01890181818181818
0.028147272727272726
0.07745636363636363
0.04376181818181818
-0.02568181818181818
0.15491272727272726
0.006574545454545454
-0.039241818181818176
0.25209272727272725
-0.00041090909090909085
0.0990290909090909
0.16744545454545454
-0.1284090909090909
0.10313818181818181
0.16970545454545455
-0.07375818181818182
0.10067272727272727
0.0741690909090909
-0.10909636363636364
0.15347454545454545
0.12347818181818182
-0.03944727272727273
0.11793090909090909
0.12594363636363634
-0.0565
0.04458363636363636
-0.019518181818181816
-0.1224509090909091
0.15532363636363636
-0.06800545454545455
-0.06759454545454545
0.17114363636363633
0.028969090909090906
0.16415818181818181
0.15717272727272727
-0.04807636363636364
0.028352727272727273
0.050747272727272724
-0.15491272727272726
-0.03472181818181818
0.10375454545454545
-0.15902181818181815
0.043556363636363636
0.20566
-0.050747272727272724
0.1464890909090909
0.06471818181818181
-0.004725454545454545
0.17977272727272728
-0.10087818181818181
-0.027736363636363635
0.1103290909090909
-0.11094545454545454
-0.07786727272727272
0.05999272727272727
-0.027736363636363635
-0.055883636363636364
0.10457636363636363
0.038625454545454546
-0.05629454545454545
0.048487272727272726
-0.0020545454545454547
0.07334727272727272
0.1325181818181818
-0.08690727272727272
0.0727309090909091
0.12553272727272727
-0.09553636363636364
0.06307454545454545
0.03472181818181818
-0.1727872727272727
0.014381818181818181
0.04129636363636364
-0.10827454545454546
0.10806909090909089
0.11464363636363636
0.05444545454545455
0.18511454545454545
0.05095272727272727
0.07848363636363635
0.14874909090909091
0.012943636363636362
0.017463636363636362
0.11834181818181817
-0.013970909090909091
-0.02239454545454545
0.1962090909090909
0.09101636363636363
0.05547272727272727
0.09944
-0.02301090909090909
-0.017463636363636362
0.04828181818181818
-0.12142363636363637
-0.033694545454545456
0.0447890909090909
-0.14895454545454545
0.12697090909090908
0.10313818181818181
0.002670909090909091
0.25106545454545454
0.07232
-0.03657090909090909
0.20155090909090906
-0.04725454545454546
-0.19518181818181818
0.22168545454545452
-0.06101999999999999
-0.16949999999999998
0.10827454545454546
-0.005547272727272727
0.06369090909090909
0.08731818181818181
0.05608909090909091
0.040885454545454544
0.11895818181818181
-0.008834545454545454
-0.045610909090909084
0.14012
-0.07129272727272727
0.05013090909090909
0.15450181818181818
-0.16477454545454545
0.003287272727272727
0.13621636363636364
-0.08444181818181817
0.07314181818181818
0.00452
-0.060609090909090904
0.14587272727272727
0.009656363636363637
0.02218909090909091
0.15470727272727272
0.028763636363636363
-0.0452
0.11834181818181817
-0.0741690909090909
-0.1329290909090909
0.09081090909090908
-0.050747272727272724
0.03780363636363636
0.08567454545454545
-0.012121818181818182
0.13128545454545454
0.18531999999999998
0.0008218181818181817
0.03636545454545455
0.07909999999999999
-0.08916727272727272
0.10642545454545453
0.08855090909090908
-0.08814
0.08464727272727272
0.17997818181818181
0.10806909090909089
0.08526363636363636
0.038625454545454546
0.06512909090909091
0.10478181818181817
-0.14628363636363637
-0.06081454545454545
0.07190909090909091
-0.18018363636363635
-0.00452
0.13847636363636362
-0.06143090909090909
0.00041090909090909085
0.07458
0.0678
0.07540181818181818
-0.02979090909090909
-0.05793818181818181
0.12368363636363637
0.07622363636363635
-0.01890181818181818
0.11875272727272726
0.05485636363636363
-0.00041090909090909085
0.15080363636363636
0.04972
-0.12121818181818181
0.043556363636363636
0.013765454545454546
-0.01725818181818182
0.08814
-0.01664181818181818
0.08094909090909091
0.23627272727272725
0.06143090909090909
-0.029174545454545453
0.16272
0.05033636363636364
-0.05095272727272727
0.05300727272727272
-0.0565
-0.061841818181818185
0.12799818181818182
0.0063690909090909084
-0.13724363636363635
0.12429999999999998
-0.013354545454545456
-0.0010272727272727274
0.1499818181818182
-0.1076581818181818
-0.0008218181818181817
0.11402727272727273
0.01171090909090909
0.06677272727272728
0.15265272727272727
-0.04068
0.09348181818181817
0.2149054545454545
-0.06348545454545454
0.04663818181818182
0.06841636363636364
-0.11053454545454545
0.03657090909090909
0.012738181818181817
-0.12450545454545454
0.1686781818181818
0.06348545454545454
0.0020545454545454547
0.12943636363636363
-0.06656727272727272
0.027325454545454545
0.14443454545454545
-0.06759454545454545
-0.18758
0.14587272727272727
-0.02239454545454545
-0.012943636363636362
0.15183090909090907
0.011505454545454544
0.11998545454545453
0.060609090909090904
0.10663090909090908
0.013354545454545456
0.06040363636363636
-0.043350909090909086
0.027120000000000002
0.02444909090909091
-0.1415581818181818
0.13580545454545453
-0.042529090909090905
0.030818181818181814
0.14299636363636362
-0.03451636363636364
0.042734545454545456
0.16970545454545455
-0.02670909090909091
0.08875636363636363
0.12635454545454544
-0.045816363636363634
0.14237999999999998
0.06143090909090909
0.08629090909090908
-0.08690727272727272
-0.012327272727272727
-0.03903636363636363
-0.04150181818181818
0.15388545454545455
-0.11238363636363637
0.14874909090909091
0.09265999999999999
0.040885454545454544
0.15655636363636363
0.0628690909090909
0.035954545454545454
0.032667272727272725
-0.07190909090909091
-0.13477818181818182
0.09122181818181817
-0.06821090909090909
0.014381818181818181
0.06430727272727273
0.01171090909090909
0.01992909090909091
0.15840545454545454
0.15943272727272728
-0.023832727272727273
0.13868181818181818
-0.13436727272727272
0.033694545454545456
0.1148490909090909
-0.14895454545454545
0.07252545454545453
0.14217454545454544
-0.08115454545454545
0.016847272727272728
0.19456545454545454
-0.13642181818181817
0.037598181818181815
0.14135272727272727
-0.1483381818181818
-0.01623090909090909
0.10211090909090909
-0.06553999999999999
0.1012890909090909
0.06656727272727272
-0.18593636363636362
0.1758690909090909
0.020545454545454544
-0.04068
0.18162181818181816
0.0067800000000000004
-0.02486
0.11074
0.05896545454545454
-0.025887272727272724
0.1637472727272727
-0.03513272727272727
0.04396727272727272
0.11628727272727273
-0.15758363636363634
0.03965272727272728
0.12080727272727272
-0.10560363636363636
0.02301090909090909
0.2052490909090909
-0.10642545454545453
0.13046363636363634
0.25579090909090907
0.011916363636363636
0.11628727272727273
0.053212727272727266
0.013970909090909091
0.07252545454545453
0.004930909090909091
-0.07909999999999999
0.15039272727272726
-0.03143454545454545
-0.09964545454545454
0.18614181818181816
-0.05341818181818182
0.016436363636363638
0.21100181818181818
-0.041912727272727275
-0.06615636363636364
0.11402727272727273
-0.09101636363636363
0.020545454545454544
0.0805381818181818
-0.13642181818181817
0.10704181818181817
0.09533090909090909
-0.043556363636363636
0.1676509090909091
0.1865527272727273
-0.07334727272727272
0.17484181818181818
0.17751272727272727
-0.13827090909090908
0.16292545454545454
0.09635818181818182
-0.13231272727272728
0.04211818181818182
-0.055061818181818184
-0.1360109090909091
0.045610909090909084
-0.12429999999999998
-0.06307454545454545
0.12306727272727273
-0.11793090909090909
0.03533818181818182
0.2029890909090909
0.007601818181818181
0.020545454545454544
0.1017
-0.009656363636363637
0.03821454545454545
0.05095272727272727
-0.062458181818181815
-0.014998181818181817
0.002876363636363636
-0.013560000000000001
0.07663454545454546
0.10663090909090908
0.01171090909090909
0.18860727272727273
0.09122181818181817
-0.06143090909090909
0.11669818181818181
0.05341818181818182
-0.03225636363636363
0.02301090909090909
0.04396727272727272
-0.025887272727272724
0.07088181818181817
0.006574545454545454
0.06656727272727272
0.17566363636363633
-0.07006
0.03020181818181818
0.1676509090909091
-0.05218545454545454
-0.14217454545454544
0.11238363636363637
-0.046432727272727264
-0.16169272727272727
0.16272
-0.02013454545454545
-0.03657090909090909
0.17299272727272727
0.10046727272727272
0.1586109090909091
0.13395636363636362
-0.0016436363636363634
0.12861454545454545
0.10272727272727272
-0.0805381818181818
0.07232
0.04787090909090909
-0.16600727272727273
-0.029996363636363634
0.0940981818181818
-0.08115454545454545
0.05691090909090909
0.1366272727272727
0.037598181818181815
0.10334363636363636
0.008012727272727272
0.05054181818181818
0.11094545454545454
-0.025887272727272724
-0.007807272727272727
0.09081090909090908
-0.1713490909090909
-0.02157272727272727
0.09533090909090909
-0.1608709090909091
0.07622363636363635
0.09101636363636363
0.021367272727272728
0.12779272727272725
0.13642181818181817
-0.014381818181818181
0.062458181818181815
0.032667272727272725
-0.14772181818181818
0.009656363636363637
-0.07067636363636363
-0.04109090909090909
0.11649272727272726
0.01849090909090909
0.032667272727272725
0.28106181818181813
0.09718
0.01992909090909091
0.1723763636363636
0.020545454545454544
0.06348545454545454
0.01766909090909091
-0.03307818181818182
0.004930909090909091
0.02691454545454545
-0.07170363636363636
0.04663818181818182
0.11505454545454545
-0.028763636363636363
0.10642545454545453
0.0805381818181818
0.013354545454545456
0.05259636363636363
0.1035490909090909
-0.06821090909090909
0.09697454545454545
0.06430727272727273
-0.10704181818181817
0.07848363636363635
-0.11526
-0.01725818181818182
-0.0565
-0.050747272727272724
0.05485636363636363
0.036776363636363635
0.040885454545454544
0.025476363636363634
0.24387454545454545
0.08505818181818181
0.06553999999999999
0.1370381818181818
0.02691454545454545
-0.023216363636363632
0.031023636363636364
0.0
-0.014792727272727272
0.04602181818181818
-0.041912727272727275
0.10868545454545453
0.009656363636363637
-0.027530909090909092
0.10026181818181817
0.02486
-0.15203636363636364
-0.055678181818181814
0.029996363636363634
-0.11752
0.10909636363636364
-0.012532727272727272
-0.031845454545454545
0.18840181818181817
0.12039636363636362
0.08772909090909091
0.15018727272727272
0.03205090909090909
-0.07129272727272727
0.1035490909090909
-0.03821454545454545
-0.10231636363636364
0.059787272727272724
-0.012738181818181817
-0.09738545454545454
0.10005636363636364
0.054240000000000003
0.05259636363636363
0.19888
-0.014176363636363636
0.11402727272727273
0.09635818181818182
-0.022805454545454542
0.15121454545454543
0.08362
-0.05095272727272727
0.08937272727272727
0.04376181818181818
-0.13785999999999998
0.12512181818181817
0.003698181818181818
-0.02444909090909091
0.18634727272727272
-0.07108727272727272
0.008834545454545454
0.18223818181818183
0.02198363636363636
0.06636181818181817
0.13046363636363634
-0.10375454545454545
-0.055678181818181814
0.05711636363636363
-0.0918381818181818
0.0010272727272727274
0.10375454545454545
-0.06636181818181817
0.03533818181818182
0.13683272727272727
-0.03965272727272728
0.20319454545454546
0.1341618181818182
-0.07704545454545454
0.10272727272727272
-0.007807272727272727
0.00452
0.04232363636363636
-0.05362363636363636
0.0538290909090909
0.12286181818181818
-0.03410545454545454
0.09471454545454545
0.17093818181818182
-0.12347818181818182
0.03739272727272727
0.06985454545454545
-0.1314909090909091
-0.0016436363636363634
0.035954545454545454
-0.00041090909090909085
0.0012327272727272727
0.02034
-0.03883090909090909
0.027530909090909092
0.07745636363636363
-0.08978363636363636
0.04910363636363636
0.09430363636363637
-0.03020181818181818
0.11587636363636362
0.11115090909090909
-0.031639999999999995
0.13190181818181818
0.013970909090909091
-0.11834181818181817
0.1125890909090909
-0.01623090909090909
0.00945090909090909
0.09060545454545453
-0.010478181818181819
0.10745272727272726
0.17422545454545454
0.06985454545454545
0.057527272727272726
0.19723636363636363
0.01705272727272727
-0.08608545454545455
0.08588
-0.02157272727272727
-0.09368727272727272
0.06266363636363637
-0.06101999999999999
-0.011094545454545454
0.13621636363636364
-0.11382181818181818
0.11669818181818181
0.12019090909090908
-0.09635818181818182
0.06430727272727273
0.02568181818181818
0.0020545454545454547
0.06923818181818181
0.0749909090909091
-0.04047454545454546
0.14422909090909092
0.12943636363636363
0.02342181818181818
0.17011636363636362
0.004930909090909091
-0.04129636363636364
0.055678181818181814
-0.06985454545454545
-0.11443818181818181
0.10498727272727272
-0.04869272727272727
-0.006574545454545454
0.11669818181818181
-0.10416545454545453
0.08197636363636364
0.1577890909090909
-0.04622727272727272
0.027736363636363635
0.09779636363636364
-0.11567090909090909
0.0918381818181818
0.19107272727272728
-0.010272727272727272
0.10046727272727272
0.0940981818181818
0.051569090909090905
0.08567454545454545
-0.04746
-0.0749909090909091
0.1397090909090909
-0.03657090909090909
-0.0918381818181818
0.09224909090909092
-0.045816363636363634
0.016025454545454544
0.16600727272727273
0.028352727272727273
0.002670909090909091
0.12039636363636362
-0.030818181818181814
0.056705454545454545
0.09533090909090909
-0.06389636363636363
0.13005272727272726
0.09245454545454544
-0.07108727272727272
0.053212727272727266
0.1035490909090909
-0.03246181818181818
0.03410545454545454
-0.007601818181818181
-0.08033272727272728
0.04376181818181818
0.027120000000000002
-0.002876363636363636
0.07375818181818182
0.10478181818181817
0.001849090909090909
0.09265999999999999
-0.028763636363636363
-0.08238727272727273
0.07540181818181818
-0.024654545454545453
-0.04622727272727272
0.02979090909090909
0.07190909090909091
-0.00862909090909091
0.05773272727272727
0.11834181818181817
0.1125890909090909
0.04807636363636364
-0.01890181818181818
0.07519636363636363
0.023832727272727273
-0.04746
0.06759454545454545
0.17052727272727272
-0.03410545454545454
0.01849090909090909
0.15121454545454543
-0.02362727272727273
0.0678
0.05896545454545454
-0.07314181818181818
0.012327272727272727
-0.02527090909090909
-0.02444909090909091
0.11731454545454545
0.006574545454545454
0.014176363636363636
0.11341090909090909
0.015819999999999997
-0.015614545454545454
0.11238363636363637
0.08629090909090908
-0.07889454545454545
0.15367999999999998
0.0452
-0.05259636363636363
0.14895454545454545
0.007601818181818181
0.11628727272727273
0.06574545454545455
-0.09861818181818181
0.09512545454545453
0.0904
-0.10539818181818181
0.02013454545454545
0.07992181818181819
-0.07129272727272727
0.07951090909090908
0.13313454545454545
-0.002876363636363636
0.12039636363636362
0.12060181818181817
-0.07190909090909091
0.06985454545454545
-0.019312727272727273
-0.06738909090909091
0.11628727272727273
-0.09944
-0.10026181818181817
0.13621636363636364
-0.016436363636363638
-0.0470490909090909
0.1939490909090909
-0.03225636363636363
-0.05198
0.11402727272727273
-0.011094545454545454
0.008834545454545454
0.00452
0.0012327272727272727
0.04725454545454546
0.028969090909090906
0.004930909090909091
0.18737454545454543
0.1341618181818182
0.001438181818181818
0.1871690909090909
0.08403090909090909
0.03698181818181818
0.10498727272727272
0.03225636363636363
-0.0452
0.04869272727272727
-0.0010272727272727274
-0.044994545454545454
0.03451636363636364
-0.12882
0.03533818181818182
0.04622727272727272
-0.05485636363636363
0.016847272727272728
0.10375454545454545
0.07211454545454546
0.03451636363636364
0.19066181818181818
-0.013765454545454546
0.00452
0.1017
-0.011916363636363636
0.02568181818181818
0.014587272727272727
0.011916363636363636
0.06718363636363636
0.10190545454545454
0.005958181818181818
0.06697818181818181
0.09060545454545453
-0.002670909090909091
0.09163272727272727
0.014381818181818181
-0.08177090909090909
0.10930181818181818
0.04746
-0.04787090909090909
0.1261490909090909
-0.013354545454545456
0.04746
0.12902545454545453
-0.08156545454545455
0.0020545454545454547
0.02116181818181818
-0.14258545454545454
-0.02034
0.042734545454545456
-0.14854363636363635
0.03883090909090909
0.13354545454545455
-0.0904
-0.005136363636363636
0.17525272727272728
-0.02691454545454545
0.054240000000000003
0.21182363636363635
-0.10067272727272727
0.08094909090909091
0.10601454545454544
-0.012532727272727272
0.21572727272727274
-0.013560000000000001
-0.04417272727272727
0.19703090909090906
-0.021778181818181818
-0.04622727272727272
0.15984363636363638
-0.0010272727272727274
-0.00904
0.056705454545454545
-0.05732181818181818
0.007807272727272727
0.11669818181818181
-0.020545454545454544
0.05876
0.11094545454545454
-0.1555290909090909
0.10334363636363636
0.10560363636363636
-0.12388909090909091
0.045610909090909084
0.05855454545454545
0.03780363636363636
0.15676181818181817
0.13868181818181818
0.02670909090909091
0.15943272727272728
-0.028147272727272726
-0.1017
0.11197272727272727
-0.08156545454545455
-0.06040363636363636
0.06307454545454545
0.01705272727272727
0.07581272727272727
0.08567454545454545
0.03780363636363636
0.15984363636363638
0.1366272727272727
-0.04540545454545454
0.05198
0.10087818181818181
-0.040885454545454544
0.027530909090909092
0.03410545454545454
-0.04828181818181818
0.06451272727272726
-0.022805454545454542
0.015409090909090907
0.08197636363636364
-0.06307454545454545
-0.006163636363636363
0.08772909090909091
-0.06101999999999999
-0.07725090909090909
0.13334
-0.0006163636363636364
-0.041707272727272725
0.059787272727272724
0.0034927272727272728
-0.04150181818181818
-0.027325454545454545
-0.03616
-0.009861818181818182
-0.002876363636363636
-0.041912727272727275
0.14525636363636363
0.12902545454545453
0.00862909090909091
0.06512909090909091
0.22435636363636363
0.02486
-0.034927272727272723
0.18490909090909088
-0.11895818181818181
0.002876363636363636
0.05732181818181818
-0.014792727272727272
0.12697090909090908
0.05896545454545454
0.11546545454545454
0.09204363636363636
0.02444909090909091
-0.09718
-0.003287272727272727
-0.00452
-0.07334727272727272
0.06307454545454545
-0.00041090909090909085
-0.05793818181818181
0.20196181818181816
0.16128181818181817
-0.05608909090909091
0.21922
-0.00041090909090909085
-0.039241818181818176
0.12553272727272727
-0.08567454545454545
-0.02486
0.020956363636363638
0.05095272727272727
-0.0067800000000000004
-0.0069854545454545456
-0.019312727272727273
0.15840545454545454
0.1962090909090909
-0.06327999999999999
0.07745636363636363
0.10005636363636364
-0.01171090909090909
0.04068
0.10519272727272726
-0.04725454545454546
0.035954545454545454
0.09081090909090908
-0.08711272727272727
0.045610909090909084
-0.09224909090909092
-0.012532727272727272
0.17484181818181818
-0.09512545454545453
-0.059787272727272724
0.16621272727272726
0.05526727272727273
0.05136363636363636
0.12368363636363637
-0.040885454545454544
0.01766909090909091
0.036776363636363635
-0.07149818181818181
-0.10683636363636365
-0.034927272727272723
0.0024654545454545454
0.1483381818181818
0.13868181818181818
-0.13991454545454546
0.17956727272727271
0.24079272727272724
-0.00226
0.05300727272727272
-0.011094545454545454
-0.035954545454545454
0.06143090909090909
-0.0039036363636363635
-0.054034545454545446
0.07293636363636363
0.04889818181818182
0.15758363636363634
0.13683272727272727
-0.07930545454545455
-0.0008218181818181817
0.10806909090909089
-0.0538290909090909
-0.08464727272727272
0.10313818181818181
-0.08814
0.010272727272727272
0.13272363636363635
-0.06677272727272728
0.03739272727272727
0.01623090909090909
0.005547272727272727
0.05691090909090909
-0.021778181818181818
-0.005958181818181818
0.06862181818181817
0.06369090909090909
0.07827818181818182
0.13580545454545453
0.0447890909090909
-0.018285454545454546
0.06677272727272728
0.02116181818181818
-0.05013090909090909
0.04314545454545454
-0.0113
0.01171090909090909
0.10396
-0.011505454545454544
0.07540181818181818
0.20504363636363634
0.09389272727272728
0.001849090909090909
0.09142727272727272
-0.013560000000000001
-0.05013090909090909
0.06163636363636363
-0.11217818181818182
0.05691090909090909
0.00904
-0.15594
0.1808
0.04889818181818182
-0.09512545454545453
0.13539454545454546
0.10909636363636364
-0.0538290909090909
0.05198
0.07560727272727272
0.010889090909090909
0.16949999999999998
0.07601818181818182
0.02691454545454545
0.10827454545454546
-0.04787090909090909
-0.014381818181818181
0.1366272727272727
-0.15470727272727272
-0.09265999999999999
0.23565636363636364
-0.07745636363636363
-0.010478181818181819
0.1881963636363636
-0.05095272727272727
0.11094545454545454
0.13190181818181818
-0.1306690909090909
0.09800181818181818
-0.024654545454545453
-0.16272
0.12655999999999998
-0.054034545454545446
-0.062458181818181815
0.18511454545454545
0.10930181818181818
-0.06019818181818181
0.13190181818181818
0.06903272727272727
-0.07252545454545453
0.1935381818181818
-0.10396
-0.1247109090909091
0.14053090909090907
-0.11793090909090909
0.0226
0.20874181818181817
-0.0628690909090909
0.04930909090909091
0.1337509090909091
-0.014998181818181817
0.0447890909090909
0.016847272727272728
0.05341818181818182
0.05115818181818182
0.0538290909090909
-0.08382545454545455
0.059787272727272724
0.12142363636363637
-0.14073636363636363
0.1980581818181818
-0.04376181818181818
-0.16744545454545454
0.08814
-0.06019818181818181
0.06718363636363636
0.12882
0.02979090909090909
0.06903272727272727
0.18490909090909088
0.030407272727272724
-0.01992909090909091
0.0470490909090909
-0.0024654545454545454
-0.05362363636363636
0.044994545454545454
-0.008834545454545454
-0.01664181818181818
0.24675090909090908
0.01623090909090909
0.1483381818181818
0.11197272727272727
-0.06369090909090909
0.20463272727272727
0.001849090909090909
-0.07067636363636363
0.06944363636363636
0.030612727272727274
-0.09389272727272728
0.11813636363636362
0.10005636363636364
-0.07807272727272727
0.11320545454545454
0.042734545454545456
-0.031845454545454545
0.032667272727272725
-0.04211818181818182
-0.050747272727272724
0.09635818181818182
-0.0749909090909091
0.009245454545454545
0.15018727272727272
-0.07149818181818181
0.06327999999999999
0.1035490909090909
-0.11772545454545454
-0.04910363636363636
0.1894290909090909
-0.05465090909090909
-0.02568181818181818
0.13272363636363635
-0.023216363636363632
0.14053090909090907
0.015614545454545454
-0.015203636363636362
0.13107999999999997
-0.031229090909090908
-0.10396
0.09142727272727272
-0.0024654545454545454
-0.16025454545454546
0.16662363636363633
0.0990290909090909
-0.01890181818181818
0.11341090909090909
0.07601818181818182
0.06019818181818181
0.12368363636363637
0.038419999999999996
-0.06595090909090909
0.018285454545454546
-0.10786363636363637
0.0039036363636363635
0.15491272727272726
-0.07006
0.03410545454545454
0.17997818181818181
-0.06985454545454545
0.025887272727272724
0.15450181818181818
-0.06615636363636364
0.06492363636363636
0.026298181818181814
-0.02486
0.08670181818181817
0.036776363636363635
0.07622363636363635
0.10211090909090909
0.11731454545454545
0.08670181818181817
0.15203636363636364
0.05876
0.05136363636363636
0.22826000000000002
-0.013970909090909091
-0.05300727272727272
0.1257381818181818
-0.02362727272727273
-0.02979090909090909
0.028763636363636363
-0.08505818181818181
-0.0565
-0.042734545454545456
-0.07355272727272727
-0.02609272727272727
-0.02218909090909091
0.035954545454545454
0.11156181818181818
0.061841818181818185
0.03944727272727273
0.11977999999999998
0.07252545454545453
-0.07478545454545454
0.04807636363636364
0.026298181818181814
-0.09553636363636364
0.02568181818181818
0.010889090909090909
0.02239454545454545
0.04540545454545454
0.008218181818181819
0.06553999999999999
0.08403090909090909
0.03020181818181818
0.05300727272727272
0.07971636363636364
0.004725454545454545
0.010889090909090909
0.11669818181818181
-0.001849090909090909
-0.05937636363636363
0.16025454545454546
-0.008834545454545454
-0.03328363636363636
0.06574545454545455
-0.1370381818181818
0.04663818181818182
-0.01623090909090909
-0.13190181818181818
0.04787090909090909
0.005547272727272727
0.0041090909090909095
0.09245454545454544
0.07601818181818182
0.021367272727272728
0.15594
0.08300363636363636
0.019723636363636363
0.1939490909090909
0.09512545454545453
-0.012738181818181817
0.2436690909090909
0.07889454545454545
-0.19292181818181817
0.23380727272727272
0.0565
-0.15717272727272727
0.11731454545454545
-0.062458181818181815
-0.019518181818181816
0.11690363636363636
-0.04458363636363636
0.059787272727272724
0.12142363636363637
-0.0447890909090909
0.09985090909090909
0.14402363636363635
-0.06163636363636363
-0.009861818181818182
0.13909272727272726
-0.09348181818181817
-0.10334363636363636
0.07827818181818182
-0.03698181818181818
0.17628
0.004930909090909091
-0.03328363636363636
0.2210690909090909
-0.08423636363636364
-0.00945090909090909
0.10087818181818181
-0.12820363636363635
-0.07951090909090908
0.06800545454545455
-0.07786727272727272
0.032667272727272725
0.1247109090909091
0.010067272727272725
0.15840545454545454
0.11197272727272727
-0.00904
0.09985090909090909
0.1148490909090909
-0.10437090909090908
0.10704181818181817
0.029585454545454543
-0.1840872727272727
0.10087818181818181
0.06471818181818181
0.0226
0.023216363636363632
0.07190909090909091
-0.008834545454545454
0.06862181818181817
0.03472181818181818
-0.03698181818181818
0.13272363636363635
-0.02444909090909091
0.07334727272727272
0.06122545454545455
-0.02609272727272727
0.04417272727272727
0.062458181818181815
-0.17628
-0.05711636363636363
0.13929818181818182
-0.10375454545454545
0.08896181818181817
0.11464363636363636
0.09985090909090909
0.10067272727272727
0.1569672727272727
0.1088909090909091
0.06225272727272727
0.11238363636363637
-0.12039636363636362
0.10067272727272727
-0.009861818181818182
-0.1148490909090909
0.11464363636363636
0.030407272727272724
-0.08033272727272728
0.1012890909090909
0.08546909090909091
-0.16272
0.06163636363636363
-0.019518181818181816
0.015819999999999997
0.02527090909090909
-0.10396
0.10724727272727272
0.13909272727272726
0.029996363636363634
0.07211454545454546
0.24202545454545452
-0.06533454545454545
0.007807272727272727
0.11526
-0.13354545454545455
0.006574545454545454
0.01992909090909091
-0.1351890909090909
0.003287272727272727
0.07848363636363635
-0.11793090909090909
0.1653909090909091
0.08444181818181817
-0.07766181818181818
0.1826490909090909
0.059787272727272724
-0.017463636363636362
0.12861454545454545
0.08403090909090909
-0.07663454545454546
0.16908909090909088
0.04396727272727272
-0.09594727272727273
0.11957454545454545
-0.05218545454545454
-0.01623090909090909
0.08855090909090908
-0.07930545454545455
0.05937636363636363
0.14053090909090907
-0.09882363636363636
0.14279090909090908
0.14217454545454544
-0.09861818181818181
0.11053454545454545
0.08485272727272727
-0.08752363636363636
-0.007396363636363636
0.01766909090909091
0.01849090909090909
0.19867454545454544
-0.01992909090909091
-0.043350909090909086
0.19456545454545454
0.028147272727272726
0.011505454545454544
0.07129272727272727
-0.02239454545454545
0.017463636363636362
0.12532727272727273
-0.08444181818181817
0.005136363636363636
0.1360109090909091
0.02157272727272727
0.1374490909090909
0.032872727272727276
-0.030612727272727274
0.05691090909090909
0.05115818181818182
-0.05999272727272727
0.019312727272727273
-0.04746
-0.11834181818181817
0.1171090909090909
-0.0226
0.04047454545454546
0.0749909090909091
-0.07067636363636363
0.08855090909090908
0.10704181818181817
-0.05033636363636364
0.019107272727272726
0.12902545454545453
0.04437818181818182
-0.01808
0.01992909090909091
0.11669818181818181
-0.0030818181818181817
0.0741690909090909
-0.02670909090909091
-0.12532727272727273
0.0741690909090909
-0.07663454545454546
0.08485272727272727
0.13334
-0.03739272727272727
0.14402363636363635
0.18511454545454545
0.031229090909090908
0.11916363636363636
0.042734545454545456
-0.10190545454545454
0.0447890909090909
0.007807272727272727
-0.0940981818181818
-0.001849090909090909
0.0967690909090909
-0.09450909090909092
0.07519636363636363
0.08033272727272728
-0.09224909090909092
0.15902181818181815
0.013560000000000001
-0.02198363636363636
0.07519636363636363
-0.05136363636363636
0.02301090909090909
0.29359454545454544
0.0470490909090909
-0.055061818181818184
0.22250727272727272
0.015203636363636362
0.0452
0.12491636363636363
-0.14566727272727273
-0.029174545454545453
0.05732181818181818
-0.23442363636363636
0.055061818181818184
0.043556363636363636
-0.09882363636363636
0.22250727272727272
0.024654545454545453
-0.11320545454545454
0.1341618181818182
0.1871690909090909
-0.07889454545454545
0.0805381818181818
0.01664181818181818
-0.07067636363636363
0.1637472727272727
-0.016847272727272728
0.07848363636363635
0.15881636363636362
0.004930909090909091
0.019107272727272726
0.15224181818181817
-0.10457636363636363
-0.05259636363636363
0.16066545454545456
-0.11238363636363637
-0.011094545454545454
0.02157272727272727
-0.051569090909090905
0.12635454545454544
0.16066545454545456
-0.011505454545454544
0.19148363636363636
0.06040363636363636
-0.04458363636363636
0.23339636363636362
-0.005752727272727272
0.013765454545454546
0.05732181818181818
-0.02609272727272727
-0.07232
0.041912727272727275
-0.03205090909090909
-0.14217454545454544
0.09594727272727273
0.017874545454545452
-0.03020181818181818
0.08033272727272728
0.07478545454545454
-0.004725454545454545
0.16970545454545455
-0.0008218181818181817
-0.041912727272727275
0.10930181818181818
-0.08834545454545455
0.11341090909090909
0.0069854545454545456
-0.12080727272727272
0.054034545454545446
0.10622
0.03020181818181818
0.0470490909090909
0.10806909090909089
0.00020545454545454542
0.09841272727272728
0.03636545454545455
-0.05691090909090909
0.03965272727272728
0.045610909090909084
-0.08752363636363636
0.09533090909090909
0.0447890909090909
-0.1148490909090909
0.2459290909090909
0.01664181818181818
-0.09718
0.09944
-0.060609090909090904
-0.009861818181818182
0.14361272727272725
-0.09492
-0.05280181818181818
0.17977272727272728
-0.10252181818181817
0.06143090909090909
0.1727872727272727
-0.05547272727272727
0.10293272727272727
0.12635454545454544
-0.05444545454545455
0.010889090909090909
0.06903272727272727
-0.003287272727272727
0.09245454545454544
0.03903636363636363
-0.029585454545454543
0.1321072727272727
0.12409454545454546
-0.058349090909090906
0.09019454545454544
0.056705454545454545
-0.0904
0.2093581818181818
0.06718363636363636
-0.04930909090909091
0.19785272727272726
0.043350909090909086
0.029174545454545453
0.15059818181818183
-0.09656363636363637
-0.0067800000000000004
0.08382545454545455
-0.18531999999999998
-0.01623090909090909
0.07334727272727272
-0.11628727272727273
0.008218181818181819
0.07170363636363636
-0.040885454545454544
0.05547272727272727
0.13128545454545454
0.02444909090909091
0.014792727272727272
-0.003287272727272727
-0.03328363636363636
0.10560363636363636
-0.01992909090909091
-0.09430363636363637
0.15491272727272726
0.07458
0.06903272727272727
0.16908909090909088
0.017463636363636362
0.07560727272727272
0.11546545454545454
-0.00226
0.02034
0.015203636363636362
-0.05629454545454545
0.04109090909090909
-0.020956363636363638
-0.1035490909090909
0.06882727272727272
-0.030612727272727274
-0.0470490909090909
0.05300727272727272
-0.07581272727272727
0.013354545454545456
0.1193690909090909
0.014998181818181817
0.11690363636363636
0.08094909090909091
-0.05465090909090909
0.08629090909090908
0.12039636363636362
-0.00020545454545454542
0.01766909090909091
0.09964545454545454
-0.06595090909090909
0.0470490909090909
0.17997818181818181
0.024654545454545453
0.19641454545454545
0.1292309090909091
-0.05876
0.05218545454545454
0.07601818181818182
-0.02444909090909091
0.06944363636363636
0.058349090909090906
-0.12655999999999998
0.09286545454545453
0.04602181818181818
-0.013149090909090907
0.16991090909090908
0.02527090909090909
-0.02239454545454545
0.01664181818181818
-0.018285454545454546
-0.0764290909090909
-0.03698181818181818
0.02239454545454545
-0.12429999999999998
0.0565
0.09348181818181817
-0.05280181818181818
0.2582563636363636
0.02486
0.00945090909090909
0.19127818181818182
-0.08464727272727272
0.12429999999999998
0.03225636363636363
-0.13107999999999997
0.053212727272727266
0.038419999999999996
-0.034927272727272723
-0.0113
0.10683636363636365
-0.024243636363636363
-0.02239454545454545
0.11752
-0.030818181818181814
0.08074363636363636
0.06677272727272728
-0.06841636363636364
0.1569672727272727
-0.06677272727272728
-0.11115090909090909
0.14361272727272725
-0.01171090909090909
-0.07170363636363636
0.013970909090909091
0.012327272727272727
0.019723636363636363
0.1721709090909091
0.047665454545454546
0.07909999999999999
0.19723636363636363
-0.025476363636363634
0.055061818181818184
0.06225272727272727
-0.16025454545454546
-0.03903636363636363
0.0741690909090909
-0.12861454545454545
0.034927272727272723
0.12224545454545453
0.07540181818181818
0.2301090909090909
0.15635090909090907
0.08526363636363636
0.10745272727272726
0.10601454545454544
-0.0339
0.07601818181818182
-0.018696363636363636
-0.11074
0.14422909090909092
-0.0470490909090909
-0.018696363636363636
0.1360109090909091
0.019107272727272726
0.02116181818181818
0.0967690909090909
0.011505454545454544
-0.02527090909090909
0.06266363636363637
0.0020545454545454547
0.031023636363636364
0.06964909090909091
-0.041707272727272725
0.009656363636363637
0.07314181818181818
-0.15388545454545455
0.042734545454545456
0.12676545454545454
-0.24531272727272724
-0.005547272727272727
0.17689636363636363
-0.03472181818181818
0.06862181818181817
0.16292545454545454
-0.05341818181818182
0.0904
0.08834545454545455
-0.1088909090909091
0.08629090909090908
-0.011094545454545454
-0.08382545454545455
0.08341454545454545
-0.03821454545454545
-0.040063636363636364
0.27243272727272727
0.0226
-0.09512545454545453
0.13498363636363636
-0.113
-0.08608545454545455
0.11341090909090909
-0.025065454545454544
-0.09224909090909092
0.09820727272727273
-0.02034
0.08546909090909091
0.2675018181818182
0.014792727272727272
0.14484545454545456
0.08300363636363636
-0.10313818181818181
0.06327999999999999
0.05033636363636364
-0.17504727272727272
0.09471454545454545
0.09368727272727272
-0.22230181818181818
0.14772181818181818
0.1088909090909091
0.004725454545454545
0.19045636363636362
0.06574545454545455
-0.02198363636363636
0.09718
0.06923818181818181
0.032872727272727276
0.15594
0.025476363636363634
0.028147272727272726
0.11094545454545454
-0.041912727272727275
-0.06122545454545455
0.07519636363636363
-0.07190909090909091
-0.00862909090909091
0.09594727272727273
-0.08464727272727272
0.12080727272727272
0.001849090909090909
0.02938
0.20607090909090908
-0.08608545454545455
-0.05793818181818181
0.08855090909090908
-0.03472181818181818
-0.07478545454545454
0.16662363636363633
0.03307818181818182
0.017874545454545452
0.16415818181818181
0.010683636363636364
0.07437454545454546
0.15347454545454545
-0.07067636363636363
0.008834545454545454
0.09492
-0.2490109090909091
0.10272727272727272
0.09800181818181818
-0.15059818181818183
0.113
0.0538290909090909
0.04047454545454546
0.044994545454545454
0.03554363636363636
-0.05937636363636363
-0.0024654545454545454
0.0012327272727272727
-0.035749090909090904
0.09081090909090908
-0.02403818181818182
0.0538290909090909
0.15532363636363636
-0.013560000000000001
-0.04211818181818182
0.09101636363636363
-0.03944727272727273
0.025065454545454544
0.06430727272727273
-0.10950727272727273
0.0904
0.0678
-0.00020545454545454542
0.13785999999999998
0.07971636363636364
-0.05095272727272727
0.13477818181818182
0.058349090909090906
-0.13888727272727272
0.18449818181818184
0.032667272727272725
-0.10416545454545453
0.15532363636363636
0.04417272727272727
-0.007396363636363636
0.1284090909090909
0.08362
-0.05732181818181818
-0.007396363636363636
0.08567454545454545
-0.056705454545454545
0.11464363636363636
0.04068
-0.15655636363636363
0.19538727272727272
-0.07047090909090908
-0.03410545454545454
0.1532690909090909
-0.12039636363636362
0.12080727272727272
0.12286181818181818
-0.06266363636363637
0.08464727272727272
0.19415454545454544
0.04807636363636364
0.056705454545454545
0.18758
-0.015409090909090907
-0.011916363636363636
0.06492363636363636
-0.08403090909090909
0.0041090909090909095
-0.07396363636363636
-0.11854727272727272
0.10211090909090909
0.013149090909090907
-0.04602181818181818
0.2307254545454545
0.1171090909090909
-0.07293636363636363
0.21038545454545451
-0.029585454545454543
-0.08238727272727273
0.16046
-0.04540545454545454
-0.0016436363636363634
0.03143454545454545
-0.028763636363636363
0.1035490909090909
0.14710545454545454
-0.044994545454545454
0.04889818181818182
0.09779636363636364
-0.10622
0.037598181818181815
0.029174545454545453
-0.0565
0.08896181818181817
-0.01705272727272727
-0.09944
0.11320545454545454
0.025476363636363634
0.008834545454545454
0.14566727272727273
0.01992909090909091
0.06512909090909091
0.07478545454545454
0.08012727272727273
0.12676545454545454
0.08382545454545455
-0.030407272727272724
-0.040885454545454544
0.06430727272727273
-0.14464
-0.05773272727272727
0.031023636363636364
-0.15614545454545453
-0.0010272727272727274
0.059787272727272724
0.005136363636363636
0.12861454545454545
0.09450909090909092
0.04725454545454546
0.12019090909090908
-0.028558181818181816
-0.029174545454545453
0.11197272727272727
0.0063690909090909084
-0.08218181818181818
0.09081090909090908
0.08978363636363636
-0.06163636363636363
0.14710545454545454
0.15265272727272727
-0.006163636363636363
0.09738545454545454
0.03718727272727273
0.01725818181818182
0.1337509090909091
-0.05115818181818182
0.011094545454545454
0.1469
-0.1397090909090909
0.042734545454545456
0.29688181818181814
-0.043350909090909086
-0.06923818181818181
0.18799090909090907
-0.039241818181818176
-0.06471818181818181
0.1623090909090909
-0.0012327272727272727
0.040063636363636364
0.0470490909090909
-0.07088181818181817
0.05013090909090909
0.00862909090909091
-0.11012363636363637
0.08649636363636364
0.10293272727272727
-0.18901818181818184
0.10457636363636363
0.2331909090909091
-0.06143090909090909
0.11649272727272726
0.17977272727272728
-0.0940981818181818
0.06800545454545455
0.10745272727272726
-0.11916363636363636
0.10519272727272726
0.0008218181818181817
-0.08690727272727272
0.05773272727272727
-0.08752363636363636
0.04314545454545454
0.1483381818181818
-0.05773272727272727
-0.028558181818181816
0.2251781818181818
-0.02486
-0.0967690909090909
0.17032181818181816
-0.08896181818181817
-0.08259272727272728
0.11094545454545454
-0.03225636363636363
-0.020545454545454544
0.08711272727272727
-0.013354545454545456
0.09656363636363637
0.04787090909090909
-0.06821090909090909
0.12101272727272726
0.04787090909090909
-0.04437818181818182
0.025887272727272724
0.06718363636363636
-0.07149818181818181
0.10334363636363636
0.15676181818181817
0.013765454545454546
0.16046
0.08567454545454545
0.16744545454545454
0.12984727272727273
-0.06923818181818181
0.08464727272727272
0.1216290909090909
-0.054240000000000003
0.012327272727272727
-0.003287272727272727
-0.09944
0.07622363636363635
0.02403818181818182
-0.03225636363636363
-0.030612727272727274
-0.012738181818181817
0.08177090909090909
0.09101636363636363
0.06738909090909091
0.018285454545454546
0.13991454545454546
0.10375454545454545
-0.05362363636363636
0.028969090909090906
0.04622727272727272
0.02075090909090909
0.06738909090909091
-0.12039636363636362
0.0034927272727272728
0.11115090909090909
-0.04211818181818182
0.15532363636363636
0.02403818181818182
-0.04150181818181818
0.10601454545454544
0.03020181818181818
-0.030612727272727274
0.04376181818181818
0.09471454545454545
-0.07930545454545455
0.05608909090909091
0.09923454545454545
-0.10046727272727272
0.10601454545454544
0.0470490909090909
-0.11176727272727273
0.11875272727272726
-0.1306690909090909
-0.13272363636363635
0.15943272727272728
-0.07971636363636364
-0.09060545454545453
0.027120000000000002
0.04869272727272727
0.06369090909090909
0.1551181818181818
0.05115818181818182
0.011505454545454544
0.23894363636363636
0.06862181818181817
0.05465090909090909
0.1600490909090909
-0.04376181818181818
0.05855454545454545
0.12532727272727273
-0.19867454545454544
0.08382545454545455
0.12943636363636363
-0.10108363636363636
0.1148490909090909
-0.02670909090909091
0.001438181818181818
0.1088909090909091
0.01623090909090909
0.03513272727272727
0.18758
0.001849090909090909
-0.08033272727272728
0.31044181818181815
-0.01992909090909091
-0.1469
0.21963090909090907
-0.10622
-0.13005272727272726
0.16662363636363633
-0.08526363636363636
0.06595090909090909
0.17977272727272728
0.028147272727272726
0.17525272727272728
-0.013354545454545456
-0.08505818181818181
0.07047090909090908
0.042529090909090905
-0.16189818181818183
0.042529090909090905
0.07745636363636363
-0.13046363636363634
0.19271636363636363
0.08197636363636364
0.05115818181818182
0.13765454545454545
0.021367272727272728
0.048487272727272726
0.0339
-0.08115454545454545
0.010889090909090909
0.08259272727272728
-0.16600727272727273
0.043350909090909086
0.06369090909090909
-0.07293636363636363
0.05876
0.11402727272727273
-0.009861818181818182
-0.030818181818181814
0.10190545454545454
-0.03451636363636364
0.11197272727272727
0.0339
-0.07930545454545455
0.14484545454545456
-0.019723636363636363
-0.07129272727272727
0.09656363636363637
-0.059170909090909087
-0.0470490909090909
0.13498363636363636
-0.021778181818181818
0.05691090909090909
0.14299636363636362
0.16395272727272728
0.06944363636363636
0.03903636363636363
0.18388181818181817
-0.00862909090909091
0.06677272727272728
-0.028763636363636363
-0.035749090909090904
0.10991818181818182
-0.13539454545454546
0.06369090909090909
0.21120727272727272
-0.07601818181818182
0.05629454545454545
0.11813636363636362
-0.10724727272727272
0.013560000000000001
-0.04232363636363636
-0.02116181818181818
0.07129272727272727
0.035954545454545454
0.007190909090909091
0.0034927272727272728
0.18963454545454544
0.16436363636363635
0.18963454545454544
-0.048487272727272726
-0.09800181818181818
0.15717272727272727
-0.10704181818181817
-0.1284090909090909
0.1103290909090909
-0.028969090909090906
-0.2034
0.12306727272727273
0.09224909090909092
-0.05280181818181818
0.1686781818181818
0.1284090909090909
0.11341090909090909
0.03143454545454545
-0.0786890909090909
0.09964545454545454
0.11156181818181818
-0.12450545454545454
0.03780363636363636
0.0012327272727272727
-0.14032545454545453
0.06430727272727273
0.08731818181818181
-0.0024654545454545454
-0.04889818181818182
0.026298181818181814
0.06225272727272727
0.1411472727272727
-0.0063690909090909084
0.007190909090909091
0.22374
-0.010067272727272725
-0.06307454545454545
0.09348181818181817
0.032667272727272725
-0.05629454545454545
0.11115090909090909
0.019723636363636363
-0.036776363636363635
0.15018727272727272
0.06595090909090909
0.12532727272727273
0.02034
-0.019518181818181816
0.15367999999999998
0.04417272727272727
-0.04602181818181818
0.057527272727272726
0.03246181818181818
0.0041090909090909095
0.0805381818181818
0.009245454545454545
0.11772545454545454
0.045816363636363634
-0.0016436363636363634
0.09635818181818182
-0.05465090909090909
-0.11731454545454545
-0.02691454545454545
0.13128545454545454
-0.05485636363636363
-0.03985818181818182
0.13621636363636364
-0.049925454545454544
0.11628727272727273
0.12183454545454545
-0.11957454545454545
0.04869272727272727
0.06389636363636363
-0.001849090909090909
0.09985090909090909
-0.007396363636363636
0.019312727272727273
0.14813272727272728
0.046432727272727264
-0.05855454545454545
0.035954545454545454
0.07622363636363635
-0.11526
0.05218545454545454
0.09122181818181817
-0.08834545454545455
0.07170363636363636
0.12224545454545453
0.0628690909090909
0.06553999999999999
0.08546909090909091
-0.0069854545454545456
0.07827818181818182
0.009861818181818182
-0.06903272727272727
0.14053090909090907
-0.15963818181818182
-0.027941818181818182
0.20833090909090907
-0.15409090909090908
-0.014998181818181817
0.1808
0.02075090909090909
0.011505454545454544
0.02362727272727273
-0.03143454545454545
0.12820363636363635
0.15306363636363635
-0.02218909090909091
0.08998909090909091
0.16148727272727273
-0.00904
0.14464
0.12265636363636362
-0.15059818181818183
0.07909999999999999
-0.02157272727272727
-0.15080363636363636
0.05218545454545454
-0.0786890909090909
-0.01808
0.15491272727272726
0.005752727272727272
0.04376181818181818
0.20072909090909088
-0.0226
0.10067272727272727
0.1325181818181818
-0.1419690909090909
-0.0030818181818181817
0.02157272727272727
-0.07622363636363635
0.015409090909090907
0.12224545454545453
-0.04602181818181818
0.0990290909090909
0.12224545454545453
-0.11752
0.11197272727272727
0.0741690909090909
-0.06759454545454545
0.13334
0.02486
-0.07683999999999999
0.17874545454545454
-0.034310909090909086
0.02938
0.17874545454545454
0.0226
0.08033272727272728
0.08423636363636364
0.09779636363636364
-0.015614545454545454
0.09841272727272728
-0.035954545454545454
-0.004725454545454545
0.04129636363636364
-0.19436
0.11341090909090909
-0.011916363636363636
-0.12758727272727272
0.08834545454545455
0.03985818181818182
-0.08711272727272727
0.1125890909090909
0.2093581818181818
-0.013354545454545456
0.09656363636363637
0.1321072727272727
0.003287272727272727
0.0006163636363636364
-0.01171090909090909
-0.055883636363636364
0.10375454545454545
-0.03657090909090909
-0.033694545454545456
0.1881963636363636
-0.05465090909090909
0.055883636363636364
0.14402363636363635
0.005547272727272727
0.024654545454545453
0.11197272727272727
-0.00904
-0.05855454545454545
0.08382545454545455
-0.07951090909090908
0.01705272727272727
0.07067636363636363
-0.04068
0.1247109090909091
0.07232
-0.08855090909090908
0.11279454545454545
0.06492363636363636
-0.11443818181818181
0.14422909090909092
0.03800909090909091
-0.09060545454545453
0.11341090909090909
0.03533818181818182
-0.03821454545454545
0.11669818181818181
0.03780363636363636
-0.09471454545454545
0.11320545454545454
0.042734545454545456
-0.00452
0.14422909090909092
-0.0016436363636363634
0.024243636363636363
0.07129272727272727
-0.056705454545454545
-0.015819999999999997
0.15183090909090907
0.0008218181818181817
-0.015203636363636362
0.18018363636363635
-0.04930909090909091
0.08711272727272727
0.14669454545454544
-0.020956363636363638
0.1871690909090909
0.06800545454545455
-0.017874545454545452
0.13477818181818182
0.04437818181818182
-0.1125890909090909
0.009245454545454545
0.003287272727272727
-0.1329290909090909
0.031639999999999995
0.0
-0.04417272727272727
0.12265636363636362
0.04807636363636364
0.026298181818181814
0.16744545454545454
0.014792727272727272
-0.011094545454545454
0.06636181818181817
-0.034927272727272723
0.010478181818181819
0.05547272727272727
0.02013454545454545
0.05732181818181818
0.1329290909090909
0.03451636363636364
0.11731454545454545
0.13580545454545453
0.04663818181818182
0.1454618181818182
-0.07047090909090908
-0.02979090909090909
0.05198
-0.1224509090909091
-0.03698181818181818
0.00020545454545454542
-0.07293636363636363
-0.05136363636363636
-0.013560000000000001
-0.03225636363636363
0.031845454545454545
0.08074363636363636
0.0990290909090909
0.019518181818181816
0.008218181818181819
0.03718727272727273
0.07149818181818181
0.09759090909090909
-0.0020545454545454547
0.05115818181818182
-0.017874545454545452
0.012943636363636362
0.1035490909090909
0.04602181818181818
0.08074363636363636
0.08814
0.09389272727272728
0.025476363636363634
0.024654545454545453
0.06595090909090909
0.0447890909090909
0.07889454545454545
-0.015614545454545454
-0.03328363636363636
0.05485636363636363
0.010272727272727272
0.019312727272727273
0.08300363636363636
0.0339
0.031639999999999995
0.10724727272727272
0.033694545454545456
-0.04068
0.07478545454545454
-0.05896545454545454
-0.10786363636363637
0.10067272727272727
-0.08896181818181817
0.0030818181818181817
0.17936181818181818
-0.007807272727272727
0.10478181818181817
0.2052490909090909
0.08197636363636364
0.15840545454545454
0.17751272727272727
-0.04437818181818182
0.0786890909090909
0.03965272727272728
-0.18737454545454543
0.08567454545454545
-0.05054181818181818
-0.2142890909090909
0.08279818181818181
0.03020181818181818
-0.058349090909090906
0.10971272727272725
0.113
-0.02034
0.10149454545454545
0.043350909090909086
0.02486
0.08341454545454545
-0.09635818181818182
0.02239454545454545
0.007396363636363636
-0.1808
0.03636545454545455
0.16949999999999998
-0.12019090909090908
0.1076581818181818
0.2034
-0.02198363636363636
0.16169272727272727
0.0012327272727272727
0.014176363636363636
0.04869272727272727
-0.1600490909090909
-0.1296418181818182
0.015614545454545454
-0.07006
-0.04109090909090909
0.28475999999999996
0.034310909090909086
0.05855454545454545
0.33982181818181817
0.11977999999999998
0.0904
0.17463636363636362
-0.021367272727272728
0.00041090909090909085
0.03143454545454545
-0.13827090909090908
-0.0470490909090909
-0.004725454545454545
0.008012727272727272
0.005547272727272727
0.12697090909090908
0.02075090909090909
0.07683999999999999
0.18285454545454544
-0.08485272727272727
0.17196545454545456
0.0039036363636363635
-0.055883636363636364
0.14484545454545456
-0.02979090909090909
-0.01808
0.04150181818181818
0.019107272727272726
-0.03821454545454545
0.07889454545454545
-0.04622727272727272
0.043556363636363636
0.17607454545454546
-0.005341818181818182
0.06410181818181818
0.19497636363636361
0.055678181818181814
-0.0030818181818181817
0.15758363636363634
-0.08115454545454545
-0.05095272727272727
0.09122181818181817
-0.09307090909090908
-0.08177090909090909
0.03451636363636364
-0.027736363636363635
0.09060545454545453
0.1321072727272727
-0.10745272727272726
0.1148490909090909
0.039241818181818176
-0.1419690909090909
-0.010889090909090909
0.01664181818181818
-0.07930545454545455
-0.052390909090909085
0.06369090909090909
0.02609272727272727
0.1723763636363636
0.0918381818181818
0.07375818181818182
0.19045636363636362
0.025065454545454544
-0.00945090909090909
0.10375454545454545
-0.08937272727272727
-0.07745636363636363
0.09533090909090909
-0.1469
-0.030612727272727274
0.1017
0.08341454545454545
0.1012890909090909
0.13128545454545454
0.08814
0.05937636363636363
0.1791563636363636
0.014587272727272727
0.09964545454545454
0.0113
-0.10806909090909089
0.06492363636363636
-0.061841818181818185
-0.09594727272727273
0.03533818181818182
0.02034
0.0113
0.11320545454545454
0.03143454545454545
0.12635454545454544
0.17977272727272728
0.0063690909090909084
0.04746
0.13785999999999998
-0.011505454545454544
-0.05218545454545454
0.06204727272727273
-0.06040363636363636
0.06964909090909091
0.05937636363636363
0.00945090909090909
0.11628727272727273
0.12142363636363637
0.11197272727272727
0.036776363636363635
0.11793090909090909
-0.09224909090909092
-0.06615636363636364
0.007190909090909091
-0.031845454545454545
0.062458181818181815
-0.13785999999999998
0.05444545454545455
0.11669818181818181
0.055061818181818184
0.13477818181818182
0.029996363636363634
0.03985818181818182
0.0063690909090909084
-0.011916363636363636
-0.02301090909090909
-0.027736363636363635
0.031229090909090908
0.021367272727272728
0.00041090909090909085
0.00945090909090909
-0.0904
0.06574545454545455
0.07848363636363635
-0.07663454545454546
0.1306690909090909
0.029996363636363634
0.04540545454545454
0.10252181818181817
0.07560727272727272
0.07786727272727272
-0.014998181818181817
0.08444181818181817
-0.04684363636363636
0.013149090909090907
0.021367272727272728
-0.062458181818181815
0.09430363636363637
0.05465090909090909
0.049925454545454544
0.10704181818181817
0.06595090909090909
0.07047090909090908
0.17545818181818182
-0.04972
-0.06410181818181818
0.0918381818181818
-0.08711272727272727
-0.005547272727272727
0.035749090909090904
-0.08320909090909091
-0.019312727272727273
0.10539818181818181
-0.0030818181818181817
0.04663818181818182
0.16066545454545456
-0.0628690909090909
0.13005272727272726
0.09738545454545454
-0.11752
0.1284090909090909
0.10622
-0.005341818181818182
0.12429999999999998
0.11053454545454545
-0.04294
0.1360109090909091
0.03451636363636364
-0.09635818181818182
0.062458181818181815
-0.08505818181818181
-0.12121818181818181
0.08362
0.04294
-0.03143454545454545
0.15388545454545455
-0.012327272727272727
0.06738909090909091
0.11094545454545454
-0.09492
0.15347454545454545
0.11094545454545454
-0.12779272727272725
0.03451636363636364
0.14484545454545456
-0.06697818181818181
0.1479272727272727
0.1366272727272727
-0.09800181818181818
0.08300363636363636
0.10868545454545453
-0.04232363636363636
0.006163636363636363
-0.0016436363636363634
-0.034310909090909086
0.17771818181818183
-0.08690727272727272
0.028147272727272726
0.19538727272727272
-0.011916363636363636
0.058349090909090906
0.0447890909090909
0.09122181818181817
0.0006163636363636364
0.08670181818181817
0.03985818181818182
-0.03328363636363636
0.04129636363636364
-0.03944727272727273
0.06533454545454545
-0.01808
-0.18552545454545455
-0.0067800000000000004
0.03225636363636363
-0.17360909090909088
0.11669818181818181
0.08752363636363636
-0.01849090909090909
0.1532690909090909
0.053212727272727266
0.11834181818181817
0.07601818181818182
0.04047454545454546
0.018285454545454546
0.04930909090909091
-0.032667272727272725
-0.059787272727272724
0.08711272727272727
-0.007807272727272727
-0.04663818181818182
0.11094545454545454
0.06903272727272727
-0.05362363636363636
0.13046363636363634
-0.04417272727272727
-0.002876363636363636
0.1088909090909091
-0.051569090909090905
0.1012890909090909
0.10950727272727273
0.0069854545454545456
0.11669818181818181
0.14484545454545456
-0.0764290909090909
0.10067272727272727
0.03821454545454545
-0.0786890909090909
0.13272363636363635
-0.033694545454545456
-0.015819999999999997
0.15450181818181818
0.028558181818181816
-0.10498727272727272
0.10560363636363636
0.008218181818181819
-0.034310909090909086
0.16189818181818183
-0.005341818181818182
0.042529090909090905
0.13642181818181817
0.0447890909090909
0.01849090909090909
0.14443454545454545
0.016847272727272728
0.07190909090909091
0.15614545454545453
-0.11895818181818181
0.07252545454545453
0.06862181818181817
-0.08978363636363636
0.05362363636363636
0.02568181818181818
-0.07252545454545453
0.10704181818181817
0.08403090909090909
-0.02670909090909091
0.12060181818181817
-0.023216363636363632
-0.07725090909090909
0.07396363636363636
-0.04417272727272727
-0.15594
0.06738909090909091
-0.08772909090909091
-0.035749090909090904
0.18018363636363635
-0.13025818181818183
0.06677272727272728
0.1686781818181818
0.02239454545454545
0.029174545454545453
0.04725454545454546
0.024243636363636363
0.02609272727272727
0.040885454545454544
-0.11526
0.11341090909090909
0.16518545454545455
0.010067272727272725
0.1633363636363636
0.11608181818181817
-0.0113
0.1532690909090909
0.010889090909090909
-0.07375818181818182
0.16621272727272726
-0.10190545454545454
-0.016847272727272728
0.07149818181818181
-0.16354181818181818
0.001438181818181818
0.06595090909090909
-0.06101999999999999
-0.0069854545454545456
0.09389272727272728
-0.02691454545454545
0.13868181818181818
0.15470727272727272
-0.01992909090909091
0.14525636363636363
0.09348181818181817
-0.02116181818181818
0.11094545454545454
0.05362363636363636
-0.05814363636363636
0.1370381818181818
0.031845454545454545
0.0006163636363636364
0.10149454545454545
-0.015203636363636362
0.15347454545454545
0.1586109090909091
-0.07211454545454546
0.034927272727272723
0.13991454545454546
-0.1469
-0.05218545454545454
0.13827090909090908
-0.07601818181818182
-0.0565
0.15758363636363634
0.03616
-0.019312727272727273
0.10539818181818181
-0.08444181818181817
0.034927272727272723
-0.01171090909090909
-0.13313454545454545
0.05691090909090909
-0.0008218181818181817
-0.07437454545454546
-0.018696363636363636
0.12306727272727273
-0.01664181818181818
0.10868545454545453
0.22086363636363635
-0.031845454545454545
0.13785999999999998
0.12779272727272725
-0.040063636363636364
0.09307090909090908
-0.012121818181818182
-0.08320909090909091
0.09594727272727273
-0.08546909090909091
-0.06081454545454545
0.16744545454545454
-0.02527090909090909
0.01705272727272727
0.1569672727272727
-0.04129636363636364
0.027941818181818182
0.17402
-0.014998181818181817
0.06204727272727273
0.1171090909090909
-0.10334363636363636
0.05095272727272727
0.13395636363636362
-0.1495709090909091
0.054034545454545446
0.15080363636363636
-0.11279454545454545
0.07807272727272727
0.08588
-0.0226
0.15080363636363636
0.11793090909090909
-0.04294
0.09841272727272728
0.0447890909090909
-0.18388181818181817
0.06882727272727272
-0.008423636363636364
-0.10149454545454545
0.13868181818181818
0.044994545454545454
0.11772545454545454
0.17689636363636363
0.06492363636363636
0.1678563636363636
0.13785999999999998
-0.009656363636363637
-0.0012327272727272727
0.005547272727272727
-0.02239454545454545
-0.12306727272727273
0.018285454545454546
-0.0034927272727272728
-0.10704181818181817
0.13005272727272726
-0.021778181818181818
0.02444909090909091
0.05896545454545454
-0.005341818181818182
0.113
-0.042529090909090905
-0.03800909090909091
0.07026545454545453
-0.0020545454545454547
-0.06553999999999999
0.0727309090909091
0.05013090909090909
-0.043556363636363636
0.004314545454545455
0.056705454545454545
0.018285454545454546
0.08382545454545455
0.1374490909090909
0.044994545454545454
0.15388545454545455
0.004930909090909091
0.07992181818181819
0.13395636363636362
-0.09553636363636364
0.024243636363636363
0.06656727272727272
-0.05793818181818181
-0.07067636363636363
0.08033272727272728
-0.03472181818181818
0.08341454545454545
0.1653909090909091
0.006163636363636363
0.060609090909090904
0.042734545454545456
-0.031229090909090908
0.011094545454545454
0.06964909090909091
-0.14032545454545453
0.09430363636363637
0.007601818181818181
-0.07375818181818182
0.24818909090909091
0.07848363636363635
0.17977272727272728
0.11238363636363637
-0.03472181818181818
0.019518181818181816
0.05896545454545454
-0.0008218181818181817
-0.019723636363636363
0.03472181818181818
-0.18490909090909088
-0.013560000000000001
0.15922727272727272
-0.04232363636363636
0.10005636363636364
0.23832727272727272
-0.13005272727272726
0.11608181818181817
0.20093454545454545
-0.14936545454545455
0.15614545454545453
-0.014176363636363636
-0.059787272727272724
0.043350909090909086
-0.1292309090909091
-0.014381818181818181
0.10991818181818182
-0.019312727272727273
-0.1058090909090909
0.10457636363636363
-0.007601818181818181
0.032667272727272725
0.21757636363636362
-0.008834545454545454
-0.0113
0.20114
-0.008218181818181819
0.03451636363636364
0.09081090909090908
-0.16559636363636362
0.1088909090909091
0.002876363636363636
-0.09964545454545454
0.17628
0.0452
0.002876363636363636
0.18799090909090907
0.06553999999999999
-0.07519636363636363
0.14176363636363634
0.04047454545454546
0.008218181818181819
0.010683636363636364
-0.09718
0.10334363636363636
0.10663090909090908
-0.022805454545454542
0.10642545454545453
0.14073636363636363
-0.09841272727272728
0.09779636363636364
0.08937272727272727
-0.17340363636363634
0.050747272727272724
0.042734545454545456
-0.04602181818181818
0.07827818181818182
-0.003287272727272727
-0.019312727272727273
0.14607818181818183
0.009656363636363637
-0.09738545454545454
0.13025818181818183
0.0918381818181818
-0.06677272727272728
0.17977272727272728
0.0727309090909091
-0.06533454545454545
0.19415454545454544
0.002876363636363636
0.005136363636363636
0.07951090909090908
-0.11649272727272726
0.005958181818181818
0.03821454545454545
-0.10478181818181817
-0.05198
0.14258545454545454
0.03328363636363636
-0.013149090909090907
0.17997818181818181
-0.023832727272727273
-0.0041090909090909095
0.17340363636363634
-0.05793818181818181
-0.01992909090909091
0.02527090909090909
-0.07971636363636364
0.12203999999999998
0.030818181818181814
-0.05362363636363636
0.17854
0.05177454545454545
-0.024654545454545453
0.17319818181818183
0.038419999999999996
-0.09142727272727272
0.18490909090909088
0.05300727272727272
-0.11361636363636363
0.15388545454545455
0.05814363636363636
-0.05198
0.12738181818181818
-0.00226
-0.05218545454545454
0.07375818181818182
-0.11752
0.018285454545454546
0.06574545454545455
-0.049925454545454544
0.1721709090909091
0.15902181818181815
0.013765454545454546
0.10930181818181818
0.17360909090909088
-0.12306727272727273
0.047665454545454546
0.10601454545454544
-0.2097690909090909
0.038419999999999996
0.010889090909090909
-0.03903636363636363
0.15799454545454544
-0.027530909090909092
-0.013354545454545456
0.22805454545454545
-0.012943636363636362
-0.03800909090909091
0.16292545454545454
-0.06595090909090909
0.015203636363636362
0.08731818181818181
-0.05485636363636363
0.02527090909090909
0.10971272727272725
0.06923818181818181
-0.00452
0.12491636363636363
-0.005958181818181818
0.051569090909090905
0.12080727272727272
-0.16703454545454544
0.03307818181818182
0.009656363636363637
-0.027941818181818182
0.0990290909090909
-0.08444181818181817
-0.06512909090909091
0.0069854545454545456
-0.043350909090909086
-0.02527090909090909
0.0339
0.04417272727272727
0.07560727272727272
0.12697090909090908
0.12019090909090908
0.04129636363636364
0.12820363636363635
0.09019454545454544
-0.03780363636363636
0.07601818181818182
-0.055061818181818184
0.00452
0.05547272727272727
-0.047665454545454546
0.08814
0.012943636363636362
0.06143090909090909
0.12450545454545454
0.07683999999999999
0.07190909090909091
0.02670909090909091
-0.015409090909090907
-0.0226
0.05485636363636363
0.004725454545454545
0.0034927272727272728
0.1035490909090909
0.07478545454545454
0.010067272727272725
0.11197272727272727
0.02342181818181818
-0.045610909090909084
0.09327636363636364
-0.02486
0.00452
0.0805381818181818
0.0069854545454545456
0.039241818181818176
0.07458
-0.0727309090909091
-0.024243636363636363
0.16272
-0.07971636363636364
0.0067800000000000004
0.15902181818181815
-0.08115454545454545
0.046432727272727264
0.09060545454545453
-0.027530909090909092
0.12799818181818182
0.054240000000000003
-0.04376181818181818
0.15635090909090907
-0.012532727272727272
-0.10313818181818181
0.1321072727272727
-0.02362727272727273
-0.06841636363636364
0.12286181818181818
0.04150181818181818
-0.040885454545454544
0.17936181818181818
0.0678
-0.09533090909090909
0.1610763636363636
-0.09142727272727272
-0.12019090909090908
0.15450181818181818
-0.15059818181818183
-0.04109090909090909
0.16354181818181818
-0.04889818181818182
0.10396
0.14402363636363635
-0.02013454545454545
0.14053090909090907
0.13498363636363636
-0.008423636363636364
0.08423636363636364
0.036776363636363635
-0.10663090909090908
0.07334727272727272
0.1356
-0.00945090909090909
0.14073636363636363
0.13642181818181817
0.049925454545454544
0.1296418181818182
-0.011916363636363636
0.04314545454545454
0.09594727272727273
-0.058349090909090906
-0.00226
0.05732181818181818
-0.1284090909090909
-0.05280181818181818
0.10704181818181817
-0.08875636363636363
0.006574545454545454
0.04889818181818182
-0.08320909090909091
0.017874545454545452
0.05218545454545454
-0.02568181818181818
0.10642545454545453
0.11197272727272727
-0.0452
0.12594363636363634
0.07108727272727272
-0.046432727272727264
0.13395636363636362
0.04746
-0.05711636363636363
0.07704545454545454
-0.0339
-0.02013454545454545
0.15532363636363636
-0.005958181818181818
0.023216363636363632
0.13785999999999998
-0.034310909090909086
-0.05691090909090909
0.1292309090909091
0.0113
-0.09759090909090909
0.10704181818181817
-0.03143454545454545
-0.028352727272727273
0.12758727272727272
-0.003287272727272727
0.04869272727272727
0.024243636363636363
-0.07601818181818182
0.12060181818181817
0.08362
-0.19538727272727272
0.09738545454545454
0.1464890909090909
-0.13005272727272726
0.1555290909090909
0.16395272727272728
0.0034927272727272728
0.20833090909090907
0.07622363636363635
0.011916363636363636
0.24079272727272724
-0.027941818181818182
-0.018285454545454546
0.20566
-0.11423272727272726
-0.07704545454545454
0.15183090909090907
-0.09553636363636364
-0.06903272727272727
0.15162545454545454
-0.05526727272727273
-0.016436363636363638
0.16621272727272726
-0.0113
0.06615636363636364
0.21922
-0.05999272727272727
0.040063636363636364
0.13683272727272727
-0.16272
0.11402727272727273
-0.002876363636363636
-0.21346727272727273
0.10478181818181817
-0.040885454545454544
-0.007601818181818181
0.1483381818181818
0.006163636363636363
0.08505818181818181
0.15224181818181817
-0.0786890909090909
-0.02075090909090909
0.019107272727272726
-0.14484545454545456
0.020956363636363638
0.08423636363636364
-0.0749909090909091
0.04294
0.2255890909090909
0.05444545454545455
0.15717272727272727
0.11217818181818182
-0.0030818181818181817
0.18449818181818184
-0.038419999999999996
-0.11115090909090909
-0.018696363636363636
-0.05300727272727272
-0.07190909090909091
0.05855454545454545
-0.01171090909090909
-0.05876
0.15573454545454543
0.06040363636363636
0.021367272727272728
0.07848363636363635
0.08608545454545455
-0.002670909090909091
0.09122181818181817
0.036776363636363635
-0.004930909090909091
0.14012
0.0063690909090909084
0.08300363636363636
0.017463636363636362
-0.0063690909090909084
0.00862909090909091
0.07108727272727272
0.023832727272727273
0.010889090909090909
0.17545818181818182
-0.03410545454545454
0.12306727272727273
0.11772545454545454
0.01664181818181818
0.09656363636363637
0.030818181818181814
-0.01171090909090909
0.04951454545454545
-0.030407272727272724
-0.12676545454545454
0.19559272727272728
0.043556363636363636
-0.00904
0.08382545454545455
-0.005958181818181818
0.016847272727272728
-0.02670909090909091
-0.0010272727272727274
-0.04232363636363636
0.07006
-0.07396363636363636
-0.0006163636363636364
0.16908909090909088
-0.02527090909090909
0.1284090909090909
0.18593636363636362
-0.041912727272727275
-0.011505454545454544
0.08012727272727273
-0.07663454545454546
0.02403818181818182
-0.036776363636363635
-0.11546545454545454
0.036776363636363635
-0.01664181818181818
0.020956363636363638
0.15388545454545455
0.08423636363636364
0.02218909090909091
0.21264545454545453
-0.011505454545454544
-0.03944727272727273
0.11341090909090909
-0.029174545454545453
-0.0041090909090909095
-0.028147272727272726
-0.04663818181818182
-0.031229090909090908
0.10786363636363637
-0.0063690909090909084
-0.02301090909090909
0.11341090909090909
-0.07067636363636363
0.0764290909090909
0.12327272727272726
-0.05362363636363636
0.11772545454545454
0.12347818181818182
-0.055883636363636364
0.12758727272727272
0.03451636363636364
-0.04211818181818182
0.16066545454545456
-0.001438181818181818
0.025887272727272724
0.12717636363636362
0.028969090909090906
0.031023636363636364
0.11567090909090909
0.003287272727272727
-0.04232363636363636
0.09635818181818182
-0.0020545454545454547
0.0402690909090909
0.06656727272727272
-0.07067636363636363
0.05259636363636363
0.1600490909090909
-0.008218181818181819
0.05855454545454545
0.1528581818181818
-0.007396363636363636
0.0741690909090909
-0.06759454545454545
-0.09265999999999999
0.05013090909090909
-0.05814363636363636
0.025065454545454544
0.043350909090909086
-0.03020181818181818
0.019107272727272726
0.12409454545454546
0.07252545454545453
0.02691454545454545
0.07232
0.04807636363636364
0.00041090909090909085
0.09389272727272728
0.0339
-0.02444909090909091
0.1586109090909091
-0.05732181818181818
-0.005752727272727272
0.06122545454545455
-0.12779272727272725
0.07540181818181818
0.05095272727272727
-0.08238727272727273
-0.01849090909090909
0.06204727272727273
0.04437818181818182
0.09142727272727272
0.11669818181818181
-0.03883090909090909
0.054034545454545446
0.12347818181818182
-0.11135636363636363
0.045610909090909084
0.08300363636363636
-0.15635090909090907
0.14484545454545456
0.04458363636363636
-0.07519636363636363
0.17463636363636362
0.033694545454545456
0.008012727272727272
0.11793090909090909
-0.02403818181818182
-0.03636545454545455
0.1415581818181818
-0.0012327272727272727
-0.02218909090909091
0.07232
-0.017874545454545452
0.08731818181818181
0.12820363636363635
-0.007807272727272727
0.07334727272727272
0.054034545454545446
-0.15881636363636362
0.05958181818181818
0.1464890909090909
-0.16970545454545455
0.010272727272727272
0.1586109090909091
-0.08711272727272727
0.15203636363636364
0.1284090909090909
-0.019518181818181816
0.1791563636363636
-0.06841636363636364
-0.001438181818181818
0.07704545454545454
-0.09820727272727273
0.0447890909090909
0.14032545454545453
0.006574545454545454
-0.015819999999999997
0.19497636363636361
0.027120000000000002
0.008834545454545454
0.14669454545454544
-0.06615636363636364
-0.007396363636363636
0.10375454545454545
-0.03513272727272727
0.07047090909090908
0.06944363636363636
0.02444909090909091
0.1727872727272727
0.014587272727272727
0.05362363636363636
0.16621272727272726
0.08033272727272728
-0.01890181818181818
0.030407272727272724
-0.002670909090909091
-0.12902545454545453
0.09307090909090908
-0.041707272727272725
-0.1216290909090909
0.06738909090909091
-0.09142727272727272
-0.06410181818181818
0.09224909090909092
-0.04930909090909091
0.06821090909090909
0.19764727272727273
-0.005341818181818182
0.09307090909090908
0.07375818181818182
-0.017463636363636362
0.10560363636363636
0.062458181818181815
-0.07909999999999999
-0.02239454545454545
0.07745636363636363
-0.030407272727272724
0.06225272727272727
0.048487272727272726
-0.04869272727272727
0.08855090909090908
0.07170363636363636
-0.034310909090909086
0.045816363636363634
0.002670909090909091
-0.050747272727272724
0.10642545454545453
-0.04869272727272727
-0.0041090909090909095
0.13087454545454547
0.005136363636363636
0.11916363636363636
0.12039636363636362
-0.021367272727272728
0.03472181818181818
0.07478545454545454
-0.042734545454545456
0.005752727272727272
0.0786890909090909
-0.12388909090909091
-0.04684363636363636
0.16148727272727273
-0.025476363636363634
0.009245454545454545
0.11320545454545454
0.007190909090909091
0.1411472727272727
0.0967690909090909
0.00226
0.16600727272727273
0.06800545454545455
0.009656363636363637
0.12943636363636363
-0.011916363636363636
0.05876
0.15922727272727272
-0.04622727272727272
0.010272727272727272
0.15409090909090908
0.005341818181818182
-0.03410545454545454
0.15963818181818182
-0.013560000000000001
-0.011505454545454544
0.14587272727272727
-0.023832727272727273
0.05773272727272727
0.07909999999999999
-0.10601454545454544
0.01171090909090909
0.03636545454545455
-0.1865527272727273
0.08814
0.028558181818181816
-0.20114
0.22086363636363635
0.12799818181818182
-0.06327999999999999
0.15635090909090907
0.09656363636363637
0.01766909090909091
0.039241818181818176
-0.07006
-0.034927272727272723
0.05526727272727273
-0.015819999999999997
0.036776363636363635
0.10971272727272725
-0.043350909090909086
0.07190909090909091
0.29441636363636364
-0.01725818181818182
-0.017874545454545452
0.058349090909090906
-0.12512181818181817
0.08649636363636364
-0.06266363636363637
-0.16641818181818183
0.01705272727272727
-0.07067636363636363
-0.015203636363636362
0.1035490909090909
-0.026298181818181814
-0.05115818181818182
0.1758690909090909
0.09615272727272728
-0.08033272727272728
0.07725090909090909
0.1058090909090909
0.06327999999999999
0.14073636363636363
-0.041707272727272725
-0.02157272727272727
0.10231636363636364
-0.009245454545454545
0.08279818181818181
0.12409454545454546
0.008423636363636364
0.09389272727272728
0.19559272727272728
0.02938
-0.006574545454545454
0.17997818181818181
-0.001438181818181818
-0.062458181818181815
0.09820727272727273
-0.05095272727272727
-0.03205090909090909
0.06677272727272728
0.0113
0.04622727272727272
0.06574545454545455
-0.028147272727272726
0.13991454545454546
0.1723763636363636
-0.19970181818181817
0.03554363636363636
0.08238727272727273
-0.22908181818181816
0.0940981818181818
-0.014381818181818181
-0.06800545454545455
0.15347454545454545
0.06204727272727273
0.19025090909090905
0.15635090909090907
0.1076581818181818
0.14217454545454544
0.08403090909090909
-0.056705454545454545
-0.06985454545454545
0.05547272727272727
-0.18490909090909088
-0.1608709090909091
0.13580545454545453
-0.12039636363636362
-0.07190909090909091
0.19518181818181818
-0.027120000000000002
0.10519272727272726
0.09081090909090908
-0.0113
0.13169636363636364
-0.02444909090909091
-0.05198
0.13313454545454545
-0.02198363636363636
-0.17093818181818182
0.16354181818181818
-0.010478181818181819
-0.10437090909090908
0.1148490909090909
-0.030407272727272724
0.007807272727272727
0.14443454545454545
0.08772909090909091
0.07088181818181817
0.16949999999999998
-0.06738909090909091
0.046432727272727264
0.05958181818181818
-0.23524545454545454
0.06163636363636363
0.09861818181818181
-0.1058090909090909
0.11423272727272726
0.2465454545454545
0.004314545454545455
0.2147
0.24223090909090908
0.020545454545454544
0.11156181818181818
-0.06225272727272727
-0.05054181818181818
0.033694545454545456
-0.14710545454545454
-0.11217818181818182
0.13909272727272726
-0.10539818181818181
-0.03903636363636363
0.2654472727272727
0.02198363636363636
0.05218545454545454
0.12738181818181818
0.04232363636363636
-0.0538290909090909
0.03985818181818182
0.01705272727272727
0.008218181818181819
0.029585454545454543
-0.08115454545454545
0.09964545454545454
-0.015819999999999997
-0.05896545454545454
0.1370381818181818
0.0063690909090909084
-0.12368363636363637
0.15943272727272728
0.1296418181818182
-0.059787272727272724
0.15799454545454544
0.04437818181818182
0.014792727272727272
0.11669818181818181
-0.05465090909090909
-0.06225272727272727
0.06595090909090909
-0.09430363636363637
-0.05896545454545454
0.10231636363636364
-0.025887272727272724
0.09471454545454545
0.1803890909090909
0.013560000000000001
-0.05937636363636363
0.12080727272727272
-0.03698181818181818
-0.12984727272727273
0.08300363636363636
-0.12183454545454545
-0.020545454545454544
0.11793090909090909
0.010889090909090909
0.2149054545454545
0.15450181818181818
0.005547272727272727
0.19025090909090905
0.05033636363636364
-0.06307454545454545
0.09019454545454544
0.01766909090909091
-0.08382545454545455
-0.04109090909090909
-0.027530909090909092
-0.043350909090909086
0.1803890909090909
0.10663090909090908
0.028558181818181816
0.18634727272727272
0.011094545454545454
0.04930909090909091
0.0990290909090909
-0.04376181818181818
0.01705272727272727
0.09533090909090909
-0.11341090909090909
-0.05732181818181818
0.07971636363636364
-0.12019090909090908
0.034927272727272723
0.07560727272727272
-0.04828181818181818
0.028147272727272726
0.07807272727272727
0.12882
0.14320181818181818
0.06492363636363636
0.031639999999999995
0.12039636363636362
0.034927272727272723
-0.028352727272727273
0.055678181818181814
-0.007396363636363636
-0.05814363636363636
0.06307454545454545
0.030612727272727274
0.015203636363636362
0.08855090909090908
0.014176363636363636
0.12347818181818182
0.01890181818181818
-0.08649636363636364
0.08855090909090908
0.02568181818181818
-0.05341818181818182
-0.05218545454545454
-0.005752727272727272
0.01766909090909091
0.07108727272727272
0.13231272727272728
0.0741690909090909
0.010067272727272725
-0.051569090909090905
0.05218545454545454
0.07519636363636363
-0.12984727272727273
0.024243636363636363
0.17895090909090908
-0.0628690909090909
0.02157272727272727
0.14361272727272725
0.002876363636363636
0.08814
0.06862181818181817
-0.04396727272727272
-0.013149090909090907
0.02691454545454545
0.06369090909090909
0.11977999999999998
0.05547272727272727
-0.0764290909090909
0.08218181818181818
0.07889454545454545
-0.04294
0.05300727272727272
-0.013765454545454546
-0.019312727272727273
0.011094545454545454
0.0012327272727272727
0.010889090909090909
0.07704545454545454
0.19189454545454546
-0.01766909090909091
0.07006
0.05280181818181818
-0.09553636363636364
0.15491272727272726
0.005752727272727272
-0.014998181818181817
-0.006163636363636363
-0.07047090909090908
0.08177090909090909
0.02486
-0.024654545454545453
-0.0008218181818181817
0.08362
0.01766909090909091
0.02198363636363636
0.13190181818181818
-0.025476363636363634
0.10396
0.23298545454545452
-0.057527272727272726
0.038625454545454546
0.20812545454545453
-0.03554363636363636
0.010683636363636364
0.06677272727272728
-0.14505090909090906
0.011094545454545454
-0.001849090909090909
-0.19107272727272728
0.10046727272727272
0.05773272727272727
0.02486
0.23113636363636364
0.0452
0.04787090909090909
0.12861454545454545
0.00041090909090909085
0.002876363636363636
0.05814363636363636
-0.0918381818181818
-0.06841636363636364
0.1216290909090909
-0.02609272727272727
-0.04211818181818182
0.21100181818181818
0.03533818181818182
-0.02609272727272727
0.17093818181818182
-0.023216363636363632
0.05013090909090909
0.05691090909090909
-0.02609272727272727
0.113
-0.04376181818181818
0.02301090909090909
0.14340727272727272
-0.0030818181818181817
-0.032667272727272725
0.1261490909090909
0.06677272727272728
-0.014792727272727272
0.07560727272727272
-0.053212727272727266
-0.03328363636363636
0.06944363636363636
0.002876363636363636
-0.04294
-0.07827818181818182
-0.06101999999999999
0.015203636363636362
-0.05876
-0.05218545454545454
0.11320545454545454
0.08937272727272727
0.04109090909090909
0.13785999999999998
0.19025090909090905
-0.02157272727272727
0.07909999999999999
0.18141636363636363
-0.09800181818181818
-0.012532727272727272
0.0113
-0.06101999999999999
0.012532727272727272
-0.03944727272727273
-0.009656363636363637
0.13313454545454545
0.04232363636363636
0.054034545454545446
0.15717272727272727
-0.021778181818181818
-0.0020545454545454547
0.1257381818181818
0.0039036363636363635
-0.07252545454545453
0.11423272727272726
-0.0034927272727272728
0.028558181818181816
0.20627636363636362
-0.00020545454545454542
0.07375818181818182
0.06266363636363637
-0.08341454545454545
0.052390909090909085
0.1499818181818182
-0.12655999999999998
0.027120000000000002
0.14854363636363635
-0.22456181818181817
0.10950727272727273
0.11895818181818181
-0.10293272727272727
0.13683272727272727
0.06430727272727273
-0.054240000000000003
0.14073636363636363
0.08444181818181817
-0.015203636363636362
0.22189090909090908
-0.003698181818181818
-0.07458
0.19970181818181817
0.01705272727272727
-0.10190545454545454
0.16518545454545455
-0.05218545454545454
-0.17689636363636363
0.1766909090909091
-0.07232
-0.029174545454545453
0.1415581818181818
-0.04437818181818182
0.09492
0.06964909090909091
-0.11402727272727273
0.05773272727272727
0.08834545454545455
-0.1939490909090909
0.038625454545454546
0.06882727272727272
-0.18778545454545456
0.10313818181818181
0.16046
0.00226
0.13457272727272726
0.1374490909090909
0.008834545454545454
0.1216290909090909
0.01705272727272727
-0.059787272727272724
0.050747272727272724
-0.10457636363636363
0.0006163636363636364
0.17710181818181817
0.013765454545454546
0.06533454545454545
0.23524545454545454
0.04746
0.07396363636363636
0.10950727272727273
-0.014792727272727272
0.08382545454545455
0.0
-0.07663454545454546
-0.008423636363636364
-0.0006163636363636364
-0.021367272727272728
0.016847272727272728
-0.025887272727272724
-0.06225272727272727
0.08485272727272727
0.003698181818181818
-0.03410545454545454
0.17155454545454543
0.02486
-0.02013454545454545
0.1676509090909091
0.014587272727272727
0.07252545454545453
0.1397090909090909
0.0
0.02198363636363636
0.004725454545454545
0.01725818181818182
0.0805381818181818
0.04602181818181818
-0.02486
0.0749909090909091
0.03410545454545454
-0.07889454545454545
0.033694545454545456
0.06553999999999999
-0.12039636363636362
-0.06636181818181817
0.08238727272727273
-0.05691090909090909
0.02444909090909091
0.05608909090909091
0.06410181818181818
0.12635454545454544
-0.05444545454545455
0.003698181818181818
0.09759090909090909
0.010067272727272725
-0.023832727272727273
0.016025454545454544
-0.057527272727272726
-0.04930909090909091
0.12655999999999998
0.03616
0.03246181818181818
0.17176
0.042734545454545456
0.04930909090909091
0.21716545454545452
-0.02116181818181818
0.06903272727272727
0.07971636363636364
-0.09964545454545454
0.11464363636363636
-0.03410545454545454
-0.012532727272727272
0.07026545454545453
0.09389272727272728
-0.044994545454545454
0.03513272727272727
0.16498
-0.09307090909090908
0.19682545454545455
0.06697818181818181
-0.04910363636363636
0.1370381818181818
0.010272727272727272
0.06430727272727273
0.06677272727272728
-0.08259272727272728
0.028969090909090906
0.08115454545454545
-0.15367999999999998
0.029174545454545453
0.055061818181818184
0.014176363636363636
0.1058090909090909
0.09204363636363636
0.0339
0.06430727272727273
0.06718363636363636
-0.12101272727272726
0.08855090909090908
-0.08731818181818181
-0.09800181818181818
0.12676545454545454
-0.02116181818181818
0.004725454545454545
0.25784545454545454
0.15594
-0.054240000000000003
0.2950327272727273
-0.05732181818181818
-0.10046727272727272
0.05793818181818181
-0.1610763636363636
-0.059787272727272724
-0.10642545454545453
-0.09820727272727273
-0.11731454545454545
0.10498727272727272
0.04951454545454545
0.0741690909090909
0.13005272727272726
-0.00862909090909091
0.09656363636363637
0.06122545454545455
0.028763636363636363
0.016847272727272728
0.08218181818181818
-0.0113
0.08793454545454545
-0.02670909090909091
-0.0447890909090909
0.1686781818181818
0.008012727272727272
0.03451636363636364
0.012943636363636362
0.030407272727272724
0.009656363636363637
0.1551181818181818
0.09101636363636363
-0.055061818181818184
0.19312727272727273
0.016436363636363638
-0.033489090909090906
0.17052727272727272
-0.04129636363636364
-0.06369090909090909
0.1826490909090909
0.005341818181818182
0.04109090909090909
0.10683636363636365
0.0538290909090909
0.08814
-0.015819999999999997
-0.07601818181818182
-0.09450909090909092
0.14422909090909092
-0.11279454545454545
-0.12676545454545454
0.1528581818181818
-0.039241818181818176
0.16518545454545455
0.1916890909090909
0.06553999999999999
0.1524472727272727
0.04725454545454546
-0.015409090909090907
0.12532727272727273
-0.08136
-0.05444545454545455
0.09964545454545454
-0.19292181818181817
-0.05896545454545454
0.12902545454545453
0.03616
-0.005752727272727272
0.1881963636363636
0.06369090909090909
-0.10313818181818181
0.1329290909090909
0.02034
0.033489090909090906
0.09081090909090908
-0.22250727272727272
-0.042734545454545456
0.12738181818181818
-0.22045272727272727
0.02527090909090909
0.11115090909090909
-0.07807272727272727
0.08793454545454545
0.027941818181818182
0.0030818181818181817
0.13128545454545454
0.1464890909090909
0.012121818181818182
0.13005272727272726
0.04396727272727272
-0.07848363636363635
0.16806181818181817
-0.005958181818181818
-0.01890181818181818
0.1321072727272727
-0.05280181818181818
0.07026545454545453
0.15388545454545455
-0.029996363636363634
0.09101636363636363
0.02527090909090909
-0.06553999999999999
0.1088909090909091
-0.030818181818181814
-0.07519636363636363
0.04211818181818182
0.07293636363636363
0.04129636363636364
0.057527272727272726
0.1314909090909091
0.07848363636363635
0.16066545454545456
0.02218909090909091
-0.06944363636363636
0.08177090909090909
-0.1370381818181818
0.010683636363636364
0.07992181818181819
-0.1676509090909091
0.07745636363636363
0.11567090909090909
-0.0008218181818181817
0.045816363636363634
0.09163272727272727
0.12060181818181817
0.032667272727272725
0.017874545454545452
0.06697818181818181
0.08814
0.08485272727272727
-0.005958181818181818
0.10437090909090908
0.03616
-0.13334
0.10601454545454544
-0.02239454545454545
-0.09718
0.019518181818181816
-0.09635818181818182
-0.019723636363636363
0.03698181818181818
0.07601818181818182
0.10334363636363636
0.09820727272727273
0.08752363636363636
0.033489090909090906
0.02075090909090909
-0.005547272727272727
0.040063636363636364
0.12512181818181817
-0.039241818181818176
-0.0402690909090909
0.10827454545454546
-0.08937272727272727
0.11115090909090909
0.12080727272727272
-0.1499818181818182
0.09615272727272728
0.040063636363636364
-0.08403090909090909
0.06738909090909091
0.0727309090909091
0.0039036363636363635
0.13107999999999997
0.10252181818181817
-0.02157272727272727
0.1325181818181818
0.11074
-0.03800909090909091
0.03246181818181818
0.0034927272727272728
-0.13231272727272728
0.03883090909090909
-0.04068
-0.019518181818181816
0.14854363636363635
-0.07108727272727272
0.05095272727272727
0.16169272727272727
-0.03451636363636364
-0.0041090909090909095
0.13334
-0.06122545454545455
0.008218181818181819
0.11238363636363637
-0.08670181818181817
0.09594727272727273
0.15388545454545455
0.006163636363636363
0.10601454545454544
0.11135636363636363
-0.01171090909090909
0.17422545454545454
0.007396363636363636
-0.037598181818181815
0.13868181818181818
-0.13457272727272726
-0.005958181818181818
0.113
0.008218181818181819
0.011505454545454544
0.13909272727272726
0.08711272727272727
0.0020545454545454547
0.13190181818181818
0.04047454545454546
0.05362363636363636
0.045610909090909084
-0.04211818181818182
0.014176363636363636
0.003287272727272727
-0.08649636363636364
-0.003287272727272727
-0.07827818181818182
-0.12882
0.15306363636363635
0.06492363636363636
0.017463636363636362
0.14525636363636363
0.12532727272727273
0.09286545454545453
0.09204363636363636
0.005752727272727272
0.008834545454545454
0.11690363636363636
-0.04746
-0.019518181818181816
-0.001438181818181818
-0.08526363636363636
0.07293636363636363
0.08855090909090908
-0.057527272727272726
0.010683636363636364
0.12635454545454544
0.0
0.0113
0.0678
-0.10026181818181817
0.00041090909090909085
0.12861454545454545
-0.09656363636363637
0.05773272727272727
0.18347090909090907
-0.03657090909090909
0.10663090909090908
0.05013090909090909
-0.12532727272727273
0.07622363636363635
0.08156545454545455
-0.07766181818181818
0.005136363636363636
0.035954545454545454
-0.10375454545454545
0.05691090909090909
0.1012890909090909
-0.06615636363636364
0.09574181818181818
0.10046727272727272
0.0041090909090909095
0.19970181818181817
0.1076581818181818
0.001849090909090909
0.23257454545454545
0.03554363636363636
-0.04930909090909091
0.17032181818181816
0.014381818181818181
0.012532727272727272
0.12943636363636363
-0.08978363636363636
-0.059170909090909087
0.12183454545454545
-0.040063636363636364
-0.003287272727272727
0.13539454545454546
0.03965272727272728
0.028147272727272726
0.11341090909090909
0.00226
0.03636545454545455
0.06903272727272727
-0.09286545454545453
0.04047454545454546
-0.006574545454545454
-0.08423636363636364
0.10149454545454545
0.02486
0.005136363636363636
0.21038545454545451
0.07519636363636363
0.026298181818181814
0.18429272727272727
0.034927272727272723
0.029996363636363634
0.0063690909090909084
-0.08485272727272727
0.04602181818181818
0.013765454545454546
-0.06081454545454545
0.08588
0.08937272727272727
0.019723636363636363
0.16970545454545455
0.07786727272727272
-0.027120000000000002
0.05198
-0.011094545454545454
-0.11423272727272726
-0.07211454545454546
-0.031845454545454545
-0.07663454545454546
-0.01664181818181818
-0.062458181818181815
-0.005136363636363636
0.12286181818181818
0.0041090909090909095
0.018285454545454546
0.13395636363636362
0.03903636363636363
-0.004930909090909091
0.09861818181818181
0.05013090909090909
0.08197636363636364
0.09718
-0.027736363636363635
0.03965272727272728
0.0063690909090909084
-0.009245454545454545
0.1341618181818182
0.07601818181818182
-0.014587272727272727
0.17833454545454544
0.11772545454545454
-0.044994545454545454
0.13477818181818182
0.0339
-0.08423636363636364
0.0226
-0.0012327272727272727
-0.07211454545454546
0.015409090909090907
-0.015203636363636362
0.004314545454545455
0.17566363636363633
0.011916363636363636
0.031639999999999995
0.20874181818181817
-0.007807272727272727
0.03985818181818182
0.14279090909090908
-0.1766909090909091
0.010272727272727272
0.18901818181818184
-0.14977636363636362
0.02670909090909091
0.22805454545454545
0.00862909090909091
0.1360109090909091
0.1840872727272727
0.03246181818181818
0.14299636363636362
0.043556363636363636
-0.03513272727272727
0.06656727272727272
-0.06882727272727272
-0.14607818181818183
0.01171090909090909
-0.040885454545454544
-0.1103290909090909
0.20483818181818178
0.05465090909090909
-0.06471818181818181
0.22148
0.0113
0.02362727272727273
0.1555290909090909
-0.06738909090909091
0.01705272727272727
0.07930545454545455
-0.17052727272727272
-0.014587272727272727
0.023832727272727273
-0.21860363636363636
0.026298181818181814
0.06553999999999999
-0.08937272727272727
0.08588
0.15429636363636362
0.08896181818181817
0.14422909090909092
0.055678181818181814
-0.02239454545454545
0.08341454545454545
-0.032872727272727276
-0.08033272727272728
0.09327636363636364
-0.0113
-0.056705454545454545
0.20093454545454545
0.043350909090909086
0.08978363636363636
0.23483454545454546
0.0402690909090909
0.1524472727272727
0.002670909090909091
-0.027736363636363635
0.055678181818181814
-0.09964545454545454
-0.14381818181818182
0.01808
0.04376181818181818
-0.07047090909090908
0.16128181818181817
0.09635818181818182
0.001438181818181818
0.10560363636363636
0.14237999999999998
-0.011505454545454544
0.03616
0.09265999999999999
-0.07006
0.10704181818181817
0.004314545454545455
-0.018696363636363636
0.060609090909090904
0.03985818181818182
0.03205090909090909
0.007807272727272727
0.02670909090909091
0.029585454545454543
0.14381818181818182
0.04376181818181818
0.04746
0.08670181818181817
0.04725454545454546
0.03636545454545455
0.06821090909090909
-0.04294
-0.09204363636363636
0.07026545454545453
-0.07375818181818182
-0.025887272727272724
0.031845454545454545
0.046432727272727264
0.07848363636363635
0.11526
-0.011094545454545454
-0.05732181818181818
0.08279818181818181
-0.12203999999999998
0.007807272727272727
-0.05691090909090909
-0.11895818181818181
0.09348181818181817
0.01766909090909091
0.007396363636363636
0.23545090909090907
0.15943272727272728
0.02342181818181818
0.19703090909090906
-0.0030818181818181817
0.00226
0.0967690909090909
0.028763636363636363
-0.07930545454545455
-0.08526363636363636
-0.00452
0.02670909090909091
0.1791563636363636
0.001849090909090909
0.0805381818181818
0.14012
-0.027941818181818182
0.05095272727272727
0.05691090909090909
-0.08259272727272728
0.02239454545454545
0.08382545454545455
-0.17360909090909088
0.010683636363636364
0.058349090909090906
-0.02650363636363636
0.11793090909090909
0.044994545454545454
0.014176363636363636
0.1727872727272727
0.11505454545454545
0.10087818181818181
0.2142890909090909
-0.007190909090909091
0.04294
0.06821090909090909
-0.049925454545454544
0.042734545454545456
0.019107272727272726
-0.14751636363636364
0.0069854545454545456
0.16970545454545455
-0.10375454545454545
0.09861818181818181
0.17052727272727272
0.013970909090909091
0.09142727272727272
-0.03410545454545454
-0.013560000000000001
0.07108727272727272
-0.0063690909090909084
-0.10601454545454544
-0.032872727272727276
-0.03698181818181818
0.02444909090909091
0.22045272727272727
0.04417272727272727
-0.014998181818181817
0.15532363636363636
-0.003287272727272727
-0.03513272727272727
0.07006
-0.07108727272727272
0.048487272727272726
0.044994545454545454
-0.10868545454545453
0.07458
0.06410181818181818
0.041707272727272725
0.10827454545454546
0.028558181818181816
0.005547272727272727
0.010272727272727272
0.07519636363636363
-0.00020545454545454542
0.08300363636363636
0.09245454545454544
-0.13642181818181817
0.12142363636363637
0.05280181818181818
-0.10108363636363636
0.08074363636363636
0.037598181818181815
-0.035954545454545454
0.021367272727272728
0.061841818181818185
0.019312727272727273
0.19559272727272728
0.07909999999999999
0.001849090909090909
0.14320181818181818
-0.04314545454545454
-0.00041090909090909085
0.1411472727272727
-0.08074363636363636
-0.10642545454545453
0.11772545454545454
-0.06430727272727273
0.0452
0.1374490909090909
-0.03205090909090909
0.10950727272727273
0.06327999999999999
-0.07704545454545454
0.04787090909090909
0.17176
-0.10375454545454545
0.03513272727272727
0.08588
-0.06862181818181817
0.11197272727272727
0.017463636363636362
0.05198
0.12121818181818181
-0.07889454545454545
-0.08485272727272727
0.2097690909090909
-0.06369090909090909
-0.043556363636363636
0.20668727272727272
-0.1012890909090909
0.02527090909090909
0.14525636363636363
0.012943636363636362
0.030407272727272724
0.10930181818181818
-0.10806909090909089
0.014792727272727272
0.019723636363636363
-0.15183090909090907
0.19970181818181817
0.08300363636363636
0.005958181818181818
0.13827090909090908
0.12347818181818182
-0.009656363636363637
0.17052727272727272
0.08978363636363636
-0.09923454545454545
0.17689636363636363
-0.09368727272727272
0.051569090909090905
0.16395272727272728
-0.051569090909090905
0.04211818181818182
0.12902545454545453
0.02218909090909091
-0.045610909090909084
0.09450909090909092
-0.07334727272727272
0.04314545454545454
0.04109090909090909
-0.12532727272727273
0.06348545454545454
0.04458363636363636
-0.062458181818181815
0.0990290909090909
-0.0069854545454545456
-0.09923454545454545
0.15881636363636362
-0.07088181818181817
-0.04232363636363636
0.13231272727272728
0.041707272727272725
0.11135636363636363
0.1247109090909091
0.007601818181818181
-0.019312727272727273
0.15121454545454543
-0.043556363636363636
-0.1035490909090909
0.09307090909090908
-0.055883636363636364
-0.045610909090909084
0.1257381818181818
-0.07129272727272727
0.022805454545454542
0.16847272727272727
-0.05732181818181818
0.12203999999999998
0.06225272727272727
-0.08033272727272728
0.09841272727272728
0.03698181818181818
-0.0904
0.031639999999999995
0.12203999999999998
-0.04663818181818182
0.09697454545454545
0.12019090909090908
-0.05896545454545454
0.09594727272727273
0.04787090909090909
-0.034927272727272723
0.1088909090909091
-0.029174545454545453
-0.04602181818181818
0.17545818181818182
-0.029174545454545453
-0.010683636363636364
0.17792363636363634
-0.008423636363636364
-0.005958181818181818
0.1411472727272727
-0.008834545454545454
0.03883090909090909
0.24839454545454545
-0.014381818181818181
0.07889454545454545
0.15470727272727272
-0.028763636363636363
0.14361272727272725
0.07232
-0.033489090909090906
0.05136363636363636
-0.01808
-0.0990290909090909
0.02938
0.032667272727272725
-0.029996363636363634
0.032667272727272725
0.08670181818181817
-0.010067272727272725
0.01664181818181818
0.06307454545454545
-0.09738545454545454
0.16292545454545454
-0.08711272727272727
-0.14402363636363635
0.26010545454545453
-0.18860727272727273
0.09204363636363636
0.2880472727272727
-0.09286545454545453
0.11094545454545454
0.13827090909090908
0.029585454545454543
0.07149818181818181
0.031845454545454545
-0.09615272727272728
0.014998181818181817
0.02198363636363636
-0.11875272727272726
0.06985454545454545
0.1088909090909091
-0.045816363636363634
0.16662363636363633
0.17874545454545454
-0.022805454545454542
0.14237999999999998
0.05465090909090909
-0.027120000000000002
0.03513272727272727
-0.12142363636363637
-0.011094545454545454
0.04232363636363636
-0.11176727272727273
-0.01849090909090909
0.06040363636363636
-0.04396727272727272
0.022805454545454542
0.11875272727272726
0.02013454545454545
0.05814363636363636
0.14710545454545454
0.05629454545454545
0.14381818181818182
0.1012890909090909
-0.028147272727272726
0.1637472727272727
0.028969090909090906
-0.07293636363636363
0.07827818181818182
0.05937636363636363
0.031023636363636364
0.04129636363636364
0.07190909090909091
-0.008218181818181819
0.032667272727272725
0.09327636363636364
-0.08752363636363636
0.025065454545454544
0.01705272727272727
-0.10149454545454545
0.13847636363636362
0.015614545454545454
-0.06204727272727273
0.11752
0.07108727272727272
0.08937272727272727
0.07334727272727272
-0.06862181818181817
0.05115818181818182
0.0805381818181818
-0.14977636363636362
-0.046432727272727264
0.015819999999999997
-0.11464363636363636
0.04294
0.21120727272727272
0.015203636363636362
0.07190909090909091
0.24120363636363634
0.06574545454545455
0.11423272727272726
0.03410545454545454
0.02198363636363636
0.1411472727272727
-0.10704181818181817
-0.09800181818181818
0.08875636363636363
-0.06512909090909091
-0.05526727272727273
0.20216727272727272
0.0069854545454545456
-0.05937636363636363
0.13765454545454545
0.07478545454545454
0.014381818181818181
0.03965272727272728
-0.002670909090909091
0.03965272727272728
0.11977999999999998
-0.12429999999999998
0.09204363636363636
0.13190181818181818
-0.1314909090909091
0.15819999999999998
0.0447890909090909
-0.05958181818181818
0.10190545454545454
0.11957454545454545
0.015819999999999997
0.12121818181818181
0.09533090909090909
-0.06964909090909091
0.16888363636363635
-0.05958181818181818
-0.07951090909090908
0.10724727272727272
-0.07088181818181817
0.008834545454545454
0.12943636363636363
0.04663818181818182
0.06697818181818181
0.17854
0.005958181818181818
0.09122181818181817
0.11875272727272726
-0.113
0.02938
0.004725454545454545
-0.26174909090909093
-0.015203636363636362
0.05855454545454545
-0.17052727272727272
0.12080727272727272
0.09101636363636363
-0.0067800000000000004
0.19189454545454546
0.10046727272727272
-0.022805454545454542
0.0940981818181818
0.040063636363636364
-0.08156545454545455
0.10601454545454544
-0.04396727272727272
-0.06307454545454545
0.09101636363636363
-0.05999272727272727
-0.012738181818181817
0.10375454545454545
-0.040885454545454544
0.010889090909090909
0.18490909090909088
-0.04417272727272727
0.028147272727272726
0.19477090909090908
0.01992909090909091
0.05485636363636363
0.10724727272727272
-0.028352727272727273
0.11279454545454545
0.1012890909090909
-0.0918381818181818
0.07170363636363636
0.008834545454545454
0.03657090909090909
0.1325181818181818
-0.010683636363636364
-0.050747272727272724
0.061841818181818185
0.02239454545454545
-0.11772545454545454
0.10519272727272726
-0.028147272727272726
-0.11546545454545454
0.16641818181818183
0.03472181818181818
0.1017
0.2903072727272727
0.041912727272727275
0.13231272727272728
0.23278000000000001
-0.11279454545454545
0.07848363636363635
0.09327636363636364
-0.1374490909090909
0.003287272727272727
-0.07786727272727272
-0.10252181818181817
0.11505454545454545
0.10622
-0.055678181818181814
0.22127454545454545
0.1337509090909091
-0.08711272727272727
0.1495709090909091
0.027120000000000002
-0.11156181818181818
0.027941818181818182
-0.012943636363636362
-0.14073636363636363
0.04910363636363636
-0.08012727272727273
-0.03328363636363636
0.17011636363636362
-0.08546909090909091
0.09450909090909092
0.18634727272727272
-0.06348545454545454
0.11998545454545453
0.2301090909090909
-0.054034545454545446
0.1012890909090909
0.0904
-0.11998545454545453
0.09841272727272728
-0.0067800000000000004
-0.05280181818181818
0.10745272727272726
-0.04109090909090909
-0.07848363636363635
0.13724363636363635
-0.0016436363636363634
-0.02116181818181818
0.14320181818181818
-0.05793818181818181
-0.012738181818181817
0.12429999999999998
-0.019723636363636363
-0.04787090909090909
0.12039636363636362
-0.015203636363636362
0.05033636363636364
0.17176
-0.040063636363636364
0.1608709090909091
0.18223818181818183
-0.06266363636363637
0.035749090909090904
0.014998181818181817
-0.0565
0.08136
-0.011916363636363636
-0.04972
0.04725454545454546
0.04746
0.015819999999999997
0.1012890909090909
0.14381818181818182
0.02034
0.12121818181818181
0.06677272727272728
0.02075090909090909
0.0967690909090909
0.04972
0.056705454545454545
0.05013090909090909
-0.07540181818181818
-0.08074363636363636
0.06225272727272727
-0.07745636363636363
-0.04150181818181818
0.02157272727272727
-0.0565
0.09163272727272727
0.17196545454545456
0.03883090909090909
0.08115454545454545
0.20196181818181816
-0.002876363636363636
0.08814
0.05608909090909091
-0.1292309090909091
0.1257381818181818
0.03965272727272728
-0.17422545454545454
0.011916363636363636
0.0764290909090909
-0.014176363636363636
0.07992181818181819
0.06553999999999999
-0.05999272727272727
0.13128545454545454
0.1125890909090909
-0.06122545454545455
0.17299272727272727
-0.009656363636363637
-0.06225272727272727
0.20894727272727273
-0.04232363636363636
0.016025454545454544
0.12717636363636362
-0.0402690909090909
0.04376181818181818
0.056705454545454545
-0.10971272727272725
-0.030612727272727274
0.09142727272727272
-0.05629454545454545
0.028558181818181816
0.059787272727272724
-0.06101999999999999
0.13765454545454545
0.07252545454545453
-0.09265999999999999
0.10046727272727272
-0.033489090909090906
-0.08444181818181817
0.18963454545454544
0.04437818181818182
0.008834545454545454
0.18490909090909088
0.09389272727272728
0.015819999999999997
0.13642181818181817
0.06944363636363636
0.043350909090909086
0.05547272727272727
-0.060609090909090904
0.0538290909090909
-0.00020545454545454542
-0.05485636363636363
0.08814
0.11834181818181817
-0.052390909090909085
0.03246181818181818
0.1495709090909091
-0.010478181818181819
0.02301090909090909
0.06204727272727273
-0.027530909090909092
-0.056705454545454545
0.03657090909090909
-0.012943636363636362
0.011505454545454544
-0.06143090909090909
0.012327272727272727
0.11115090909090909
-0.07540181818181818
0.09019454545454544
0.13621636363636364
0.13128545454545454
0.050747272727272724
0.10231636363636364
0.09820727272727273
-0.030612727272727274
0.14895454545454545
0.0063690909090909084
-0.02527090909090909
0.001438181818181818
0.017874545454545452
0.02034
-0.04458363636363636
0.005958181818181818
0.04910363636363636
0.034310909090909086
-0.028147272727272726
0.14073636363636363
0.058349090909090906
0.013149090909090907
0.07478545454545454
0.06389636363636363
-0.01725818181818182
0.007807272727272727
0.10416545454545453
-0.03821454545454545
0.12820363636363635
-0.00945090909090909
-0.016436363636363638
0.11669818181818181
-0.09122181818181817
0.01171090909090909
0.04828181818181818
-0.1017
-0.0008218181818181817
0.08423636363636364
-0.14895454545454545
0.04068
0.15799454545454544
-0.024243636363636363
0.08136
0.15162545454545454
0.015409090909090907
0.05033636363636364
0.18963454545454544
-0.024654545454545453
0.11793090909090909
0.09163272727272727
-0.1374490909090909
0.15532363636363636
0.034927272727272723
-0.1058090909090909
0.15018727272727272
0.02198363636363636
-0.14176363636363634
0.09471454545454545
0.007601818181818181
-0.07355272727272727
0.10293272727272727
0.00862909090909091
0.01992909090909091
0.09923454545454545
0.025476363636363634
0.02034
0.14772181818181818
-0.052390909090909085
-0.05896545454545454
0.17997818181818181
-0.09759090909090909
-0.00020545454545454542
0.18203272727272726
-0.020956363636363638
0.08855090909090908
0.17463636363636362
0.08588
0.1569672727272727
0.06738909090909091
-0.010889090909090909
0.12368363636363637
-0.053212727272727266
-0.10005636363636364
0.08423636363636364
-0.028147272727272726
-0.003287272727272727
0.1314909090909091
0.05054181818181818
0.07396363636363636
0.15470727272727272
0.06204727272727273
0.0226
0.04869272727272727
-0.09574181818181818
-0.034927272727272723
0.05198
-0.12512181818181817
0.021367272727272728
0.011505454545454544
-0.1479272727272727
0.07992181818181819
0.028969090909090906
-0.039241818181818176
0.13436727272727272
0.02075090909090909
0.0063690909090909084
0.1148490909090909
-0.005547272727272727
0.05711636363636363
0.12758727272727272
-0.012738181818181817
0.06512909090909091
0.09861818181818181
-0.058349090909090906
0.014176363636363636
0.04232363636363636
0.0034927272727272728
0.09944
-0.032667272727272725
-0.03739272727272727
0.07992181818181819
0.04068
-0.006163636363636363
0.0010272727272727274
0.028969090909090906
-0.11053454545454545
0.059170909090909087
0.08197636363636364
-0.11526
0.11546545454545454
0.09492
-0.054240000000000003
0.1637472727272727
0.11115090909090909
-0.05444545454545455
0.11135636363636363
0.028147272727272726
-0.052390909090909085
0.034927272727272723
0.025065454545454544
0.015203636363636362
0.13498363636363636
0.13046363636363634
-0.005341818181818182
0.22209636363636362
0.05691090909090909
0.02239454545454545
0.2835272727272727
-0.11197272727272727
-0.12019090909090908
0.1370381818181818
0.00226
-0.07848363636363635
0.10293272727272727
0.08793454545454545
-0.002876363636363636
0.13395636363636362
-0.00945090909090909
0.039241818181818176
0.16210363636363637
-0.08505818181818181
0.10786363636363637
0.03739272727272727
-0.21100181818181818
0.19497636363636361
0.059170909090909087
-0.1366272727272727
0.010272727272727272
-0.05115818181818182
-0.08218181818181818
0.06512909090909091
0.10108363636363636
0.0039036363636363635
0.16251454545454544
0.05691090909090909
0.07129272727272727
0.17360909090909088
-0.07211454545454546
-0.025887272727272724
0.12902545454545453
-0.1415581818181818
-0.17196545454545456
0.05732181818181818
-0.06327999999999999
0.09389272727272728
0.15799454545454544
0.07848363636363635
0.14484545454545456
0.09615272727272728
0.06964909090909091
0.05136363636363636
-0.045610909090909084
-0.14053090909090907
0.00226
-0.06327999999999999
-0.1610763636363636
0.017463636363636362
0.08978363636363636
0.029996363636363634
0.16251454545454544
0.12203999999999998
0.02568181818181818
0.14916
-0.007190909090909091
0.08300363636363636
0.032872727272727276
-0.10642545454545453
0.09533090909090909
0.13334
-0.08526363636363636
0.010478181818181819
0.22908181818181816
-0.07293636363636363
0.04150181818181818
0.12203999999999998
-0.03225636363636363
-0.007396363636363636
0.10478181818181817
0.08156545454545455
0.010478181818181819
0.10724727272727272
0.010067272727272725
0.18244363636363634
-0.025887272727272724
-0.06369090909090909
0.17525272727272728
-0.08156545454545455
-0.07293636363636363
0.13169636363636364
0.06985454545454545
-0.13107999999999997
0.10704181818181817
0.03410545454545454
-0.07745636363636363
0.047665454545454546
-0.001849090909090909
0.04437818181818182
-0.013560000000000001
-0.10272727272727272
0.025065454545454544
0.25394181818181816
0.005136363636363636
0.11156181818181818
0.1984690909090909
-0.04150181818181818
0.08875636363636363
0.11505454545454545
-0.010067272727272725
-0.0741690909090909
0.007396363636363636
-0.09286545454545453
0.0008218181818181817
-0.0006163636363636364
0.036776363636363635
0.1600490909090909
0.02157272727272727
0.04047454545454546
0.05711636363636363
0.04109090909090909
-0.09574181818181818
0.11074
-0.02444909090909091
-0.1826490909090909
0.08341454545454545
-0.020956363636363638
0.08855090909090908
0.08012727272727273
-0.015614545454545454
0.16518545454545455
0.11916363636363636
-0.08711272727272727
0.10375454545454545
0.1224509090909091
-0.02239454545454545
0.16169272727272727
0.09718
-0.030612727272727274
0.04109090909090909
0.10724727272727272
0.0012327272727272727
0.055678181818181814
-0.00041090909090909085
-0.07211454545454546
0.11998545454545453
0.03451636363636364
0.04602181818181818
0.08896181818181817
-0.07601818181818182
0.030818181818181814
0.1370381818181818
-0.08033272727272728
0.03451636363636364
0.043556363636363636
-0.1284090909090909
0.10806909090909089
0.07088181818181817
0.03533818181818182
0.16662363636363633
0.10313818181818181
0.01808
0.0727309090909091
-0.010067272727272725
-0.08834545454545455
0.16744545454545454
-0.06882727272727272
-0.1415581818181818
0.10416545454545453
-0.08156545454545455
0.06697818181818181
0.21182363636363635
-0.012943636363636362
0.06636181818181817
0.10334363636363636
0.003698181818181818
0.14710545454545454
0.024654545454545453
-0.06738909090909091
0.14053090909090907
0.05280181818181818
-0.1713490909090909
0.02362727272727273
0.10663090909090908
-0.11649272727272726
0.028763636363636363
0.08649636363636364
-0.08752363636363636
0.04047454545454546
0.12717636363636362
-0.0012327272727272727
0.14607818181818183
0.07725090909090909
-0.06019818181818181
0.17854
0.005547272727272727
-0.06101999999999999
0.17319818181818183
0.00904
-0.10375454545454545
0.09224909090909092
0.00904
-0.050747272727272724
0.1713490909090909
0.05526727272727273
-0.03965272727272728
0.0967690909090909
-0.008218181818181819
-0.031845454545454545
0.15470727272727272
-0.04068
-0.045610909090909084
0.13354545454545455
-0.029996363636363634
0.07375818181818182
0.1499818181818182
-0.07190909090909091
0.06512909090909091
0.13231272727272728
-0.22620545454545452
0.05136363636363636
0.10498727272727272
-0.20072909090909088
0.13046363636363634
0.08218181818181818
-0.11772545454545454
0.09101636363636363
0.1479272727272727
-0.03698181818181818
0.07232
0.026298181818181814
-0.18326545454545454
0.08998909090909091
0.06862181818181817
-0.06081454545454545
0.1984690909090909
0.10272727272727272
0.06430727272727273
0.26380363636363635
0.013149090909090907
0.10827454545454546
0.1881963636363636
-0.09923454545454545
-0.04458363636363636
0.012532727272727272
-0.11752
-0.030407272727272724
0.1723763636363636
-0.014998181818181817
0.031229090909090908
0.12943636363636363
0.07375818181818182
0.17402
0.03246181818181818
-0.056705454545454545
0.06738909090909091
-0.04725454545454546
-0.05218545454545454
0.08875636363636363
-0.08629090909090908
0.06553999999999999
0.062458181818181815
-0.09923454545454545
0.09492
0.07704545454545454
0.04807636363636364
0.02938
0.0786890909090909
0.0226
-0.03410545454545454
0.09779636363636364
0.059170909090909087
0.04129636363636364
0.005136363636363636
-0.03944727272727273
0.05711636363636363
0.02650363636363636
-0.08259272727272728
0.1058090909090909
0.03328363636363636
-0.08444181818181817
0.13005272727272726
0.045610909090909084
-0.04376181818181818
0.06718363636363636
0.059170909090909087
-0.07026545454545453
-0.001438181818181818
0.0069854545454545456
-0.00452
0.04869272727272727
0.013765454545454546
0.08197636363636364
0.035749090909090904
-0.02444909090909091
0.030612727272727274
0.14813272727272728
0.004314545454545455
-0.10848000000000001
0.07971636363636364
-0.032872727272727276
-0.036776363636363635
0.08403090909090909
-0.0010272727272727274
0.1076581818181818
0.1261490909090909
0.029585454545454543
0.21798727272727272
0.12019090909090908
-0.012943636363636362
0.2206581818181818
0.014792727272727272
-0.10046727272727272
0.1125890909090909
0.0678
-0.010478181818181819
0.07560727272727272
0.057527272727272726
-0.03985818181818182
0.04889818181818182
0.01171090909090909
0.015203636363636362
0.07006
-0.03739272727272727
-0.01705272727272727
0.13642181818181817
0.009861818181818182
0.03616
0.16559636363636362
-0.07622363636363635
0.029996363636363634
0.08033272727272728
-0.08814
0.052390909090909085
0.0940981818181818
-0.0067800000000000004
0.09265999999999999
0.08074363636363636
0.07396363636363636
0.18737454545454543
-0.042529090909090905
-0.01808
0.06492363636363636
-0.1224509090909091
-0.07745636363636363
0.04540545454545454
-0.03965272727272728
-0.013765454545454546
0.18223818181818183
0.01992909090909091
0.11793090909090909
0.17566363636363633
0.0020545454545454547
0.11875272727272726
-0.020545454545454544
-0.10868545454545453
0.007190909090909091
-0.08998909090909091
-0.14854363636363635
0.04232363636363636
0.013560000000000001
-0.06800545454545455
0.08300363636363636
0.07848363636363635
-0.03205090909090909
0.10539818181818181
0.10211090909090909
-0.0452
0.13909272727272726
0.061841818181818185
0.031229090909090908
0.22209636363636362
-0.04294
-0.01705272727272727
0.1727872727272727
-0.04787090909090909
0.019107272727272726
0.13498363636363636
-0.03143454545454545
0.057527272727272726
0.12183454545454545
-0.02301090909090909
0.050747272727272724
0.10868545454545453
-0.018285454545454546
-0.00020545454545454542
0.07745636363636363
-0.15594
0.04376181818181818
0.17956727272727271
-0.1555290909090909
0.11793090909090909
0.12820363636363635
-0.04129636363636364
0.17771818181818183
0.06553999999999999
-0.06574545454545455
0.09861818181818181
-0.06553999999999999
-0.15532363636363636
0.0452
-0.1017
0.07190909090909091
0.20874181818181817
0.04068
0.06225272727272727
0.22435636363636363
0.1723763636363636
-0.04068
0.22497272727272724
-0.08793454545454545
-0.18984
0.08526363636363636
-0.25784545454545454
0.018285454545454546
0.053212727272727266
-0.12306727272727273
0.2116181818181818
0.14217454545454544
-0.023832727272727273
0.12717636363636362
0.07170363636363636
-0.07211454545454546
0.12347818181818182
-0.014587272727272727
-0.15943272727272728
0.08588
0.029585454545454543
-0.08156545454545455
0.1337509090909091
-0.00945090909090909
-0.10190545454545454
0.22004181818181817
-0.02116181818181818
0.06266363636363637
0.18388181818181817
0.012943636363636362
0.1803890909090909
0.0538290909090909
-0.03554363636363636
-0.014381818181818181
0.11341090909090909
0.009245454545454545
-0.03020181818181818
0.05937636363636363
-0.08012727272727273
0.20566
0.0990290909090909
0.01992909090909091
0.18860727272727273
0.011916363636363636
0.051569090909090905
0.04828181818181818
-0.028352727272727273
-0.1261490909090909
-0.05876
-0.06430727272727273
-0.06471818181818181
0.04211818181818182
-0.05896545454545454
0.17340363636363634
0.19641454545454545
0.029585454545454543
0.11628727272727273
0.11977999999999998
0.04068
0.0226
-0.017463636363636362
-0.051569090909090905
0.03307818181818182
-0.04047454545454546
-0.04150181818181818
0.012327272727272727
0.014381818181818181
0.02342181818181818
0.02075090909090909
0.03533818181818182
0.025887272727272724
0.08444181818181817
-0.0041090909090909095
0.07519636363636363
0.09265999999999999
-0.029585454545454543
0.11834181818181817
0.06225272727272727
-0.012532727272727272
-0.001438181818181818
-0.011505454545454544
-0.04540545454545454
-0.04663818181818182
0.09471454545454545
0.033694545454545456
-0.01171090909090909
0.13231272727272728
0.0113
-0.039241818181818176
0.041912727272727275
-0.06553999999999999
0.01664181818181818
0.041912727272727275
-0.056705454545454545
0.048487272727272726
0.1865527272727273
0.09574181818181818
0.14710545454545454
0.25476363636363636
0.08814
0.09635818181818182
0.08814
0.054034545454545446
0.007807272727272727
-0.08875636363636363
-0.08772909090909091
-0.07766181818181818
-0.09492
-0.0339
0.19127818181818182
0.06595090909090909
-0.016025454545454544
0.2138781818181818
0.05937636363636363
-0.005341818181818182
0.113
-0.0904
-0.009656363636363637
0.03246181818181818
-0.14237999999999998
0.050747272727272724
0.07334727272727272
-0.01992909090909091
0.09019454545454544
0.1415581818181818
-0.030818181818181814
0.09759090909090909
0.18347090909090907
-0.03657090909090909
0.12820363636363635
0.07129272727272727
-0.054034545454545446
0.12697090909090908
-0.008012727272727272
-0.07026545454545453
0.12861454545454545
-0.08320909090909091
-0.04068
0.06944363636363636
-0.05444545454545455
0.1555290909090909
0.030818181818181814
-0.033694545454545456
0.06266363636363637
0.04910363636363636
-0.06389636363636363
0.029585454545454543
0.1341618181818182
-0.2703781818181818
0.0
0.17463636363636362
-0.03903636363636363
0.12039636363636362
0.10457636363636363
0.02301090909090909
0.07971636363636364
0.005752727272727272
-0.07951090909090908
0.15532363636363636
0.019312727272727273
-0.08814
0.11402727272727273
0.009861818181818182
-0.007190909090909091
0.16908909090909088
0.08505818181818181
-0.04869272727272727
0.11176727272727273
0.03821454545454545
0.06656727272727272
0.08218181818181818
-0.0904
0.06307454545454545
0.06800545454545455
-0.08094909090909091
0.01890181818181818
0.1713490909090909
-0.08772909090909091
-0.10560363636363636
0.15717272727272727
-0.07170363636363636
-0.03883090909090909
0.17052727272727272
0.0008218181818181817
0.11587636363636362
0.06964909090909091
-0.004725454545454545
0.2783909090909091
0.03533818181818182
-0.07108727272727272
0.1148490909090909
-0.006163636363636363
-0.0895781818181818
0.06040363636363636
0.02157272727272727
-0.14587272727272727
0.04787090909090909
0.03944727272727273
0.002670909090909091
0.1284090909090909
-0.003287272727272727
0.06553999999999999
0.1766909090909091
-0.015409090909090907
0.04047454545454546
0.22209636363636362
-0.027325454545454545
0.07355272727272727
0.16949999999999998
-0.17011636363636362
0.09985090909090909
0.06471818181818181
-0.17607454545454546
0.04047454545454546
-0.04294
-0.1314909090909091
0.06266363636363637
0.04951454545454545
-0.05444545454545455
0.15470727272727272
0.046432727272727264
-0.008834545454545454
0.16888363636363635
-0.02218909090909091
-0.013560000000000001
0.15121454545454543
-0.06410181818181818
-0.06040363636363636
0.11094545454545454
-0.049925454545454544
0.1577890909090909
0.18018363636363635
-0.009656363636363637
0.15080363636363636
0.10806909090909089
-0.02013454545454545
0.04047454545454546
0.10827454545454546
-0.1586109090909091
0.013354545454545456
0.09430363636363637
-0.17895090909090908
0.16046
0.05136363636363636
0.034927272727272723
0.14237999999999998
-0.06512909090909091
0.09800181818181818
0.046432727272727264
-0.015819999999999997
0.004930909090909091
0.028558181818181816
-0.04889818181818182
-0.07930545454545455
0.06697818181818181
-0.04232363636363636
-0.04889818181818182
0.10457636363636363
-0.01725818181818182
-0.02239454545454545
0.21613818181818178
0.04294
0.11895818181818181
0.16703454545454544
-0.00020545454545454542
0.14422909090909092
-0.04129636363636364
-0.03636545454545455
0.10642545454545453
-0.021778181818181818
-0.11320545454545454
0.015409090909090907
0.03451636363636364
-0.04828181818181818
0.15922727272727272
0.08731818181818181
0.004930909090909091
0.12532727272727273
0.11752
0.02691454545454545
0.051569090909090905
0.015614545454545454
-0.010478181818181819
0.02198363636363636
-0.06677272727272728
0.06821090909090909
0.0990290909090909
-0.008218181818181819
0.02013454545454545
0.1586109090909091
-0.0402690909090909
0.016436363636363638
0.13785999999999998
-0.1469
0.042529090909090905
-0.023832727272727273
-0.01623090909090909
0.1360109090909091
0.03533818181818182
0.03698181818181818
0.07848363636363635
0.14176363636363634
0.03225636363636363
0.16744545454545454
0.05629454545454545
-0.07786727272727272
0.19230545454545456
-0.019518181818181816
-0.1247109090909091
0.15306363636363635
0.04910363636363636
-0.061841818181818185
0.00226
-0.10087818181818181
0.016025454545454544
0.015614545454545454
-0.12532727272727273
0.010889090909090909
0.10375454545454545
-0.014176363636363636
0.07047090909090908
0.21305636363636363
-0.06225272727272727
0.09594727272727273
0.1341618181818182
-0.1454618181818182
0.0452
0.02239454545454545
-0.032872727272727276
0.09307090909090908
0.0452
0.08690727272727272
0.20668727272727272
0.08444181818181817
0.08218181818181818
0.14628363636363637
-0.08814
-0.07067636363636363
0.0940981818181818
-0.14669454545454544
-0.07992181818181819
0.18223818181818183
-0.0010272727272727274
0.12080727272727272
0.20216727272727272
0.09224909090909092
0.15491272727272726
0.07992181818181819
0.04437818181818182
-0.03821454545454545
-0.031229090909090908
-0.07478545454545454
-0.008423636363636364
0.08649636363636364
-0.11526
0.05691090909090909
0.04622727272727272
-0.06143090909090909
0.10745272727272726
-0.0030818181818181817
0.025065454545454544
0.11115090909090909
0.08444181818181817
0.06903272727272727
-0.004725454545454545
0.10930181818181818
0.1957981818181818
0.059787272727272724
-0.02403818181818182
0.02342181818181818
0.04109090909090909
-0.029585454545454543
-0.041912727272727275
0.05095272727272727
-0.04889818181818182
-0.015614545454545454
0.08485272727272727
-0.0565
0.027530909090909092
0.027941818181818182
-0.05896545454545454
0.010889090909090909
-0.0447890909090909
-0.08629090909090908
0.10868545454545453
0.04068
-0.03554363636363636
0.16888363636363635
0.03205090909090909
-0.023832727272727273
0.18573090909090906
0.10334363636363636
-0.1495709090909091
0.009656363636363637
0.043350909090909086
-0.04314545454545454
0.11423272727272726
-0.08012727272727273
0.08608545454545455
0.22086363636363635
0.010272727272727272
0.11608181818181817
0.08382545454545455
0.07108727272727272
0.08793454545454545
0.06410181818181818
-0.05896545454545454
0.0016436363636363634
0.15121454545454543
-0.07663454545454546
0.08896181818181817
0.13107999999999997
-0.11135636363636363
0.11238363636363637
0.05773272727272727
-0.08711272727272727
0.09759090909090909
0.00945090909090909
0.032872727272727276
0.16806181818181817
-0.014792727272727272
0.06389636363636363
0.1836763636363636
-0.04787090909090909
-0.024243636363636363
0.14587272727272727
-0.06512909090909091
-0.05773272727272727
0.17340363636363634
0.03944727272727273
0.03800909090909091
0.16436363636363635
0.09081090909090908
0.12820363636363635
0.08793454545454545
-0.11443818181818181
0.07992181818181819
-0.028352727272727273
-0.2991418181818182
0.09759090909090909
0.02362727272727273
-0.09635818181818182
0.1826490909090909
0.07396363636363636
0.056705454545454545
0.14977636363636362
0.014792727272727272
0.012943636363636362
0.03780363636363636
-0.2432581818181818
-0.07355272727272727
0.055061818181818184
-0.20175636363636362
0.03246181818181818
0.16806181818181817
-0.014998181818181817
0.06019818181818181
0.20894727272727273
-0.0010272727272727274
0.027941818181818182
0.08259272727272728
-0.05485636363636363
0.10190545454545454
0.019723636363636363
-0.09923454545454545
0.1483381818181818
0.12820363636363635
-0.13785999999999998
0.12491636363636363
0.06697818181818181
-0.15059818181818183
0.17977272727272728
0.06636181818181817
-0.07170363636363636
0.14587272727272727
0.06903272727272727
0.03616
0.19086727272727272
0.022805454545454542
0.023216363636363632
0.11279454545454545
-0.03020181818181818
-0.034927272727272723
0.09553636363636364
0.03472181818181818
-0.05773272727272727
0.18799090909090907
-0.06225272727272727
-0.07190909090909091
0.20894727272727273
-0.13785999999999998
0.024243636363636363
0.16806181818181817
-0.20114
-0.005547272727272727
0.22456181818181817
0.0016436363636363634
0.17956727272727271
0.13683272727272727
0.06081454545454545
0.24223090909090908
-0.03205090909090909
0.056705454545454545
0.13991454545454546
-0.07458
-0.13806545454545455
-0.02444909090909091
-0.05115818181818182
-0.113
0.17258181818181817
0.04930909090909091
-0.06163636363636363
0.15203636363636364
0.005752727272727272
0.013149090909090907
0.11916363636363636
-0.18614181818181816
0.00041090909090909085
0.06615636363636364
-0.23195818181818179
0.08731818181818181
0.06410181818181818
-0.06471818181818181
0.17258181818181817
0.11156181818181818
-0.009656363636363637
0.09615272727272728
0.0741690909090909
0.013149090909090907
0.1479272727272727
0.04889818181818182
0.017463636363636362
0.14443454545454545
0.034927272727272723
0.01171090909090909
0.10950727272727273
-0.0470490909090909
-0.017874545454545452
0.09533090909090909
-0.11505454545454545
0.007190909090909091
0.06882727272727272
0.02218909090909091
0.12224545454545453
-0.02444909090909091
-0.015409090909090907
0.1247109090909091
0.07149818181818181
-0.07375818181818182
0.03698181818181818
0.07889454545454545
-0.06533454545454545
0.14094181818181817
0.09635818181818182
0.012738181818181817
0.19148363636363636
0.011505454545454544
0.02527090909090909
0.05876
-0.10313818181818181
0.058349090909090906
-0.03451636363636364
-0.08300363636363636
0.10745272727272726
0.02342181818181818
0.013149090909090907
0.05711636363636363
0.16415818181818181
0.07786727272727272
0.01171090909090909
0.13231272727272728
-0.02403818181818182
0.051569090909090905
0.03903636363636363
-0.07951090909090908
0.10211090909090909
0.03472181818181818
-0.06471818181818181
0.044994545454545454
-0.016025454545454544
-0.04068
0.07971636363636364
0.019107272727272726
-0.008834545454545454
0.08362
0.09204363636363636
0.03739272727272727
0.15183090909090907
0.041912727272727275
-0.0447890909090909
0.20812545454545453
-0.03410545454545454
-0.06348545454545454
0.08403090909090909
-0.08752363636363636
0.016847272727272728
0.06718363636363636
-0.03020181818181818
0.05444545454545455
0.05896545454545454
-0.02670909090909091
0.11731454545454545
0.04910363636363636
-0.056705454545454545
0.12450545454545454
0.1577890909090909
-0.04417272727272727
0.05876
0.15142
-0.08341454545454545
0.19086727272727272
0.054034545454545446
-0.1645690909090909
0.15080363636363636
-0.07745636363636363
-0.13580545454545453
0.01808
-0.0628690909090909
-0.013354545454545456
0.14443454545454545
-0.028352727272727273
-0.014998181818181817
0.17628
-0.017463636363636362
0.11094545454545454
0.1296418181818182
-0.15183090909090907
-0.041912727272727275
0.16477454545454545
-0.027120000000000002
0.0967690909090909
0.23278000000000001
-0.03657090909090909
0.15984363636363638
0.1483381818181818
-0.02691454545454545
0.09697454545454545
0.014792727272727272
-0.02938
0.019723636363636363
-0.17360909090909088
-0.034310909090909086
0.13334
-0.034310909090909086
0.09450909090909092
0.15819999999999998
0.030407272727272724
0.04109090909090909
0.17689636363636363
-0.011916363636363636
-0.014176363636363636
0.10416545454545453
-0.10334363636363636
0.08300363636363636
0.0470490909090909
-0.030612727272727274
0.07334727272727272
-0.0030818181818181817
0.0041090909090909095
0.07458
0.07519636363636363
-0.005958181818181818
0.13888727272727272
0.050747272727272724
0.0069854545454545456
0.17792363636363634
0.03698181818181818
-0.010067272727272725
0.10950727272727273
-0.050747272727272724
-0.08629090909090908
0.14751636363636364
-0.03944727272727273
-0.035954545454545454
0.09553636363636364
-0.03657090909090909
0.02650363636363636
0.14094181818181817
0.014381818181818181
-0.028352727272727273
0.1103290909090909
-0.08998909090909091
-0.08238727272727273
0.0339
-0.07314181818181818
0.03616
0.113
-0.07663454545454546
0.04294
0.16949999999999998
-0.11197272727272727
0.13477818181818182
0.10971272727272725
-0.16744545454545454
0.09718
0.05526727272727273
-0.08094909090909091
0.08320909090909091
0.05608909090909091
-0.010889090909090909
0.24161454545454544
0.03225636363636363
-0.018696363636363636
0.22928727272727273
-0.001849090909090909
0.022805454545454542
0.10231636363636364
-0.018696363636363636
-0.02527090909090909
0.09430363636363637
-0.0067800000000000004
0.010683636363636364
0.14422909090909092
-0.03246181818181818
0.011505454545454544
0.07211454545454546
-0.11094545454545454
0.030612727272727274
0.18531999999999998
-0.07663454545454546
0.12368363636363637
0.13642181818181817
-0.0741690909090909
0.18326545454545454
0.03410545454545454
-0.02157272727272727
0.09841272727272728
-0.07560727272727272
-0.01808
0.14464
-0.001438181818181818
0.06903272727272727
0.19703090909090906
0.06636181818181817
0.08485272727272727
0.09019454545454544
-0.0039036363636363635
-0.027736363636363635
0.09348181818181817
-0.12984727272727273
-0.10971272727272725
0.10806909090909089
-0.08896181818181817
0.14936545454545455
0.1723763636363636
-0.030407272727272724
0.17771818181818183
0.08588
-0.05218545454545454
0.11320545454545454
-0.05444545454545455
-0.14053090909090907
0.020545454545454544
-0.10190545454545454
-0.01664181818181818
0.036776363636363635
-0.04458363636363636
0.04232363636363636
0.06574545454545455
-0.012327272727272727
0.0749909090909091
0.11628727272727273
-0.06266363636363637
0.14361272727272725
0.16272
-0.05054181818181818
0.12101272727272726
0.11197272727272727
0.007396363636363636
0.07088181818181817
-0.06348545454545454
-0.04150181818181818
0.05526727272727273
-0.023832727272727273
0.0226
0.04869272727272727
0.07232
0.028147272727272726
0.13169636363636364
0.029585454545454543
-0.14402363636363635
0.13313454545454545
-0.033489090909090906
-0.08875636363636363
0.10046727272727272
-0.046432727272727264
0.08526363636363636
0.15265272727272727
0.03246181818181818
0.14217454545454544
0.08670181818181817
-0.016436363636363638
0.08937272727272727
0.015203636363636362
-0.1360109090909091
-0.03718727272727273
0.12450545454545454
-0.03513272727272727
0.018285454545454546
0.2592836363636364
0.0678
0.113
0.2681181818181818
0.004725454545454545
0.07766181818181818
0.06862181818181817
-0.14217454545454544
0.07889454545454545
-0.14525636363636363
-0.15409090909090908
0.09101636363636363
0.0030818181818181817
0.021367272727272728
0.06574545454545455
0.11382181818181818
-0.05999272727272727
0.11238363636363637
0.07540181818181818
-0.025887272727272724
0.11464363636363636
-0.10005636363636364
0.034927272727272723
0.05732181818181818
-0.12861454545454545
0.041912727272727275
0.15984363636363638
-0.11895818181818181
0.015614545454545454
0.12450545454545454
-0.05300727272727272
0.20422181818181817
0.16949999999999998
-0.008012727272727272
0.06656727272727272
0.09245454545454544
-0.07663454545454546
0.11731454545454545
-0.03739272727272727
-0.21634363636363635
0.16641818181818183
-0.04540545454545454
-0.0226
0.16436363636363635
0.16354181818181818
0.09265999999999999
0.13580545454545453
0.07971636363636364
-0.06081454545454545
0.09060545454545453
-0.07683999999999999
-0.10190545454545454
-0.06553999999999999
-0.006163636363636363
0.007190909090909091
0.10498727272727272
0.05013090909090909
0.10539818181818181
0.24202545454545452
-0.09327636363636364
0.20216727272727272
0.09142727272727272
-0.07909999999999999
0.12060181818181817
-0.04602181818181818
-0.08074363636363636
0.06882727272727272
0.07458
-0.11443818181818181
0.10663090909090908
0.08136
-0.023216363636363632
0.05341818181818182
0.032667272727272725
0.022805454545454542
0.06019818181818181
0.05608909090909091
0.029585454545454543
0.20566
-0.025476363636363634
0.002876363636363636
0.14710545454545454
-0.059787272727272724
-0.06266363636363637
0.02486
-0.12368363636363637
-0.07807272727272727
0.19764727272727273
-0.08567454545454545
0.013970909090909091
0.07971636363636364
-0.08998909090909091
0.08074363636363636
-0.03698181818181818
-0.05033636363636364
0.1103290909090909
-0.04437818181818182
-0.08300363636363636
0.24839454545454545
0.11464363636363636
0.08649636363636364
0.2703781818181818
0.09697454545454545
-0.015819999999999997
0.12121818181818181
0.06636181818181817
-0.15676181818181817
0.06204727272727273
-0.14340727272727272
-0.17854
0.11998545454545453
-0.07232
0.11443818181818181
0.24387454545454545
-0.04663818181818182
0.07026545454545453
0.18490909090909088
-0.08690727272727272
0.09615272727272728
0.10950727272727273
-0.1668290909090909
-0.002670909090909091
0.00041090909090909085
-0.07560727272727272
0.1292309090909091
0.1569672727272727
0.0226
0.10231636363636364
0.038625454545454546
0.14731090909090908
0.2093581818181818
-0.030407272727272724
0.056705454545454545
0.1088909090909091
0.00020545454545454542
0.04396727272727272
0.12039636363636362
-0.06266363636363637
0.03636545454545455
0.060609090909090904
-0.1374490909090909
0.06595090909090909
0.014381818181818181
-0.012532727272727272
0.1551181818181818
-0.006574545454545454
-0.10108363636363636
0.13313454545454545
0.04047454545454546
-0.06081454545454545
0.09327636363636364
-0.09923454545454545
-0.07581272727272727
0.08505818181818181
0.00226
0.1608709090909091
0.09492
-0.10930181818181818
0.1871690909090909
0.09245454545454544
-0.11998545454545453
0.043556363636363636
0.057527272727272726
-0.0067800000000000004
-0.08793454545454545
0.018285454545454546
0.03225636363636363
0.045816363636363634
0.12039636363636362
0.01890181818181818
0.12142363636363637
0.031023636363636364
-0.030612727272727274
0.2116181818181818
-0.02609272727272727
-0.14381818181818182
0.11608181818181817
-0.04232363636363636
-0.027736363636363635
0.11546545454545454
-0.03410545454545454
-0.03513272727272727
0.08074363636363636
0.08012727272727273
0.027325454545454545
0.10313818181818181
0.05814363636363636
0.06492363636363636
0.14237999999999998
-0.01623090909090909
0.04540545454545454
0.13909272727272726
-0.07355272727272727
0.07786727272727272
0.061841818181818185
-0.17525272727272728
0.04314545454545454
0.06348545454545454
-0.02568181818181818
0.010272727272727272
0.11423272727272726
0.02568181818181818
0.11526
0.14073636363636363
-0.057527272727272726
0.19086727272727272
-0.00904
-0.06266363636363637
0.1935381818181818
-0.02157272727272727
-0.010889090909090909
0.22394545454545453
-0.052390909090909085
-0.14073636363636363
0.14525636363636363
-0.06348545454545454
-0.11834181818181817
-0.01992909090909091
-0.033489090909090906
-0.038419999999999996
0.020545454545454544
0.013149090909090907
0.10252181818181817
0.1994963636363636
-0.03944727272727273
0.08793454545454545
0.1573781818181818
-0.028147272727272726
0.07375818181818182
0.09800181818181818
-0.08834545454545455
0.11526
0.09307090909090908
-0.039241818181818176
0.20689272727272728
0.048487272727272726
0.030612727272727274
0.10560363636363636
-0.05218545454545454
-0.06101999999999999
0.07293636363636363
-0.10416545454545453
-0.07108727272727272
0.15409090909090908
-0.06533454545454545
0.07786727272727272
0.14443454545454545
0.04232363636363636
0.09800181818181818
0.11916363636363636
0.003698181818181818
-0.008834545454545454
0.04807636363636364
-0.10046727272727272
0.017874545454545452
0.04232363636363636
-0.02342181818181818
0.004314545454545455
0.031229090909090908
-0.04129636363636364
0.10334363636363636
0.07992181818181819
-0.06636181818181817
0.16128181818181817
0.005752727272727272
0.03965272727272728
0.09286545454545453
0.024243636363636363
0.10991818181818182
0.05608909090909091
-0.05300727272727272
0.02034
0.10827454545454546
-0.10601454545454544
-0.03328363636363636
0.0470490909090909
0.04787090909090909
0.025887272727272724
0.10252181818181817
0.06636181818181817
-0.033489090909090906
0.16415818181818181
-0.024654545454545453
0.05896545454545454
0.09224909090909092
-0.08094909090909091
0.0538290909090909
0.06266363636363637
-0.06492363636363636
0.04109090909090909
0.11094545454545454
-0.07540181818181818
0.15922727272727272
0.02198363636363636
-0.06225272727272727
0.13190181818181818
-0.005547272727272727
0.014792727272727272
0.05218545454545454
0.020545454545454544
0.03821454545454545
0.17977272727272728
0.04746
0.0805381818181818
0.14443454545454545
-0.004314545454545455
0.07766181818181818
0.10293272727272727
-0.062458181818181815
-0.031229090909090908
0.15840545454545454
-0.13477818181818182
0.02075090909090909
0.1608709090909091
-0.20894727272727273
0.060609090909090904
0.08896181818181817
-0.15532363636363636
0.059170909090909087
0.027530909090909092
-0.09081090909090908
0.17340363636363634
0.040885454545454544
-0.04889818181818182
0.16148727272727273
0.021367272727272728
-0.007807272727272727
0.06964909090909091
-0.014381818181818181
-0.11587636363636362
0.08793454545454545
0.0678
-0.03739272727272727
0.19189454545454546
0.023832727272727273
0.07704545454545454
0.2147
-0.019107272727272726
0.02670909090909091
0.03328363636363636
-0.10375454545454545
-0.009245454545454545
0.0226
-0.07909999999999999
0.1125890909090909
0.17011636363636362
0.017874545454545452
0.14587272727272727
0.11649272727272726
0.012327272727272727
0.07683999999999999
0.027325454545454545
-0.03205090909090909
-0.05218545454545454
-0.07252545454545453
0.0034927272727272728
0.021778181818181818
-0.03328363636363636
0.09327636363636364
0.1370381818181818
0.00452
0.08156545454545455
0.12943636363636363
0.025065454545454544
0.09307090909090908
0.08855090909090908
0.005136363636363636
0.09163272727272727
0.09944
0.01992909090909091
0.07971636363636364
0.03451636363636364
-0.030407272727272724
0.10416545454545453
-0.02157272727272727
-0.07437454545454546
0.12203999999999998
-0.06574545454545455
-0.051569090909090905
0.10930181818181818
-0.05341818181818182
0.02691454545454545
0.05054181818181818
-0.014381818181818181
0.009245454545454545
0.043556363636363636
0.004725454545454545
0.002876363636363636
0.1610763636363636
-0.08855090909090908
-0.014176363636363636
0.18901818181818184
-0.07992181818181819
0.031639999999999995
0.008012727272727272
-0.17032181818181816
0.05608909090909091
0.012738181818181817
-0.12450545454545454
0.17176
0.17299272727272727
-0.026298181818181814
0.16415818181818181
0.15039272727272726
0.01849090909090909
0.18758
0.07622363636363635
-0.1193690909090909
0.0339
-0.06348545454545454
-0.10252181818181817
0.12265636363636362
-0.005958181818181818
-0.02670909090909091
0.18675818181818182
0.02527090909090909
0.014587272727272727
0.1171090909090909
-0.09594727272727273
0.010272727272727272
0.02034
-0.1397090909090909
0.09738545454545454
0.09081090909090908
-0.09574181818181818
0.15614545454545453
0.1744309090909091
-0.059787272727272724
0.18737454545454543
0.20894727272727273
-0.015203636363636362
0.11176727272727273
0.07827818181818182
0.10211090909090909
0.15470727272727272
-0.07663454545454546
-0.007807272727272727
0.13847636363636362
-0.11546545454545454
-0.14012
0.14525636363636363
-0.04746
-0.06101999999999999
0.13765454545454545
0.0024654545454545454
0.10457636363636363
0.11423272727272726
0.08711272727272727
0.16518545454545455
-0.054240000000000003
-0.05526727272727273
0.03739272727272727
